           1   1.0359320597493893     
           2   1.2900822751393455     
           3  0.76485143742904449     
           4  0.69916641491372966     
           5  0.57428909055725730     
           6  0.55707121454142083     
           7  0.64349078354973022     
           8  0.49090744328036556     
           9  0.47625573357690171     
          10  0.45754598093604615     
          11  0.50413584743388185     
          12  0.43659979019282880     
          13  0.44555138671882577     
          14  0.37539087169034774     
          15  0.41647792546098161     
          16  0.39691261348119827     
          17  0.42099261887155409     
          18  0.36623936072551044     
          19  0.35697702928919728     
          20  0.38205410496981768     
          21  0.35946149616722489     
          22  0.34755357589743952     
          23  0.33299524988846640     
          24  0.34321268746097483     
          25  0.33549370208472107     
          26  0.31234224299771685     
          27  0.30302048817732913     
          28  0.30376672058108162     
          29  0.30138743880211721     
          30  0.29022367505684765     
          31  0.29097912363519118     
          32  0.27967767629506124     
          33  0.26909019964899017     
          34  0.26312063030724353     
          35  0.24443150143827463     
          36  0.25271906909926733     
          37  0.24400175331603899     
          38  0.24581929433334332     
          39  0.23211930224296021     
          40  0.23253425768373678     
          41  0.22382900352384541     
          42  0.21486452642279893     
          43  0.21265933581864979     
          44  0.21146737033458402     
          45  0.20105154424631655     
          46  0.19352847348660432     
          47  0.18877303624869740     
          48  0.18701718315118979     
          49  0.18435123785959023     
          50  0.18447862320974373     
          51  0.16994162295592358     
          52  0.16323163663547383     
          53  0.16654503004073426     
          54  0.16835223492602058     
          55  0.15632796765687049     
          56  0.15616170935120241     
          57  0.14653649339982688     
          58  0.14686162455607563     
          59  0.14580548062614293     
          60  0.14319855198925510     
          61  0.13541026602712600     
          62  0.13292210638091678     
          63  0.12681090186844546     
          64  0.12882194411382489     
          65  0.12136024525504722     
          66  0.12044906026086419     
          67  0.11541036307102059     
          68  0.11341621476671855     
          69  0.11451518951513515     
          70  0.11589114350790296     
          71  0.10495774563834689     
          72  0.10643353470809423     
          73  0.10312252618274206     
          74  0.10108604319391795     
          75   9.7689826602385607E-002
          76   9.6845891632971970E-002
          77   9.1665490326460930E-002
          78   9.0124301343315366E-002
          79   8.7708026273541406E-002
          80   8.6667731606946893E-002
          81   8.2994001186485450E-002
          82   8.1472195575152714E-002
          83   8.1187419666139404E-002
          84   7.7276541153735306E-002
          85   7.6545974438778461E-002
          86   7.5545661088451538E-002
          87   7.2793029172334975E-002
          88   7.0189456086886454E-002
          89   6.7277588427895246E-002
          90   6.8216203693948416E-002
          91   6.6093822729425669E-002
          92   6.4171484375957683E-002
          93   6.2042489474011739E-002
          94   5.8582444461539387E-002
          95   5.7982755486369025E-002
          96   5.6916124196874203E-002
          97   5.6130784172719349E-002
          98   5.6080068639665283E-002
          99   5.1362330012278974E-002
         100   5.2666879197283807E-002
         101   5.0665981983465690E-002
         102   4.8739961498755764E-002
         103   4.8005977943036550E-002
         104   4.7538147587185692E-002
         105   4.5349125838364056E-002
         106   4.4166786533446328E-002
         107   4.4050857670298364E-002
         108   4.3468462096698600E-002
         109   4.2151714942064412E-002
         110   4.0006032918454594E-002
         111   3.8721503945676645E-002
         112   3.9163769544150483E-002
         113   3.7637652917551653E-002
         114   3.6455463001796050E-002
         115   3.6269138689355981E-002
         116   3.4988832225032893E-002
         117   3.4358690030326974E-002
         118   3.2905768579327574E-002
         119   3.1789689521755510E-002
         120   3.2042166901018104E-002
         121   3.1518828625702502E-002
         122   2.9441941254601575E-002
         123   2.9617663127620507E-002
         124   2.8671919794812491E-002
         125   2.7557754067044450E-002
         126   2.7720657645267675E-002
         127   2.6314039580753359E-002
         128   2.5150149695388053E-002
         129   2.5571492891635184E-002
         130   2.5353795728214345E-002
         131   2.3633234766376104E-002
         132   2.3739262570908620E-002
         133   2.3284675666240467E-002
         134   2.1830725270483516E-002
         135   2.1875707798451487E-002
         136   2.1171798145932726E-002
         137   2.0777945580365172E-002
         138   2.0478091471648734E-002
         139   1.9416202282947253E-002
         140   1.8925089641069485E-002
         141   1.9091131695036439E-002
         142   1.8313075526985027E-002
         143   1.7539608177703420E-002
         144   1.7486343841190972E-002
         145   1.6534356145503987E-002
         146   1.6377700978143776E-002
         147   1.6793527704005409E-002
         148   1.5746696767458202E-002
         149   1.5445716451661618E-002
         150   1.5197687859071963E-002
         151   1.4458150083049130E-002
         152   1.4041060741476818E-002
         153   1.3535132788369719E-002
         154   1.3229827278887364E-002
         155   1.3049013293749504E-002
         156   1.2844129660093000E-002
         157   1.2260531352761797E-002
         158   1.2171192245888574E-002
         159   1.1382978524800327E-002
         160   1.2037380408870674E-002
         161   1.1184972333127020E-002
         162   1.0768010376775786E-002
         163   1.0750099254792068E-002
         164   1.0240616554496861E-002
         165   1.0228757491178330E-002
         166   9.7650090330438487E-003
         167   9.7183499603709644E-003
         168   9.1621508909923502E-003
         169   9.3741733826500900E-003
         170   9.1776367470634591E-003
         171   8.6573573776899549E-003
         172   8.5852826226449630E-003
         173   7.9489093027426076E-003
         174   8.1365724199734119E-003
         175   7.6475837371513195E-003
         176   7.4182500485711102E-003
         177   7.7068753685332570E-003
         178   7.2427133513661892E-003
         179   7.3930283533127829E-003
         180   6.5462500640590116E-003
         181   6.5106150062077001E-003
         182   6.6327768337644264E-003
         183   6.2400368120384729E-003
         184   5.8895766645381577E-003
         185   5.8908142382299378E-003
         186   6.0063868710402216E-003
         187   5.6790878233836800E-003
         188   5.4033900951949623E-003
         189   5.5153455668792957E-003
         190   5.4970820767187047E-003
         191   5.1752813570752681E-003
         192   5.0961076695886752E-003
         193   4.7353012778838495E-003
         194   4.4801563034023049E-003
         195   4.7784801548980110E-003
         196   4.6107393127293823E-003
         197   4.2782413745223874E-003
         198   4.0515851245434423E-003
         199   4.0490610957926226E-003
         200   4.1508840315770913E-003
         201   3.7335474132179397E-003
         202   4.0094238074973605E-003
         203   3.5875958891107749E-003
         204   3.6877910758200674E-003
         205   3.5521608593231282E-003
         206   3.3743784766870144E-003
         207   3.3562874234999585E-003
         208   3.2728264956441407E-003
         209   3.1383744566774036E-003
         210   3.0420854714646012E-003
         211   3.0708262014576453E-003
         212   2.8402996995338203E-003
         213   2.9432717225295209E-003
         214   2.7503913990798508E-003
         215   2.6627641969247089E-003
         216   2.5771243212505492E-003
         217   2.5620904631037662E-003
         218   2.3919885885455498E-003
         219   2.3055500630234254E-003
         220   2.3654690552763562E-003
         221   2.2095928145750149E-003
         222   2.2200256838237871E-003
         223   2.1491659740705536E-003
         224   2.1648859498610540E-003
         225   2.0798065252980386E-003
         226   1.9561360381470348E-003
         227   1.8528471041528126E-003
         228   1.9065795086526743E-003
         229   1.8837762440871890E-003
         230   1.7748937593476564E-003
         231   1.6717686552422237E-003
         232   1.6085415143309910E-003
         233   1.6187959190266542E-003
         234   1.5512769610153505E-003
         235   1.4518991364879049E-003
         236   1.4812625663571239E-003
         237   1.4995613208519426E-003
         238   1.4283000893146002E-003
         239   1.3483775573514614E-003
         240   1.3744790424026557E-003
         241   1.3263712811571111E-003
         242   1.3030546951367271E-003
         243   1.1677002221891959E-003
         244   1.1315067752241089E-003
         245   1.0919191702322007E-003
         246   1.0987697411997100E-003
         247   1.0938401553790989E-003
         248   1.0309851319344201E-003
         249   1.0828536439735177E-003
         250   1.0182180373330700E-003
         251   1.0114544032207879E-003
         252   9.7602774049457036E-004
         253   8.7437841812383534E-004
         254   8.8818413816492674E-004
         255   9.4229666038408316E-004
         256   9.0343570730745573E-004
         257   7.6936299137008422E-004
         258   8.0740764329115266E-004
         259   7.8113460835559036E-004
         260   8.3273355590868182E-004
         261   7.5641044137431969E-004
         262   7.2872881686158032E-004
         263   7.2552886397890754E-004
         264   6.7676010025751138E-004
         265   7.1586559848049248E-004
         266   6.1292598866299279E-004
         267   6.3831929797270883E-004
         268   6.5233758994242153E-004
         269   6.3322910257852404E-004
         270   5.9824039380860518E-004
         271   5.9705378878168846E-004
         272   5.7875663481971669E-004
         273   5.0645726000936840E-004
         274   5.5758451826913851E-004
         275   4.7705709041149022E-004
         276   5.0377455393835853E-004
         277   4.4331006867955481E-004
         278   4.9541796153985181E-004
         279   4.3593895762687122E-004
         280   4.2482838520280437E-004
         281   3.8969138159728812E-004
         282   4.3779141881299214E-004
         283   4.0886385550602109E-004
         284   3.9528882952593155E-004
         285   3.9153437320810865E-004
         286   3.9744237133266288E-004
         287   3.8413567635283324E-004
         288   3.4424472880622404E-004
         289   3.6461709009812506E-004
         290   3.5357543512964533E-004
         291   3.1466408026200200E-004
         292   3.1062457266245691E-004
         293   2.9927702176048618E-004
         294   3.2385796471184913E-004
         295   2.8808762056277182E-004
         296   2.8250319085143711E-004
         297   2.6798161336928801E-004
         298   2.7947748415084277E-004
         299   2.9445628478144123E-004
         300   2.7057350153327360E-004
         301   2.3725163120342274E-004
         302   2.5300762358855950E-004
         303   2.4276575099964399E-004
         304   2.1974187812249499E-004
         305   1.9787088088149036E-004
         306   2.1011011283912775E-004
         307   2.0194262534463760E-004
         308   1.7644264045921037E-004
         309   1.8779767765506302E-004
         310   1.7667934495365620E-004
         311   1.8694460701057088E-004
         312   1.6459902232041789E-004
         313   1.6594382910138902E-004
         314   1.5366320635339675E-004
         315   1.5507810654610056E-004
         316   1.5173698874423598E-004
         317   1.4214250094253783E-004
         318   1.2160105148934118E-004
         319   1.3875133456535440E-004
         320   1.5180101963202709E-004
         321   1.3012249783871650E-004
         322   1.2317247221711738E-004
         323   1.2090357941788421E-004
         324   1.4428474318305424E-004
         325   1.0514797172245849E-004
         326   1.0299841622459618E-004
         327   1.1054432946298378E-004
         328   9.2906534468106391E-005
         329   8.7982530899322279E-005
         330   1.1000559267569437E-004
         331   9.6286744491981172E-005
         332   8.4954771232733709E-005
         333   9.0837597204848397E-005
         334   9.4572738611923673E-005
         335   8.6963733163948132E-005
         336   8.5034886769069022E-005
         337   7.6141319364854456E-005
         338   7.6399731037269007E-005
         339   6.9024350724911239E-005
         340   5.5600787727242413E-005
         341   6.7545383358396491E-005
         342   7.1234351553924456E-005
         343   5.6669959420377572E-005
         344   6.5045401735226680E-005
         345   6.9982009565838961E-005
         346   4.8393439986579311E-005
         347   4.2167249798866492E-005
         348   5.1778313912389516E-005
         349   5.0142092127958313E-005
         350   5.8976906902296437E-005
         351   4.8319227877309053E-005
         352   4.4181693341201966E-005
         353   4.1398677271459651E-005
         354   5.2527467808066834E-005
         355   4.9758304395733263E-005
         356   3.8825413930929228E-005
         357   4.0464988649334062E-005
         358   4.2717962032978167E-005
         359   4.9866901472894820E-005
         360   3.1847847124904317E-005
         361   3.0446373164440716E-005
         362   3.5740475815745820E-005
         363   3.0129133373244719E-005
         364   2.8161438323380186E-005
         365   3.0386009088362113E-005
         366   3.3772927502375807E-005
         367   2.1808436516997989E-005
         368   2.7559259221217752E-005
         369   2.6230262050982335E-005
         370   2.0880155595580958E-005
         371   2.2480753157488051E-005
         372   2.2363461376218012E-005
         373   2.2247847282289989E-005
         374   2.1563195346652340E-005
         375   1.8633786217239363E-005
         376   2.5823249368530745E-005
         377   2.8467554016406509E-005
         378   1.2784822320948338E-005
         379   1.4359546687787000E-005
         380   2.5272182710796035E-005
         381   9.3011605968127016E-006
         382   1.1966301928384619E-005
         383   1.4606242387246634E-005
         384   1.1308049054238398E-005
         385   1.5530563259698586E-005
         386   1.7040905126213850E-005
         387   1.4311565572047809E-005
         388   1.2128143131462364E-005
         389   5.2411207285920323E-006
         390   1.2001578760208694E-005
         391   7.7910012687424256E-006
         392   1.2909641006702590E-005
         393   8.7388674745946678E-006
         394   1.3291463584233144E-005
         395   7.1162034400573885E-006
         396   9.1055845879864035E-006
         397   1.0072937825605232E-005
         398   9.0286864405216821E-006
         399   1.0967444225391571E-005
         400   7.4392610310097594E-006
         401   8.3896546086743466E-006
         402   1.0316206682120302E-005
         403   7.3306060355133305E-006
         404   1.0697232381717936E-005
         405   5.8087453003011079E-006
         406   2.8933180737251887E-006
         407   5.2736419643665450E-006
         408   3.8166218885602807E-006
         409   2.8495161985220316E-006
         410   2.8322487323598136E-006
         411   2.3488922029402294E-006
         412   1.4028502224185615E-006
         413   5.5842492736427576E-006
         414   3.2420184351694499E-006
         415   2.3032357810538949E-006
         416   5.0481559351414784E-006
         417   3.6566296466462133E-006
         418   2.2696126726017877E-006
         419   1.8097722311733281E-006
         420   3.1511779514107307E-006
         421   4.0301752350123930E-006
         422   4.4630100011920694E-006
         423   1.7735490366249937E-006
         424   2.2075092285461944E-006
         425   3.9593637559368105E-006
         426   2.6232025287286736E-006
         427   4.3606480598858916E-007
         428   1.7326525538762987E-006
         429   8.6138816435763062E-007
         430   2.1457371150367927E-006
         431   8.5531147130379429E-007
         432   4.2451036597711098E-007
         433   1.6927998639348116E-006
         434   2.1059727586303508E-006
         435   5.0331717253285617E-006
         436   1.6693570079661064E-006
         437   8.3055570455986175E-007
         438   1.6560060251898796E-006
         439   2.4763228613855145E-006
         440   1.2297378082887376E-006
         441   0.0000000000000000E+000
         442   0.0000000000000000E+000
         443   8.1024286694002981E-007
         444   2.0136289274042567E-006
         445   4.0174665450122756E-007
         446   1.1993834147313512E-006
         447   0.0000000000000000E+000
         448   0.0000000000000000E+000
         449   1.5763580305850773E-006
         450   0.0000000000000000E+000
         451   1.5623041936799372E-006
         452   7.7563306865267894E-007
         453   1.1598079596536249E-006
         454   0.0000000000000000E+000
         455   1.1530740131640651E-006
         456   0.0000000000000000E+000
         457   1.5186531479341858E-006
         458   3.7798654923963826E-007
         459   0.0000000000000000E+000
         460   2.2486146485482037E-006
         461   3.7356506138145711E-007
         462   0.0000000000000000E+000
         463   0.0000000000000000E+000
         464   0.0000000000000000E+000
         465   0.0000000000000000E+000
         466   0.0000000000000000E+000
         467   0.0000000000000000E+000
         468   0.0000000000000000E+000
         469   0.0000000000000000E+000
         470   1.4385915558758217E-006
         471   0.0000000000000000E+000
         472   3.5619304816469503E-007
         473   0.0000000000000000E+000
         474   0.0000000000000000E+000
         475   0.0000000000000000E+000
         476   3.4978842352548310E-007
         477   0.0000000000000000E+000
         478   0.0000000000000000E+000
         479   0.0000000000000000E+000
         480   0.0000000000000000E+000
         481   0.0000000000000000E+000
         482   3.4174403448296930E-007
         483   0.0000000000000000E+000
         484   0.0000000000000000E+000
         485   0.0000000000000000E+000
         486   0.0000000000000000E+000
         487   0.0000000000000000E+000
         488   0.0000000000000000E+000
         489   0.0000000000000000E+000
         490   0.0000000000000000E+000
         491   0.0000000000000000E+000
         492   0.0000000000000000E+000
         493   0.0000000000000000E+000
         494   0.0000000000000000E+000
         495   0.0000000000000000E+000
         496   0.0000000000000000E+000
         497   0.0000000000000000E+000
         498   0.0000000000000000E+000
         499   0.0000000000000000E+000
         500   0.0000000000000000E+000
         501   0.0000000000000000E+000
         502   0.0000000000000000E+000
         503   0.0000000000000000E+000
         504   0.0000000000000000E+000
         505   0.0000000000000000E+000
         506   0.0000000000000000E+000
         507   0.0000000000000000E+000
         508   0.0000000000000000E+000
         509   0.0000000000000000E+000
         510   0.0000000000000000E+000
         511   0.0000000000000000E+000
         512   0.0000000000000000E+000
         513   0.0000000000000000E+000
         514   0.0000000000000000E+000
         515   0.0000000000000000E+000
         516   0.0000000000000000E+000
         517   0.0000000000000000E+000
         518   0.0000000000000000E+000
         519   0.0000000000000000E+000
         520   0.0000000000000000E+000
         521   0.0000000000000000E+000
         522   0.0000000000000000E+000
         523   0.0000000000000000E+000
         524   0.0000000000000000E+000
         525   0.0000000000000000E+000
         526   8.6197663831574575E-007
         527   2.8549271203423367E-007
         528   0.0000000000000000E+000
         529   0.0000000000000000E+000
         530   0.0000000000000000E+000
         531   0.0000000000000000E+000
         532   0.0000000000000000E+000
         533   2.7996328348902343E-007
         534   0.0000000000000000E+000
         535   1.3893408016100955E-006
         536   0.0000000000000000E+000
         537   0.0000000000000000E+000
         538   0.0000000000000000E+000
         539   2.7359587717420931E-007
         540   0.0000000000000000E+000
         541   0.0000000000000000E+000
         542   2.7056002885319771E-007
         543   0.0000000000000000E+000
         544   5.3631478399697271E-007
         545   0.0000000000000000E+000
         546   5.3274995459868675E-007
         547   0.0000000000000000E+000
         548   5.2918372850253216E-007
         549   2.6363521493245299E-007
         550   2.6250872038802219E-007
         551   2.6195960501235212E-007
         552   0.0000000000000000E+000
         553   0.0000000000000000E+000
         554   0.0000000000000000E+000
         555   0.0000000000000000E+000
         556   0.0000000000000000E+000
         557   2.5613641253061524E-007
         558   0.0000000000000000E+000
         559   2.5382988629183599E-007
         560   2.5334977085605712E-007
         561   5.0414462611421685E-007
         562   2.5151433681231112E-007
         563   2.5030526337008139E-007
         564   7.4800945472463062E-007
         565   0.0000000000000000E+000
         566   0.0000000000000000E+000
         567   0.0000000000000000E+000
         568   0.0000000000000000E+000
         569   0.0000000000000000E+000
         570   2.4442377720944573E-007
         571   0.0000000000000000E+000
         572   0.0000000000000000E+000
         573   0.0000000000000000E+000
         574   4.8217778703021135E-007
         575   4.8042051775311158E-007
         576   0.0000000000000000E+000
         577   7.1477557334070411E-007
         578   9.5218114320332132E-007
         579   0.0000000000000000E+000
         580   2.3635590708314320E-007
         581   2.3514699412582414E-007
         582   2.3478749657302318E-007
         583   2.3356842032705025E-007
         584   2.3327544284462271E-007
         585   2.3234763890617461E-007
         586   0.0000000000000000E+000
         587   2.3041073985034597E-007
         588   4.5977655481589903E-007
         589   2.2893890220730655E-007
         590   0.0000000000000000E+000
         591   2.2736017954379280E-007
         592   0.0000000000000000E+000
         593   2.2616600909540031E-007
         594   0.0000000000000000E+000
         595   0.0000000000000000E+000
         596   2.2390303159689644E-007
         597   0.0000000000000000E+000
         598   0.0000000000000000E+000
         599   0.0000000000000000E+000
         600   0.0000000000000000E+000
         601   4.4018555037923203E-007
         602   0.0000000000000000E+000
         603   0.0000000000000000E+000
         604   2.1762868256284096E-007
         605   0.0000000000000000E+000
         606   0.0000000000000000E+000
         607   2.1527289631929830E-007
         608   4.2944333957886285E-007
         609   0.0000000000000000E+000
         610   0.0000000000000000E+000
         611   2.1246900185396358E-007
         612   4.2399253920670587E-007
         613   2.1137127459685246E-007
         614   0.0000000000000000E+000
         615   0.0000000000000000E+000
         616   4.1892510896991328E-007
         617   0.0000000000000000E+000
         618   0.0000000000000000E+000
         619   0.0000000000000000E+000
         620   2.0699429880617820E-007
         621   2.0632283130081513E-007
         622   2.0565672800950714E-007
         623   0.0000000000000000E+000
         624   0.0000000000000000E+000
         625   2.0313988059161577E-007
         626   0.0000000000000000E+000
         627   4.0361339993564085E-007
         628   0.0000000000000000E+000
         629   0.0000000000000000E+000
         630   0.0000000000000000E+000
         631   0.0000000000000000E+000
         632   1.9870134998473414E-007
         633   1.9838228042807014E-007
         634   1.9753729308522875E-007
         635   0.0000000000000000E+000
         636   5.8931163356173200E-007
         637   0.0000000000000000E+000
         638   0.0000000000000000E+000
         639   0.0000000000000000E+000
         640   0.0000000000000000E+000
         641   3.8661054136561367E-007
         642   0.0000000000000000E+000
         643   0.0000000000000000E+000
         644   0.0000000000000000E+000
         645   0.0000000000000000E+000
         646   0.0000000000000000E+000
         647   0.0000000000000000E+000
         648   0.0000000000000000E+000
         649   0.0000000000000000E+000
         650   0.0000000000000000E+000
         651   0.0000000000000000E+000
         652   0.0000000000000000E+000
         653   1.8646973944557902E-007
         654   3.7184544893174841E-007
         655   0.0000000000000000E+000
         656   0.0000000000000000E+000
         657   0.0000000000000000E+000
         658   1.8350108367163871E-007
         659   0.0000000000000000E+000
         660   1.8230621823818155E-007
         661   0.0000000000000000E+000
         662   0.0000000000000000E+000
         663   0.0000000000000000E+000
         664   0.0000000000000000E+000
         665   0.0000000000000000E+000
         666   1.7902933527625763E-007
         667   1.7850172463468848E-007
         668   0.0000000000000000E+000
         669   0.0000000000000000E+000
         670   0.0000000000000000E+000
         671   0.0000000000000000E+000
         672   0.0000000000000000E+000
         673   0.0000000000000000E+000
         674   1.7491793358682260E-007
         675   3.4853623815036045E-007
         676   0.0000000000000000E+000
         677   0.0000000000000000E+000
         678   0.0000000000000000E+000
         679   0.0000000000000000E+000
         680   0.0000000000000000E+000
         681   0.0000000000000000E+000
         682   0.0000000000000000E+000
         683   0.0000000000000000E+000
         684   0.0000000000000000E+000
         685   0.0000000000000000E+000
         686   1.6883027508588716E-007
         687   0.0000000000000000E+000
         688   0.0000000000000000E+000
         689   0.0000000000000000E+000
         690   0.0000000000000000E+000
         691   0.0000000000000000E+000
         692   0.0000000000000000E+000
         693   0.0000000000000000E+000
         694   0.0000000000000000E+000
         695   0.0000000000000000E+000
         696   0.0000000000000000E+000
         697   0.0000000000000000E+000
         698   0.0000000000000000E+000
         699   0.0000000000000000E+000
         700   3.2443580270889392E-007
         701   0.0000000000000000E+000
         702   1.6126284760274209E-007
         703   0.0000000000000000E+000
         704   0.0000000000000000E+000
         705   0.0000000000000000E+000
         706   1.5936361638325216E-007
         707   0.0000000000000000E+000
         708   0.0000000000000000E+000
         709   0.0000000000000000E+000
         710   0.0000000000000000E+000
         711   1.5708357515828290E-007
         712   0.0000000000000000E+000
         713   0.0000000000000000E+000
         714   0.0000000000000000E+000
         715   0.0000000000000000E+000
         716   0.0000000000000000E+000
         717   0.0000000000000000E+000
         718   0.0000000000000000E+000
         719   0.0000000000000000E+000
         720   1.5345555870631953E-007
         721   0.0000000000000000E+000
         722   0.0000000000000000E+000
         723   0.0000000000000000E+000
         724   0.0000000000000000E+000
         725   0.0000000000000000E+000
         726   0.0000000000000000E+000
         727   0.0000000000000000E+000
         728   0.0000000000000000E+000
         729   0.0000000000000000E+000
         730   0.0000000000000000E+000
         731   0.0000000000000000E+000
         732   1.4828326583569945E-007
         733   0.0000000000000000E+000
         734   0.0000000000000000E+000
         735   0.0000000000000000E+000
         736   0.0000000000000000E+000
         737   1.4613382240163094E-007
         738   0.0000000000000000E+000
         739   0.0000000000000000E+000
         740   0.0000000000000000E+000
         741   0.0000000000000000E+000
         742   0.0000000000000000E+000
         743   0.0000000000000000E+000
         744   2.8690583251083947E-007
         745   0.0000000000000000E+000
         746   1.4290079235198322E-007
         747   0.0000000000000000E+000
         748   0.0000000000000000E+000
         749   0.0000000000000000E+000
         750   0.0000000000000000E+000
         751   0.0000000000000000E+000
         752   1.4051163119128867E-007
         753   1.4032848022426654E-007
         754   0.0000000000000000E+000
         755   0.0000000000000000E+000
         756   0.0000000000000000E+000
         757   2.7765123170628309E-007
         758   0.0000000000000000E+000
         759   0.0000000000000000E+000
         760   0.0000000000000000E+000
         761   0.0000000000000000E+000
         762   0.0000000000000000E+000
         763   0.0000000000000000E+000
         764   1.3619050546413126E-007
         765   0.0000000000000000E+000
         766   0.0000000000000000E+000
         767   0.0000000000000000E+000
         768   0.0000000000000000E+000
         769   0.0000000000000000E+000
         770   0.0000000000000000E+000
         771   0.0000000000000000E+000
         772   0.0000000000000000E+000
         773   0.0000000000000000E+000
         774   0.0000000000000000E+000
         775   0.0000000000000000E+000
         776   0.0000000000000000E+000
         777   0.0000000000000000E+000
         778   0.0000000000000000E+000
         779   1.3082373926367208E-007
         780   1.3056473235902025E-007
         781   0.0000000000000000E+000
         782   0.0000000000000000E+000
         783   0.0000000000000000E+000
         784   0.0000000000000000E+000
         785   0.0000000000000000E+000
         786   0.0000000000000000E+000
         787   0.0000000000000000E+000
         788   0.0000000000000000E+000
         789   0.0000000000000000E+000
         790   0.0000000000000000E+000
         791   0.0000000000000000E+000
         792   0.0000000000000000E+000
         793   0.0000000000000000E+000
         794   0.0000000000000000E+000
         795   0.0000000000000000E+000
         796   0.0000000000000000E+000
         797   0.0000000000000000E+000
         798   0.0000000000000000E+000
         799   0.0000000000000000E+000
         800   0.0000000000000000E+000
         801   0.0000000000000000E+000
         802   1.2346350239235892E-007
         803   0.0000000000000000E+000
         804   0.0000000000000000E+000
         805   0.0000000000000000E+000
         806   0.0000000000000000E+000
         807   0.0000000000000000E+000
         808   0.0000000000000000E+000
         809   0.0000000000000000E+000
         810   0.0000000000000000E+000
         811   0.0000000000000000E+000
         812   0.0000000000000000E+000
         813   0.0000000000000000E+000
         814   0.0000000000000000E+000
         815   0.0000000000000000E+000
         816   0.0000000000000000E+000
         817   0.0000000000000000E+000
         818   0.0000000000000000E+000
         819   0.0000000000000000E+000
         820   0.0000000000000000E+000
         821   0.0000000000000000E+000
         822   0.0000000000000000E+000
         823   0.0000000000000000E+000
         824   0.0000000000000000E+000
         825   0.0000000000000000E+000
         826   0.0000000000000000E+000
         827   0.0000000000000000E+000
         828   0.0000000000000000E+000
         829   1.1573378295492934E-007
         830   0.0000000000000000E+000
         831   0.0000000000000000E+000
         832   0.0000000000000000E+000
         833   0.0000000000000000E+000
         834   0.0000000000000000E+000
         835   0.0000000000000000E+000
         836   0.0000000000000000E+000
         837   0.0000000000000000E+000
         838   0.0000000000000000E+000
         839   0.0000000000000000E+000
         840   0.0000000000000000E+000
         841   1.1237231881282858E-007
         842   0.0000000000000000E+000
         843   0.0000000000000000E+000
         844   0.0000000000000000E+000
         845   0.0000000000000000E+000
         846   0.0000000000000000E+000
         847   0.0000000000000000E+000
         848   0.0000000000000000E+000
         849   0.0000000000000000E+000
         850   0.0000000000000000E+000
         851   0.0000000000000000E+000
         852   0.0000000000000000E+000
         853   0.0000000000000000E+000
         854   0.0000000000000000E+000
         855   0.0000000000000000E+000
         856   0.0000000000000000E+000
         857   0.0000000000000000E+000
         858   0.0000000000000000E+000
         859   0.0000000000000000E+000
         860   0.0000000000000000E+000
         861   0.0000000000000000E+000
         862   0.0000000000000000E+000
         863   0.0000000000000000E+000
         864   0.0000000000000000E+000
         865   0.0000000000000000E+000
         866   0.0000000000000000E+000
         867   0.0000000000000000E+000
         868   0.0000000000000000E+000
         869   0.0000000000000000E+000
         870   0.0000000000000000E+000
         871   0.0000000000000000E+000
         872   1.0464345758077085E-007
         873   0.0000000000000000E+000
         874   0.0000000000000000E+000
         875   0.0000000000000000E+000
         876   0.0000000000000000E+000
         877   0.0000000000000000E+000
         878   0.0000000000000000E+000
         879   0.0000000000000000E+000
         880   0.0000000000000000E+000
         881   0.0000000000000000E+000
         882   0.0000000000000000E+000
         883   0.0000000000000000E+000
         884   0.0000000000000000E+000
         885   0.0000000000000000E+000
         886   0.0000000000000000E+000
         887   0.0000000000000000E+000
         888   0.0000000000000000E+000
         889   0.0000000000000000E+000
         890   0.0000000000000000E+000
         891   0.0000000000000000E+000
         892   0.0000000000000000E+000
         893   0.0000000000000000E+000
         894   0.0000000000000000E+000
         895   0.0000000000000000E+000
         896   0.0000000000000000E+000
         897   0.0000000000000000E+000
         898   0.0000000000000000E+000
         899   0.0000000000000000E+000
         900   0.0000000000000000E+000
         901   0.0000000000000000E+000
         902   0.0000000000000000E+000
         903   0.0000000000000000E+000
         904   0.0000000000000000E+000
         905   0.0000000000000000E+000
         906   0.0000000000000000E+000
         907   0.0000000000000000E+000
         908   0.0000000000000000E+000
         909   0.0000000000000000E+000
         910   0.0000000000000000E+000
         911   0.0000000000000000E+000
         912   0.0000000000000000E+000
         913   0.0000000000000000E+000
         914   0.0000000000000000E+000
         915   0.0000000000000000E+000
         916   0.0000000000000000E+000
         917   0.0000000000000000E+000
         918   0.0000000000000000E+000
         919   0.0000000000000000E+000
         920   0.0000000000000000E+000
         921   0.0000000000000000E+000
         922   0.0000000000000000E+000
         923   0.0000000000000000E+000
         924   0.0000000000000000E+000
         925   0.0000000000000000E+000
         926   0.0000000000000000E+000
         927   0.0000000000000000E+000
         928   0.0000000000000000E+000
         929   0.0000000000000000E+000
         930   0.0000000000000000E+000
         931   0.0000000000000000E+000
         932   0.0000000000000000E+000
         933   0.0000000000000000E+000
         934   0.0000000000000000E+000
         935   0.0000000000000000E+000
         936   0.0000000000000000E+000
         937   0.0000000000000000E+000
         938   0.0000000000000000E+000
         939   0.0000000000000000E+000
         940   0.0000000000000000E+000
         941   0.0000000000000000E+000
         942   0.0000000000000000E+000
         943   0.0000000000000000E+000
         944   0.0000000000000000E+000
         945   0.0000000000000000E+000
         946   0.0000000000000000E+000
         947   0.0000000000000000E+000
         948   0.0000000000000000E+000
         949   0.0000000000000000E+000
         950   0.0000000000000000E+000
         951   0.0000000000000000E+000
         952   0.0000000000000000E+000
         953   0.0000000000000000E+000
         954   0.0000000000000000E+000
         955   0.0000000000000000E+000
         956   0.0000000000000000E+000
         957   0.0000000000000000E+000
         958   0.0000000000000000E+000
         959   0.0000000000000000E+000
         960   0.0000000000000000E+000
         961   0.0000000000000000E+000
         962   0.0000000000000000E+000
         963   0.0000000000000000E+000
         964   0.0000000000000000E+000
         965   0.0000000000000000E+000
         966   0.0000000000000000E+000
         967   0.0000000000000000E+000
         968   0.0000000000000000E+000
         969   0.0000000000000000E+000
         970   0.0000000000000000E+000
         971   0.0000000000000000E+000
         972   0.0000000000000000E+000
         973   0.0000000000000000E+000
         974   0.0000000000000000E+000
         975   0.0000000000000000E+000
         976   0.0000000000000000E+000
         977   0.0000000000000000E+000
         978   0.0000000000000000E+000
         979   0.0000000000000000E+000
         980   0.0000000000000000E+000
         981   0.0000000000000000E+000
         982   0.0000000000000000E+000
         983   0.0000000000000000E+000
         984   0.0000000000000000E+000
         985   0.0000000000000000E+000
         986   0.0000000000000000E+000
         987   0.0000000000000000E+000
         988   0.0000000000000000E+000
         989   0.0000000000000000E+000
         990   0.0000000000000000E+000
         991   0.0000000000000000E+000
         992   0.0000000000000000E+000
         993   0.0000000000000000E+000
         994   0.0000000000000000E+000
         995   0.0000000000000000E+000
         996   0.0000000000000000E+000
         997   0.0000000000000000E+000
         998   0.0000000000000000E+000
         999   0.0000000000000000E+000
        1000   0.0000000000000000E+000
