           1  0.63003583958939657     
           2  0.47220542481284095     
           3  0.55291817056052106     
           4  0.46986143712489592     
           5  0.38762550988560085     
           6  0.49220257428610625     
           7  0.44871729606896249     
           8  0.46087424637395480     
           9  0.44705463504538168     
          10  0.49020419439017382     
          11  0.42505595780642313     
          12  0.40402775686379483     
          13  0.39112615508808679     
          14  0.37039234050415959     
          15  0.36796377882343895     
          16  0.37873983175539938     
          17  0.38040017776856405     
          18  0.35475139702326275     
          19  0.32800202105299653     
          20  0.34881737411311692     
          21  0.34259682116062007     
          22  0.32730798954475288     
          23  0.32115108542387016     
          24  0.29424377443711419     
          25  0.30901945803645631     
          26  0.29286911372332503     
          27  0.27498421571255705     
          28  0.29272883487154094     
          29  0.27105932193198562     
          30  0.26214751908497530     
          31  0.24746632839311694     
          32  0.25251817528960713     
          33  0.24626856297481536     
          34  0.23623772045602084     
          35  0.23423072272054082     
          36  0.22699255035333954     
          37  0.22948519571153161     
          38  0.21728511801874600     
          39  0.20975772254811201     
          40  0.21062235592497836     
          41  0.20230005735232687     
          42  0.20342205338715105     
          43  0.19677695134481596     
          44  0.18868072454959264     
          45  0.18858772852524461     
          46  0.17879132908323572     
          47  0.18432957501092190     
          48  0.17300942240247688     
          49  0.16560295770252270     
          50  0.16486851716277687     
          51  0.15834973355911861     
          52  0.15262273881638197     
          53  0.15059661580389219     
          54  0.15020541334977075     
          55  0.14552583048591383     
          56  0.14073735139931484     
          57  0.13869879845770094     
          58  0.13690453706199565     
          59  0.13206330215681189     
          60  0.12661963600724077     
          61  0.12598965739959767     
          62  0.12098430285786646     
          63  0.11848235885340631     
          64  0.11758687363565447     
          65  0.11765592019386324     
          66  0.11353281765660264     
          67  0.10695318698258939     
          68  0.10427845481488429     
          69  0.10444459625492951     
          70  0.10136263236487485     
          71   9.7693263297401467E-002
          72   9.7816963138054325E-002
          73   9.2368397030353877E-002
          74   9.0479537553937062E-002
          75   8.9139123249091831E-002
          76   8.7624752893981833E-002
          77   8.4208084168597097E-002
          78   8.2663978520170572E-002
          79   8.1944767455407852E-002
          80   7.8676166033573455E-002
          81   7.5828004772568375E-002
          82   7.5870622737181703E-002
          83   7.4428453278728865E-002
          84   7.1241962011662718E-002
          85   6.8934062124221498E-002
          86   6.7562554751178505E-002
          87   6.6970135864940730E-002
          88   6.5676313160815028E-002
          89   6.2874287658581676E-002
          90   6.2019208682142613E-002
          91   6.1500375145120023E-002
          92   6.0627525875664716E-002
          93   5.8512343095778324E-002
          94   5.7749214325791338E-002
          95   5.5175999477798776E-002
          96   5.3195631193991712E-002
          97   5.3264478105766060E-002
          98   5.0615483069957383E-002
          99   4.9837394726599663E-002
         100   4.8748061280799053E-002
         101   4.5849102501105417E-002
         102   4.6821712566885693E-002
         103   4.7039995168731225E-002
         104   4.5367115792851249E-002
         105   4.4066331523208012E-002
         106   4.3182422590552813E-002
         107   4.0776467734869482E-002
         108   4.1592926004322336E-002
         109   3.9539566927488723E-002
         110   3.9779052934993793E-002
         111   3.6385653477688434E-002
         112   3.5790588665332253E-002
         113   3.5463725784267916E-002
         114   3.4026081240221488E-002
         115   3.3393006840913710E-002
         116   3.2732602431030731E-002
         117   3.3685111463814546E-002
         118   3.2174981150491527E-002
         119   3.1021871225273136E-002
         120   3.0532716361864543E-002
         121   2.9886533013072002E-002
         122   2.8921067800826001E-002
         123   2.8095364318656692E-002
         124   2.7988874677541267E-002
         125   2.7286636997332761E-002
         126   2.5993853087556956E-002
         127   2.5639263908692495E-002
         128   2.5406833551160954E-002
         129   2.4418953056504308E-002
         130   2.3944219363116453E-002
         131   2.3179311676763334E-002
         132   2.2903163872754033E-002
         133   2.2671153785399054E-002
         134   2.2011508624953029E-002
         135   2.1215349849048475E-002
         136   2.1097538652001570E-002
         137   1.9853283458679483E-002
         138   2.0086864376800156E-002
         139   1.9150126019057270E-002
         140   1.8854054149388459E-002
         141   1.8600083220586698E-002
         142   1.7904556885054119E-002
         143   1.7717795261694036E-002
         144   1.8004638246783992E-002
         145   1.6129878026040025E-002
         146   1.6483611237441149E-002
         147   1.6215238408181960E-002
         148   1.5421584276219352E-002
         149   1.5667797720724512E-002
         150   1.4372621317753262E-002
         151   1.4243165391032228E-002
         152   1.3859024664432349E-002
         153   1.3766212481697035E-002
         154   1.3506635435206964E-002
         155   1.3395735341567521E-002
         156   1.2868108098500466E-002
         157   1.2316494102687744E-002
         158   1.2821541786219812E-002
         159   1.1854442319709830E-002
         160   1.1796292152838976E-002
         161   1.1877745494105302E-002
         162   1.1139102196732999E-002
         163   1.0925190786826904E-002
         164   1.0307143304036296E-002
         165   1.0453403354886731E-002
         166   1.0327069098822602E-002
         167   1.0299139795302028E-002
         168   9.4568905961032040E-003
         169   9.4699886395105352E-003
         170   9.0722016100938212E-003
         171   8.9631401594801284E-003
         172   8.6893449131866703E-003
         173   8.5441429394721140E-003
         174   8.1544073960383174E-003
         175   8.0329785029319787E-003
         176   7.7814810419790919E-003
         177   7.9051700810121549E-003
         178   7.4531199355188198E-003
         179   6.9490060691770493E-003
         180   7.2696888938402759E-003
         181   6.9597347449746562E-003
         182   6.9415054648027195E-003
         183   6.4444908419643582E-003
         184   6.5342776182060469E-003
         185   6.4519350146419298E-003
         186   6.2694018903965186E-003
         187   6.1500671012051280E-003
         188   6.0111637954279708E-003
         189   5.8533331463071075E-003
         190   5.5391775105146602E-003
         191   5.7621138789872781E-003
         192   5.6010259167555820E-003
         193   5.3905197856340690E-003
         194   5.2230783919372465E-003
         195   5.0696886862744628E-003
         196   5.1112159590087037E-003
         197   4.6238772611291203E-003
         198   4.7804957057060423E-003
         199   4.6606804714558166E-003
         200   4.4222929078692160E-003
         201   4.2259109481715285E-003
         202   4.3063405920848114E-003
         203   4.0620080707388642E-003
         204   4.0683036386367057E-003
         205   4.1419767994873725E-003
         206   4.0516850303694684E-003
         207   3.8613690430246241E-003
         208   3.6627308813851622E-003
         209   3.5846925908491925E-003
         210   3.5740223331904289E-003
         211   3.5440526982720199E-003
         212   3.3057627605173516E-003
         213   3.2770496231370456E-003
         214   3.2552404790471287E-003
         215   3.2010216110347736E-003
         216   3.1223753604146744E-003
         217   2.8964457735236584E-003
         218   3.1306112187582595E-003
         219   2.7581599407496419E-003
         220   2.7873810301553220E-003
         221   2.7766410986502167E-003
         222   2.6665383527864979E-003
         223   2.5619766832955600E-003
         224   2.5092000635546941E-003
         225   2.4396861836797259E-003
         226   2.2350679432933114E-003
         227   2.4187878981530879E-003
         228   2.2449299167786518E-003
         229   2.2693105730674239E-003
         230   2.0762871068276669E-003
         231   2.1618804434954753E-003
         232   1.9889451074882936E-003
         233   1.9921590336060705E-003
         234   1.8015970188720088E-003
         235   1.8871795328277315E-003
         236   1.8650813320306393E-003
         237   1.9370433338712348E-003
         238   1.8818573555383295E-003
         239   1.7604659427353465E-003
         240   1.6481374835616075E-003
         241   1.5760740077216391E-003
         242   1.5455383221051932E-003
         243   1.6022984566255543E-003
         244   1.5346553569756457E-003
         245   1.4814692177333925E-003
         246   1.4799275854022710E-003
         247   1.4992432204434878E-003
         248   1.3685701215427166E-003
         249   1.5197555722710951E-003
         250   1.2938302631558972E-003
         251   1.3673364085315376E-003
         252   1.3590279211251981E-003
         253   1.2345730703247888E-003
         254   1.1831350181721050E-003
         255   1.2398291989091413E-003
         256   1.1417920569724985E-003
         257   1.1557286323249584E-003
         258   1.1717611541450660E-003
         259   1.1474458930816243E-003
         260   1.0848418091461520E-003
         261   1.1137388519182362E-003
         262   9.7599059284673940E-004
         263   1.0200585459869192E-003
         264   9.9763846192618905E-004
         265   9.1211342013263386E-004
         266   8.9199365309057196E-004
         267   9.3864175145030599E-004
         268   8.9978411339558962E-004
         269   8.5787017335983197E-004
         270   8.3310274487944551E-004
         271   8.4635172595985155E-004
         272   7.7688853353175555E-004
         273   8.2348463444216957E-004
         274   7.7192457762911392E-004
         275   7.3482443297141688E-004
         276   6.9944657448462247E-004
         277   7.5540822082159913E-004
         278   7.1309347261820600E-004
         279   6.9679166600792057E-004
         280   6.6033024726509771E-004
         281   6.9591196013911753E-004
         282   6.5511534143559709E-004
         283   6.4164482983909666E-004
         284   6.2733868107706743E-004
         285   6.5025264097572121E-004
         286   5.9913222910217858E-004
         287   5.4392440203734676E-004
         288   5.3453423508739446E-004
         289   5.6215114152328906E-004
         290   4.7335923581216869E-004
         291   5.5347778614399444E-004
         292   5.1529506884322803E-004
         293   4.7202009355256817E-004
         294   4.8439477975118753E-004
         295   4.8296441422789808E-004
         296   4.2181809148663534E-004
         297   4.9356204361926772E-004
         298   4.0549905971419358E-004
         299   4.5954290506172328E-004
         300   4.3800014448414998E-004
         301   3.9393431938656388E-004
         302   3.7221531920931779E-004
         303   4.4314182146091094E-004
         304   3.8874121445658705E-004
         305   3.7093968872603273E-004
         306   3.4728126882364825E-004
         307   3.3662397541654157E-004
         308   3.3619311545288985E-004
         309   3.3481785701955195E-004
         310   2.9961966622089919E-004
         311   3.0837607604824281E-004
         312   2.9419971104377148E-004
         313   2.8501339442287249E-004
         314   3.1617764432209601E-004
         315   2.7902973343853465E-004
         316   3.0027473689779642E-004
         317   2.8729022148867830E-004
         318   3.0283108290781271E-004
         319   2.6117302182632868E-004
         320   2.8047780302611306E-004
         321   2.3941521080081993E-004
         322   2.4867345757973385E-004
         323   2.2661025906557384E-004
         324   2.2593386527271420E-004
         325   2.2980881856077555E-004
         326   2.0975154350851201E-004
         327   2.1742090207280688E-004
         328   2.1160625052180448E-004
         329   2.1334143226072085E-004
         330   2.3168771719599634E-004
         331   1.8469150277991710E-004
         332   2.1015490619451981E-004
         333   1.9602304897965028E-004
         334   2.0916059950092038E-004
         335   1.9088121859310572E-004
         336   1.8624515274742243E-004
         337   1.6768486869247318E-004
         338   1.8403863943452860E-004
         339   1.5330395142134910E-004
         340   1.5857852516767043E-004
         341   1.7538421239456269E-004
         342   1.6144583210959853E-004
         343   1.3423026755749319E-004
         344   1.4078954938649154E-004
         345   1.4266206656502318E-004
         346   1.4247940038912272E-004
         347   1.5153882078504160E-004
         348   1.4743979185027087E-004
         349   9.5780664951063675E-005
         350   1.2568591815241429E-004
         351   1.2882400342877491E-004
         352   1.1525139854659331E-004
         353   1.2671105545372131E-004
         354   1.1207334148392581E-004
         355   1.2654357047859748E-004
         356   1.0269364004155352E-004
         357   9.4029280605537752E-005
         358   1.1270415247241078E-004
         359   1.1267845306754322E-004
         360   1.0961071126003256E-004
         361   1.0593118830125301E-004
         362   9.2681237400707805E-005
         363   9.6969643663802988E-005
         364   8.5052526646598887E-005
         365   9.4725490089421355E-005
         366   9.1241165802269418E-005
         367   9.5467918284884208E-005
         368   8.2642432885277143E-005
         369   8.6829437191406929E-005
         370   8.0023120860605760E-005
         371   6.5155865009394891E-005
         372   7.1097714642730952E-005
         373   7.4175688828915755E-005
         374   7.5443475321988748E-005
         375   8.8025997489021474E-005
         376   7.2427196172574864E-005
         377   8.9911819260163575E-005
         378   6.3325325980550409E-005
         379   5.8015234425514637E-005
         380   6.1011896398059678E-005
         381   5.3575451672445493E-005
         382   5.9282715114262605E-005
         383   6.5480931010565872E-005
         384   6.2446699156807229E-005
         385   4.6587287936202245E-005
         386   4.8469322135292812E-005
         387   5.5639424954497068E-005
         388   3.9019901117758550E-005
         389   4.6688828507719046E-005
         390   5.4261012709759800E-005
         391   5.1921807664673300E-005
         392   4.3915528238752899E-005
         393   4.5745541880776392E-005
         394   4.8058939244446615E-005
         395   4.5798184103303279E-005
         396   4.5060738823652640E-005
         397   4.2296862961226915E-005
         398   3.4572070087589914E-005
         399   3.6907064059411161E-005
         400   4.1177374549047528E-005
         401   3.7025933636413662E-005
         402   2.9964059558317591E-005
         403   3.1778687178182995E-005
         404   3.4051610576375297E-005
         405   3.0972002833283718E-005
         406   3.7553341496729039E-005
         407   2.2534930643200590E-005
         408   2.6705990984962590E-005
         409   3.1803774842340037E-005
         410   2.5972303743281125E-005
         411   2.6791191586014907E-005
         412   2.4796386153412995E-005
         413   2.6517805348516726E-005
         414   2.4085997818905742E-005
         415   2.7658594035943989E-005
         416   2.5232353704528620E-005
         417   2.0538161283772459E-005
         418   2.7263540674208387E-005
         419   2.6677199207702795E-005
         420   1.5296287345325597E-005
         421   1.6579640474261041E-005
         422   2.7203334858423884E-005
         423   1.7296797697294092E-005
         424   1.5901109303493562E-005
         425   2.0657230125613449E-005
         426   2.1428746063910875E-005
         427   2.0897153294462824E-005
         428   2.0381445374713699E-005
         429   1.3807548914673196E-005
         430   2.3195020677160143E-005
         431   1.4964150853170006E-005
         432   1.4886851727273790E-005
         433   1.3973145568594698E-005
         434   1.7702242161027641E-005
         435   1.9302735399791331E-005
         436   1.5032619804830899E-005
         437   1.7466720075097776E-005
         438   1.7796844151575634E-005
         439   1.6886934105450644E-005
         440   1.2305584216755505E-005
         441   1.1836810663726055E-005
         442   1.0567120020920556E-005
         443   1.7798189331878393E-005
         444   1.0472030706326798E-005
         445   1.2826785730860335E-005
         446   1.3177010285993629E-005
         447   1.1523167215305106E-005
         448   1.0286599825030732E-005
         449   9.4565091216489792E-006
         450   1.1375185714995684E-005
         451   9.3702946709525151E-006
         452   8.9389657860316245E-006
         453   1.3924126257744266E-005
         454   4.6262603288358921E-006
         455   1.1512698298222529E-005
         456   8.0190014932831741E-006
         457   7.6028072107330020E-006
         458   7.1912709720851059E-006
         459   6.0313534954360356E-006
         460   7.8781534110866666E-006
         461   7.4685495128755913E-006
         462   9.2986646690760221E-006
         463   5.5526999510089537E-006
         464   5.9035802030684614E-006
         465   6.6110960732787507E-006
         466   6.9491218697600212E-006
         467   6.5606289123036242E-006
         468   6.5263249400055158E-006
         469   9.0289903039079562E-006
         470   7.5506796175894465E-006
         471   5.3723230263515726E-006
         472   4.9891727518817464E-006
         473   6.0377411328562626E-006
         474   5.6541735878775897E-006
         475   4.2234392909736789E-006
         476   6.3076703992416980E-006
         477   7.6765015394253307E-006
         478   5.2139750338189851E-006
         479   8.9972809002946141E-006
         480   3.4462222992002943E-006
         481   6.1778245054291829E-006
         482   3.7612586331419052E-006
         483   4.4259990133950530E-006
         484   5.0844500696249818E-006
         485   6.0765774213437045E-006
         486   9.0757308467624174E-006
         487   5.3553061695345532E-006
         488   3.9996961798426409E-006
         489   2.3238126014333755E-006
         490   6.2850849010393679E-006
         491   5.2707849039999135E-006
         492   3.6106000978695683E-006
         493   2.6150493981382614E-006
         494   2.6062433895619728E-006
         495   3.2417314770331710E-006
         496   4.5210295705887564E-006
         497   1.6079056426774017E-006
         498   3.2014572031103168E-006
         499   4.1438794995569120E-006
         500   2.8594645073130248E-006
         501   1.8987368983689277E-006
         502   1.5747543150882491E-006
         503   2.8267068655993074E-006
         504   2.8120294565596470E-006
         505   4.0453718470224458E-006
         506   2.1701543947343678E-006
         507   1.8542072421238680E-006
         508   6.1549814140778994E-007
         509   2.7599737394425751E-006
         510   1.5269150680339344E-006
         511   9.1289221301803576E-007
         512   9.0994236400302148E-007
         513   3.9217798825063622E-006
         514   9.0254820637292351E-007
         515   2.3949168762143056E-006
         516   8.9562833812042165E-007
         517   8.9213469270201663E-007
         518   1.7746104463962046E-006
         519   5.8944942571874224E-007
         520   8.8032181390652674E-007
         521   1.4620629466800484E-006
         522   1.4581662291708735E-006
         523   1.1619263960333588E-006
         524   1.7349200710488047E-006
         525   5.7647124356629201E-007
         526   3.1549580729533261E-006
         527   5.7186177245729563E-007
         528   5.6929655808016585E-007
         529   5.6676495893087604E-007
         530   1.6984795790127242E-006
         531   2.8123242106447226E-007
         532   5.6091996559809897E-007
         533   2.7928739575059060E-007
         534   8.3636189982299702E-007
         535   8.3193966348895011E-007
         536   1.6596406202753081E-006
         537   1.1013000066175183E-006
         538   5.4879480635622717E-007
         539   5.4732217476368586E-007
         540   5.4528360241363786E-007
         541   1.9014081255144451E-006
         542   0.0000000000000000E+000
         543   5.3871174582537406E-007
         544   1.0734435843517896E-006
         545   2.6693493912761355E-007
         546   2.6677668883071694E-007
         547   1.0621033809478359E-006
         548   1.5867294916387517E-006
         549   1.5806873892343950E-006
         550   1.0500218558366217E-006
         551   5.2283125700713581E-007
         552   1.3024134329149659E-006
         553   7.8018412393492655E-007
         554   1.2946318836059352E-006
         555   1.0322273418969247E-006
         556   5.1437713383293584E-007
         557   2.5645567356398051E-007
         558   2.0416355756766206E-006
         559   7.6155926098665549E-007
         560   0.0000000000000000E+000
         561   2.5236114795292847E-007
         562   5.0262502499704767E-007
         563   0.0000000000000000E+000
         564   2.4946052397177936E-007
         565   2.4869645816435214E-007
         566   4.9552018568124162E-007
         567   2.4731068810877376E-007
         568   2.4633000796595260E-007
         569   4.9085768230149074E-007
         570   7.3316782281081518E-007
         571   7.3029042755156946E-007
         572   2.4266899839657580E-007
         573   0.0000000000000000E+000
         574   7.2408133911360559E-007
         575   0.0000000000000000E+000
         576   2.3954026105852122E-007
         577   2.3838391886381618E-007
         578   7.1288994655629285E-007
         579   7.1095640870654438E-007
         580   1.6527818550848138E-006
         581   4.7062603436483555E-007
         582   0.0000000000000000E+000
         583   0.0000000000000000E+000
         584   4.6641505957093672E-007
         585   4.6418935368644658E-007
         586   4.6264874277459714E-007
         587   2.3081854605113225E-007
         588   4.5988856043170245E-007
         589   2.2885593574194681E-007
         590   4.5688762268140207E-007
         591   4.5501265483297399E-007
         592   4.5355112333451012E-007
         593   4.5222603271524735E-007
         594   4.5058440547082395E-007
         595   4.4901690132749138E-007
         596   0.0000000000000000E+000
         597   0.0000000000000000E+000
         598   8.8914661559653586E-007
         599   2.2146448312377659E-007
         600   4.4071541417758292E-007
         601   2.1994349316283895E-007
         602   0.0000000000000000E+000
         603   2.1867291058601237E-007
         604   0.0000000000000000E+000
         605   0.0000000000000000E+000
         606   2.1638739272472971E-007
         607   4.3127946017525708E-007
         608   0.0000000000000000E+000
         609   0.0000000000000000E+000
         610   2.1366550289096642E-007
         611   6.3873585560096549E-007
         612   2.1215464214729512E-007
         613   0.0000000000000000E+000
         614   0.0000000000000000E+000
         615   0.0000000000000000E+000
         616   0.0000000000000000E+000
         617   6.2605444332540184E-007
         618   4.1616640013294846E-007
         619   2.0708616190107604E-007
         620   2.0638617026628396E-007
         621   2.0568967554056081E-007
         622   4.1105306950753805E-007
         623   4.0962663624623107E-007
         624   2.0381139608190060E-007
         625   0.0000000000000000E+000
         626   0.0000000000000000E+000
         627   0.0000000000000000E+000
         628   0.0000000000000000E+000
         629   4.0147323669203872E-007
         630   0.0000000000000000E+000
         631   0.0000000000000000E+000
         632   0.0000000000000000E+000
         633   0.0000000000000000E+000
         634   0.0000000000000000E+000
         635   0.0000000000000000E+000
         636   1.9655193442930814E-007
         637   0.0000000000000000E+000
         638   0.0000000000000000E+000
         639   1.9455078516295844E-007
         640   0.0000000000000000E+000
         641   0.0000000000000000E+000
         642   3.8503719753532118E-007
         643   0.0000000000000000E+000
         644   0.0000000000000000E+000
         645   0.0000000000000000E+000
         646   0.0000000000000000E+000
         647   0.0000000000000000E+000
         648   1.8931339260190298E-007
         649   0.0000000000000000E+000
         650   0.0000000000000000E+000
         651   0.0000000000000000E+000
         652   0.0000000000000000E+000
         653   0.0000000000000000E+000
         654   0.0000000000000000E+000
         655   0.0000000000000000E+000
         656   0.0000000000000000E+000
         657   1.8382209557371412E-007
         658   0.0000000000000000E+000
         659   0.0000000000000000E+000
         660   0.0000000000000000E+000
         661   0.0000000000000000E+000
         662   1.8157455738153717E-007
         663   0.0000000000000000E+000
         664   0.0000000000000000E+000
         665   0.0000000000000000E+000
         666   0.0000000000000000E+000
         667   0.0000000000000000E+000
         668   0.0000000000000000E+000
         669   0.0000000000000000E+000
         670   0.0000000000000000E+000
         671   0.0000000000000000E+000
         672   0.0000000000000000E+000
         673   0.0000000000000000E+000
         674   0.0000000000000000E+000
         675   0.0000000000000000E+000
         676   0.0000000000000000E+000
         677   1.7343201146342697E-007
         678   0.0000000000000000E+000
         679   0.0000000000000000E+000
         680   0.0000000000000000E+000
         681   0.0000000000000000E+000
         682   0.0000000000000000E+000
         683   0.0000000000000000E+000
         684   0.0000000000000000E+000
         685   0.0000000000000000E+000
         686   0.0000000000000000E+000
         687   0.0000000000000000E+000
         688   0.0000000000000000E+000
         689   0.0000000000000000E+000
         690   1.6704043469269415E-007
         691   0.0000000000000000E+000
         692   0.0000000000000000E+000
         693   0.0000000000000000E+000
         694   0.0000000000000000E+000
         695   0.0000000000000000E+000
         696   0.0000000000000000E+000
         697   0.0000000000000000E+000
         698   0.0000000000000000E+000
         699   0.0000000000000000E+000
         700   1.6212781076203333E-007
         701   0.0000000000000000E+000
         702   0.0000000000000000E+000
         703   0.0000000000000000E+000
         704   0.0000000000000000E+000
         705   0.0000000000000000E+000
         706   1.5926441240323816E-007
         707   0.0000000000000000E+000
         708   0.0000000000000000E+000
         709   0.0000000000000000E+000
         710   0.0000000000000000E+000
         711   0.0000000000000000E+000
         712   0.0000000000000000E+000
         713   0.0000000000000000E+000
         714   0.0000000000000000E+000
         715   0.0000000000000000E+000
         716   0.0000000000000000E+000
         717   1.5460012320403885E-007
         718   1.5400983009037165E-007
         719   0.0000000000000000E+000
         720   1.5350360747397716E-007
         721   0.0000000000000000E+000
         722   0.0000000000000000E+000
         723   0.0000000000000000E+000
         724   0.0000000000000000E+000
         725   0.0000000000000000E+000
         726   0.0000000000000000E+000
         727   0.0000000000000000E+000
         728   0.0000000000000000E+000
         729   0.0000000000000000E+000
         730   0.0000000000000000E+000
         731   0.0000000000000000E+000
         732   0.0000000000000000E+000
         733   0.0000000000000000E+000
         734   0.0000000000000000E+000
         735   0.0000000000000000E+000
         736   0.0000000000000000E+000
         737   1.4638649315488814E-007
         738   0.0000000000000000E+000
         739   0.0000000000000000E+000
         740   0.0000000000000000E+000
         741   0.0000000000000000E+000
         742   0.0000000000000000E+000
         743   0.0000000000000000E+000
         744   0.0000000000000000E+000
         745   0.0000000000000000E+000
         746   0.0000000000000000E+000
         747   0.0000000000000000E+000
         748   0.0000000000000000E+000
         749   0.0000000000000000E+000
         750   0.0000000000000000E+000
         751   0.0000000000000000E+000
         752   0.0000000000000000E+000
         753   0.0000000000000000E+000
         754   0.0000000000000000E+000
         755   0.0000000000000000E+000
         756   0.0000000000000000E+000
         757   0.0000000000000000E+000
         758   0.0000000000000000E+000
         759   0.0000000000000000E+000
         760   0.0000000000000000E+000
         761   0.0000000000000000E+000
         762   0.0000000000000000E+000
         763   0.0000000000000000E+000
         764   0.0000000000000000E+000
         765   0.0000000000000000E+000
         766   0.0000000000000000E+000
         767   0.0000000000000000E+000
         768   0.0000000000000000E+000
         769   0.0000000000000000E+000
         770   0.0000000000000000E+000
         771   0.0000000000000000E+000
         772   0.0000000000000000E+000
         773   0.0000000000000000E+000
         774   0.0000000000000000E+000
         775   0.0000000000000000E+000
         776   0.0000000000000000E+000
         777   0.0000000000000000E+000
         778   0.0000000000000000E+000
         779   0.0000000000000000E+000
         780   0.0000000000000000E+000
         781   0.0000000000000000E+000
         782   0.0000000000000000E+000
         783   0.0000000000000000E+000
         784   0.0000000000000000E+000
         785   0.0000000000000000E+000
         786   0.0000000000000000E+000
         787   0.0000000000000000E+000
         788   0.0000000000000000E+000
         789   0.0000000000000000E+000
         790   0.0000000000000000E+000
         791   0.0000000000000000E+000
         792   0.0000000000000000E+000
         793   0.0000000000000000E+000
         794   0.0000000000000000E+000
         795   0.0000000000000000E+000
         796   0.0000000000000000E+000
         797   0.0000000000000000E+000
         798   0.0000000000000000E+000
         799   0.0000000000000000E+000
         800   0.0000000000000000E+000
         801   0.0000000000000000E+000
         802   0.0000000000000000E+000
         803   0.0000000000000000E+000
         804   0.0000000000000000E+000
         805   0.0000000000000000E+000
         806   0.0000000000000000E+000
         807   0.0000000000000000E+000
         808   0.0000000000000000E+000
         809   0.0000000000000000E+000
         810   0.0000000000000000E+000
         811   0.0000000000000000E+000
         812   0.0000000000000000E+000
         813   0.0000000000000000E+000
         814   0.0000000000000000E+000
         815   0.0000000000000000E+000
         816   0.0000000000000000E+000
         817   0.0000000000000000E+000
         818   0.0000000000000000E+000
         819   0.0000000000000000E+000
         820   0.0000000000000000E+000
         821   0.0000000000000000E+000
         822   0.0000000000000000E+000
         823   0.0000000000000000E+000
         824   0.0000000000000000E+000
         825   0.0000000000000000E+000
         826   0.0000000000000000E+000
         827   0.0000000000000000E+000
         828   0.0000000000000000E+000
         829   0.0000000000000000E+000
         830   0.0000000000000000E+000
         831   0.0000000000000000E+000
         832   0.0000000000000000E+000
         833   0.0000000000000000E+000
         834   0.0000000000000000E+000
         835   0.0000000000000000E+000
         836   0.0000000000000000E+000
         837   0.0000000000000000E+000
         838   0.0000000000000000E+000
         839   0.0000000000000000E+000
         840   0.0000000000000000E+000
         841   0.0000000000000000E+000
         842   0.0000000000000000E+000
         843   0.0000000000000000E+000
         844   0.0000000000000000E+000
         845   0.0000000000000000E+000
         846   0.0000000000000000E+000
         847   0.0000000000000000E+000
         848   0.0000000000000000E+000
         849   0.0000000000000000E+000
         850   0.0000000000000000E+000
         851   0.0000000000000000E+000
         852   0.0000000000000000E+000
         853   0.0000000000000000E+000
         854   0.0000000000000000E+000
         855   0.0000000000000000E+000
         856   0.0000000000000000E+000
         857   0.0000000000000000E+000
         858   0.0000000000000000E+000
         859   0.0000000000000000E+000
         860   0.0000000000000000E+000
         861   0.0000000000000000E+000
         862   0.0000000000000000E+000
         863   0.0000000000000000E+000
         864   0.0000000000000000E+000
         865   0.0000000000000000E+000
         866   0.0000000000000000E+000
         867   0.0000000000000000E+000
         868   0.0000000000000000E+000
         869   0.0000000000000000E+000
         870   0.0000000000000000E+000
         871   0.0000000000000000E+000
         872   0.0000000000000000E+000
         873   0.0000000000000000E+000
         874   0.0000000000000000E+000
         875   0.0000000000000000E+000
         876   0.0000000000000000E+000
         877   0.0000000000000000E+000
         878   0.0000000000000000E+000
         879   0.0000000000000000E+000
         880   0.0000000000000000E+000
         881   0.0000000000000000E+000
         882   0.0000000000000000E+000
         883   0.0000000000000000E+000
         884   0.0000000000000000E+000
         885   0.0000000000000000E+000
         886   0.0000000000000000E+000
         887   0.0000000000000000E+000
         888   0.0000000000000000E+000
         889   0.0000000000000000E+000
         890   0.0000000000000000E+000
         891   0.0000000000000000E+000
         892   0.0000000000000000E+000
         893   0.0000000000000000E+000
         894   0.0000000000000000E+000
         895   0.0000000000000000E+000
         896   0.0000000000000000E+000
         897   0.0000000000000000E+000
         898   0.0000000000000000E+000
         899   0.0000000000000000E+000
         900   0.0000000000000000E+000
         901   0.0000000000000000E+000
         902   0.0000000000000000E+000
         903   0.0000000000000000E+000
         904   0.0000000000000000E+000
         905   0.0000000000000000E+000
         906   0.0000000000000000E+000
         907   0.0000000000000000E+000
         908   0.0000000000000000E+000
         909   0.0000000000000000E+000
         910   0.0000000000000000E+000
         911   0.0000000000000000E+000
         912   0.0000000000000000E+000
         913   0.0000000000000000E+000
         914   0.0000000000000000E+000
         915   0.0000000000000000E+000
         916   0.0000000000000000E+000
         917   0.0000000000000000E+000
         918   0.0000000000000000E+000
         919   0.0000000000000000E+000
         920   0.0000000000000000E+000
         921   0.0000000000000000E+000
         922   0.0000000000000000E+000
         923   0.0000000000000000E+000
         924   0.0000000000000000E+000
         925   0.0000000000000000E+000
         926   0.0000000000000000E+000
         927   0.0000000000000000E+000
         928   0.0000000000000000E+000
         929   0.0000000000000000E+000
         930   0.0000000000000000E+000
         931   0.0000000000000000E+000
         932   0.0000000000000000E+000
         933   0.0000000000000000E+000
         934   0.0000000000000000E+000
         935   0.0000000000000000E+000
         936   0.0000000000000000E+000
         937   0.0000000000000000E+000
         938   0.0000000000000000E+000
         939   0.0000000000000000E+000
         940   0.0000000000000000E+000
         941   0.0000000000000000E+000
         942   0.0000000000000000E+000
         943   0.0000000000000000E+000
         944   0.0000000000000000E+000
         945   0.0000000000000000E+000
         946   0.0000000000000000E+000
         947   0.0000000000000000E+000
         948   0.0000000000000000E+000
         949   0.0000000000000000E+000
         950   0.0000000000000000E+000
         951   0.0000000000000000E+000
         952   0.0000000000000000E+000
         953   0.0000000000000000E+000
         954   0.0000000000000000E+000
         955   0.0000000000000000E+000
         956   0.0000000000000000E+000
         957   0.0000000000000000E+000
         958   0.0000000000000000E+000
         959   0.0000000000000000E+000
         960   0.0000000000000000E+000
         961   0.0000000000000000E+000
         962   0.0000000000000000E+000
         963   0.0000000000000000E+000
         964   0.0000000000000000E+000
         965   0.0000000000000000E+000
         966   0.0000000000000000E+000
         967   0.0000000000000000E+000
         968   0.0000000000000000E+000
         969   0.0000000000000000E+000
         970   0.0000000000000000E+000
         971   0.0000000000000000E+000
         972   0.0000000000000000E+000
         973   0.0000000000000000E+000
         974   0.0000000000000000E+000
         975   0.0000000000000000E+000
         976   0.0000000000000000E+000
         977   0.0000000000000000E+000
         978   0.0000000000000000E+000
         979   0.0000000000000000E+000
         980   0.0000000000000000E+000
         981   0.0000000000000000E+000
         982   0.0000000000000000E+000
         983   0.0000000000000000E+000
         984   0.0000000000000000E+000
         985   0.0000000000000000E+000
         986   0.0000000000000000E+000
         987   0.0000000000000000E+000
         988   0.0000000000000000E+000
         989   0.0000000000000000E+000
         990   0.0000000000000000E+000
         991   0.0000000000000000E+000
         992   0.0000000000000000E+000
         993   0.0000000000000000E+000
         994   0.0000000000000000E+000
         995   0.0000000000000000E+000
         996   0.0000000000000000E+000
         997   0.0000000000000000E+000
         998   0.0000000000000000E+000
         999   0.0000000000000000E+000
        1000   0.0000000000000000E+000
