           1  0.34803733972620526     
           2  0.46601765119446109     
           3  0.31086716390673458     
           4  0.30427827190006179     
           5  0.26990116380613810     
           6  0.30767780943249068     
           7  0.39628538135487373     
           8  0.31037276694772414     
           9  0.30079722383234664     
          10  0.28357471091147790     
          11  0.30720878443719091     
          12  0.27883882123216752     
          13  0.30525544965961388     
          14  0.26179962783669852     
          15  0.25198816971712912     
          16  0.26120701232822979     
          17  0.24436750378365635     
          18  0.22308248796514646     
          19  0.24156897732654056     
          20  0.24102333240856647     
          21  0.25008937213405569     
          22  0.22705176452072590     
          23  0.23400950251916758     
          24  0.24677141132318428     
          25  0.22309917148173497     
          26  0.21358488368127385     
          27  0.19834515585143900     
          28  0.19475326848869387     
          29  0.19760501908084116     
          30  0.21240566997180904     
          31  0.20189704860744084     
          32  0.18483512976826877     
          33  0.19489237269745013     
          34  0.17980097986931495     
          35  0.17193711803254014     
          36  0.18086600427276447     
          37  0.17927500986622205     
          38  0.17625693093818132     
          39  0.16253617275079157     
          40  0.16661746598432459     
          41  0.16038108903355128     
          42  0.15745903796468125     
          43  0.15512013372790062     
          44  0.15565643993384420     
          45  0.14428611898510871     
          46  0.14771563350619138     
          47  0.14115606790533125     
          48  0.13514643256812764     
          49  0.13609420583958795     
          50  0.12978278150025616     
          51  0.12974367326163375     
          52  0.12404480962535532     
          53  0.12766497451073447     
          54  0.11803077636009333     
          55  0.11960351824542080     
          56  0.11575892625942298     
          57  0.11359297135042562     
          58  0.11159214106291539     
          59  0.11205574426558824     
          60  0.11024666513985351     
          61  0.10538717864367457     
          62  0.10278189159283617     
          63  0.10038681832179654     
          64   9.9270985801424030E-002
          65   9.4596795859985094E-002
          66   9.5812154407087388E-002
          67   9.3796634057525072E-002
          68   9.4659119146041568E-002
          69   9.2792380595210930E-002
          70   8.7799298405367057E-002
          71   8.7684872382925966E-002
          72   8.4760023168883272E-002
          73   8.4051493782294637E-002
          74   8.3269719104109283E-002
          75   8.1310752234378711E-002
          76   7.7158616390747850E-002
          77   7.7890836498254096E-002
          78   7.7715508867360672E-002
          79   7.3036928046751173E-002
          80   7.3179051637685205E-002
          81   7.2709807701151499E-002
          82   6.9288590813486178E-002
          83   6.8523145952759726E-002
          84   6.6720591609257876E-002
          85   6.6252177010786090E-002
          86   6.2414867560593841E-002
          87   6.1866579206342018E-002
          88   6.2185029336464352E-002
          89   6.0379215903975936E-002
          90   5.7674255436317982E-002
          91   5.6851990271701992E-002
          92   5.5445742700104224E-002
          93   5.6073827150016714E-002
          94   5.5813457641731172E-002
          95   5.3581721638934279E-002
          96   5.2895285352961237E-002
          97   5.1152513305068488E-002
          98   5.0670153160757715E-002
          99   4.8641038087904917E-002
         100   4.7597059082531631E-002
         101   4.6419149751356609E-002
         102   4.4885348118421535E-002
         103   4.4760572483055525E-002
         104   4.3226334573793622E-002
         105   4.2685360504363903E-002
         106   4.2722023335496871E-002
         107   4.1147668270830197E-002
         108   4.0278896278482794E-002
         109   3.8115024324093867E-002
         110   3.7733791803540626E-002
         111   3.8392304746522665E-002
         112   3.7358414413214941E-002
         113   3.6300422124605276E-002
         114   3.4969799676545184E-002
         115   3.4829297863975234E-002
         116   3.4172527752717029E-002
         117   3.4366757608734269E-002
         118   3.2590000256621433E-002
         119   3.2038810821305955E-002
         120   3.0669719368756083E-002
         121   2.9941859390495103E-002
         122   2.9545239115251139E-002
         123   2.9545147555252491E-002
         124   2.8256929802496496E-002
         125   2.7629658709405727E-002
         126   2.7774392099965278E-002
         127   2.6927891914798694E-002
         128   2.6521664380741352E-002
         129   2.6079154383909280E-002
         130   2.5334118332803177E-002
         131   2.5305502389528611E-002
         132   2.4739067067853539E-002
         133   2.2972160223545351E-002
         134   2.3134406086526612E-002
         135   2.2811114838187301E-002
         136   2.2325038906878234E-002
         137   2.1829434756431620E-002
         138   2.1556239594781649E-002
         139   1.9854797547927714E-002
         140   2.0183976256740756E-002
         141   1.9548230269352949E-002
         142   1.9220456096248624E-002
         143   1.9095626920362038E-002
         144   1.9320913099436385E-002
         145   1.9028431573174676E-002
         146   1.8136272807279613E-002
         147   1.7511148298499212E-002
         148   1.7313842949272944E-002
         149   1.6974804062611436E-002
         150   1.6520713382886472E-002
         151   1.5851711301132419E-002
         152   1.5741832565060010E-002
         153   1.4959763311292947E-002
         154   1.5782696735458592E-002
         155   1.4356051015310541E-002
         156   1.4578907580943799E-002
         157   1.3712221167894251E-002
         158   1.3937469668551094E-002
         159   1.3652602818698621E-002
         160   1.3409597033749266E-002
         161   1.2556692180238796E-002
         162   1.2369141122956014E-002
         163   1.2200853748688709E-002
         164   1.1962353694288969E-002
         165   1.1958724023724335E-002
         166   1.1799551664899577E-002
         167   1.1705863556915847E-002
         168   1.1121767617540780E-002
         169   1.0708011248052103E-002
         170   1.0752673014782952E-002
         171   1.0132470910200010E-002
         172   9.8818886574371882E-003
         173   9.9209618623305688E-003
         174   9.8414791520787144E-003
         175   9.6661524575817320E-003
         176   9.0334837768019007E-003
         177   9.3258348945556586E-003
         178   8.8646428299735541E-003
         179   8.9019043091347460E-003
         180   8.5801910212045043E-003
         181   8.8414794940334766E-003
         182   8.2454337483017937E-003
         183   8.0663998513739385E-003
         184   7.6237255977932095E-003
         185   7.5135525116526046E-003
         186   7.4486603651503346E-003
         187   7.2043808091008287E-003
         188   6.9879340948595702E-003
         189   6.9386302397683097E-003
         190   7.1783893531914868E-003
         191   6.6509654965356416E-003
         192   6.7612303833131373E-003
         193   6.2742938809708781E-003
         194   6.2199876124456929E-003
         195   6.2363031767067078E-003
         196   6.0721930062987055E-003
         197   5.9068331356698801E-003
         198   5.8687000989950094E-003
         199   5.4064655489514954E-003
         200   5.6705666075934366E-003
         201   5.3190934778281360E-003
         202   5.0977449135646046E-003
         203   5.1481722071923790E-003
         204   4.9021960818356990E-003
         205   4.9504508281997296E-003
         206   4.8075794190692717E-003
         207   4.8901989480255176E-003
         208   4.5711215275653994E-003
         209   4.5717048182840996E-003
         210   4.4017450781722867E-003
         211   4.2108886115504712E-003
         212   4.0951615304150096E-003
         213   4.0490400709491826E-003
         214   3.9661442434269552E-003
         215   3.8336007149439959E-003
         216   3.9521828834311410E-003
         217   3.6488676869035953E-003
         218   3.6486215788945420E-003
         219   3.4073957373173267E-003
         220   3.4014282855719625E-003
         221   3.3798949986947051E-003
         222   3.3062258584473521E-003
         223   3.0857106739248293E-003
         224   3.1922836699028591E-003
         225   2.9890727015562534E-003
         226   2.9547977376638518E-003
         227   2.8585063044866874E-003
         228   2.8071316321866061E-003
         229   2.7374670537675160E-003
         230   2.7110884968057016E-003
         231   2.6403205013260716E-003
         232   2.5735283430216682E-003
         233   2.6083733465957792E-003
         234   2.5266651996917974E-003
         235   2.4721269991231430E-003
         236   2.4089902989829787E-003
         237   2.3757111594421986E-003
         238   2.1963796992140374E-003
         239   2.2362498764978674E-003
         240   2.0582041704442001E-003
         241   2.1037485280553108E-003
         242   2.0746009076067690E-003
         243   2.0414232650730803E-003
         244   1.9436568231962197E-003
         245   1.9263947568528357E-003
         246   1.7995200690135076E-003
         247   1.7174669360203144E-003
         248   1.6944128368899243E-003
         249   1.6848214488706507E-003
         250   1.6003737361854628E-003
         251   1.5991394065826875E-003
         252   1.6125897870055913E-003
         253   1.4340538492481497E-003
         254   1.4660126089308383E-003
         255   1.5273619466818478E-003
         256   1.4851618333497343E-003
         257   1.3416077805329025E-003
         258   1.3385761666356601E-003
         259   1.4571314846456185E-003
         260   1.3579615079405060E-003
         261   1.1777779379896090E-003
         262   1.2750903223280076E-003
         263   1.2814565037968027E-003
         264   1.1694292413565116E-003
         265   1.1470543503332039E-003
         266   1.1832378344993266E-003
         267   1.1121276545358596E-003
         268   1.0838878096088357E-003
         269   9.8498196303760930E-004
         270   1.0126236387089167E-003
         271   1.0481638762688417E-003
         272   9.5173165626240232E-004
         273   8.9907249601620543E-004
         274   8.9773009550535277E-004
         275   8.8359140768674784E-004
         276   8.7542191597224915E-004
         277   8.1849255417067493E-004
         278   8.3206578027896101E-004
         279   8.4342434689252041E-004
         280   8.4034212639481822E-004
         281   7.6020772933683403E-004
         282   6.7705532429014126E-004
         283   7.4852822654915610E-004
         284   7.5106548490389870E-004
         285   7.0386584220758451E-004
         286   6.7388947470506443E-004
         287   5.6995631747251338E-004
         288   6.3673146166962264E-004
         289   6.2382290320760550E-004
         290   6.4503740268225874E-004
         291   6.3024139678115440E-004
         292   5.7017763826021470E-004
         293   6.1705807022391585E-004
         294   5.5686588173613834E-004
         295   4.5481760306644389E-004
         296   5.2759814750187215E-004
         297   5.1071917135629024E-004
         298   4.6630481576494275E-004
         299   4.5775678066400699E-004
         300   4.2825255521302118E-004
         301   5.2781327004156617E-004
         302   4.6617209868613613E-004
         303   3.8964463877575524E-004
         304   4.6774763382164162E-004
         305   4.4932946037672502E-004
         306   3.8714045253243520E-004
         307   3.7197573395245185E-004
         308   4.0726132234051443E-004
         309   3.3482088280945444E-004
         310   3.4506444464007038E-004
         311   3.7482496292844602E-004
         312   3.5200938775444761E-004
         313   3.0447003124026378E-004
         314   3.1461289425805842E-004
         315   3.1185243702947028E-004
         316   3.1618270417015098E-004
         317   3.2208714274827851E-004
         318   2.6592064254046788E-004
         319   2.8376309252209787E-004
         320   2.3321507470156722E-004
         321   2.6958499992402933E-004
         322   2.5484729797815538E-004
         323   2.6466583952476809E-004
         324   2.3805834076035440E-004
         325   2.1406322951443397E-004
         326   2.5830248325668025E-004
         327   2.0399550775762406E-004
         328   2.2706442415316790E-004
         329   2.1768795770614469E-004
         330   2.1346443810130506E-004
         331   2.2449459910342076E-004
         332   2.0730180805626869E-004
         333   2.0184065703845815E-004
         334   1.8988815668476801E-004
         335   1.9301111372858746E-004
         336   1.5811299867303546E-004
         337   1.9912094646391506E-004
         338   1.8055160432731008E-004
         339   1.5531245912028303E-004
         340   1.3797349660157803E-004
         341   1.7673850774489166E-004
         342   1.4652863643793940E-004
         343   1.1465501902542135E-004
         344   1.2471642967847707E-004
         345   1.4065392760159091E-004
         346   1.4513706830544126E-004
         347   1.2127958847660116E-004
         348   1.2778381809294920E-004
         349   1.1728499316326549E-004
         350   1.3279863539224508E-004
         351   1.0628816934735718E-004
         352   1.1398595796889140E-004
         353   1.0632715846754338E-004
         354   1.0006030243345213E-004
         355   1.0516701360439660E-004
         356   8.0166570846677075E-005
         357   1.2264847073398808E-004
         358   8.4834493325028297E-005
         359   1.0164277567448512E-004
         360   8.0860511739192629E-005
         361   7.4893556903070984E-005
         362   8.2370839314770624E-005
         363   9.0929564854535537E-005
         364   7.8491716095810068E-005
         365   5.8380555470713866E-005
         366   7.1134640449862442E-005
         367   6.6587863989046436E-005
         368   7.3242768192153363E-005
         369   5.3622913427166135E-005
         370   8.4633763120841760E-005
         371   7.2656991316712925E-005
         372   5.7370226911158687E-005
         373   5.7611030254095203E-005
         374   4.7648022331866745E-005
         375   5.3608441764133100E-005
         376   4.9409299086492376E-005
         377   4.5794410298856172E-005
         378   6.1104364046893179E-005
         379   5.1941334991700581E-005
         380   5.9351299878226385E-005
         381   3.4999112582631546E-005
         382   4.2957900883093279E-005
         383   2.9773772125230361E-005
         384   3.4455647336520089E-005
         385   3.7484094182304996E-005
         386   2.8216700448269724E-005
         387   4.2397348204628787E-005
         388   3.1633242582524672E-005
         389   4.5645842844857493E-005
         390   2.8702747027167715E-005
         391   3.3748965803302882E-005
         392   3.3072087715178143E-005
         393   3.4427492079911989E-005
         394   2.8111603777790045E-005
         395   2.2895880001444131E-005
         396   2.1256704688998128E-005
         397   3.3234434650710715E-005
         398   2.1543590362844108E-005
         399   2.2453502490188205E-005
         400   1.9846906097965552E-005
         401   2.9605003019269610E-005
         402   1.4246798787167986E-005
         403   2.3475253606790863E-005
         404   1.2164870217895140E-005
         405   1.6940642673843736E-005
         406   1.7342276844276034E-005
         407   1.8206759322494328E-005
         408   1.4305152813825910E-005
         409   1.4710507093399111E-005
         410   1.6535530375753482E-005
         411   1.2215376698354161E-005
         412   1.3566142881746369E-005
         413   1.8608687979560638E-005
         414   1.3422906935721164E-005
         415   1.3366466372762837E-005
         416   1.6057671410878679E-005
         417   1.3240625840621875E-005
         418   1.2262632153129975E-005
         419   9.4931800894380982E-006
         420   5.4015158528301391E-006
         421   8.5110394196754743E-006
         422   7.1317296462018420E-006
         423   7.0981883782552085E-006
         424   1.6341701142720690E-005
         425   8.3455924848724961E-006
         426   5.2464757412212557E-006
         427   1.0453131067909799E-005
         428   9.9710661186756590E-006
         429   9.0613162720573684E-006
         430   7.2989094447883883E-006
         431   2.9939948924622883E-006
         432   4.2520981646220178E-006
         433   1.1433004763336531E-005
         434   1.2639283234127981E-006
         435   6.2941407680271890E-006
         436   3.3389554484958233E-006
         437   3.3243046886658197E-006
         438   5.7927545440767388E-006
         439   4.1205500764881016E-006
         440   1.2319246660942868E-006
         441   5.3035085111883414E-006
         442   5.6893712622624678E-006
         443   2.8341216593543948E-006
         444   0.0000000000000000E+000
         445   5.2162581714024494E-006
         446   2.7928915079007359E-006
         447   3.5795103460264654E-006
         448   7.9174698173174958E-007
         449   7.8790776395827114E-007
         450   1.9581328515366769E-006
         451   1.1700556030954333E-006
         452   1.9437237340973792E-006
         453   7.7276799919771972E-007
         454   1.1568170995480036E-006
         455   1.9169816402569999E-006
         456   2.2916214974734564E-006
         457   7.6122718614884206E-007
         458   1.5160710860909162E-006
         459   7.5484827312357559E-007
         460   1.1250834225879728E-006
         461   2.9883219611427032E-006
         462   3.7135223563865036E-007
         463   7.4169330537105950E-007
         464   0.0000000000000000E+000
         465   0.0000000000000000E+000
         466   0.0000000000000000E+000
         467   1.0930656237596747E-006
         468   0.0000000000000000E+000
         469   3.6063753050322155E-007
         470   0.0000000000000000E+000
         471   0.0000000000000000E+000
         472   0.0000000000000000E+000
         473   3.5548735140190092E-007
         474   1.0611178446022663E-006
         475   1.4059422914139560E-006
         476   7.0104517168883303E-007
         477   1.7438716696020841E-006
         478   6.9540291266896399E-007
         479   0.0000000000000000E+000
         480   0.0000000000000000E+000
         481   0.0000000000000000E+000
         482   3.4151755226670692E-007
         483   3.4024001483274316E-007
         484   3.3918604872914266E-007
         485   0.0000000000000000E+000
         486   3.3621872686694798E-007
         487   0.0000000000000000E+000
         488   0.0000000000000000E+000
         489   3.3203406222438496E-007
         490   0.0000000000000000E+000
         491   0.0000000000000000E+000
         492   0.0000000000000000E+000
         493   0.0000000000000000E+000
         494   0.0000000000000000E+000
         495   0.0000000000000000E+000
         496   0.0000000000000000E+000
         497   0.0000000000000000E+000
         498   0.0000000000000000E+000
         499   0.0000000000000000E+000
         500   0.0000000000000000E+000
         501   0.0000000000000000E+000
         502   0.0000000000000000E+000
         503   0.0000000000000000E+000
         504   0.0000000000000000E+000
         505   0.0000000000000000E+000
         506   0.0000000000000000E+000
         507   0.0000000000000000E+000
         508   0.0000000000000000E+000
         509   0.0000000000000000E+000
         510   0.0000000000000000E+000
         511   0.0000000000000000E+000
         512   9.0963054119753092E-007
         513   3.0145502653321223E-007
         514   0.0000000000000000E+000
         515   0.0000000000000000E+000
         516   0.0000000000000000E+000
         517   0.0000000000000000E+000
         518   0.0000000000000000E+000
         519   8.8569678808238099E-007
         520   0.0000000000000000E+000
         521   8.7693428902976982E-007
         522   0.0000000000000000E+000
         523   2.9070392610547035E-007
         524   0.0000000000000000E+000
         525   5.7568121302128942E-007
         526   2.8753406153524165E-007
         527   5.7207895275531133E-007
         528   2.8498404894641084E-007
         529   0.0000000000000000E+000
         530   2.8282552669381937E-007
         531   5.6306372515580904E-007
         532   8.4059672726649386E-007
         533   2.8008859469568542E-007
         534   0.0000000000000000E+000
         535   8.3281460871419980E-007
         536   8.2954852037064117E-007
         537   1.6528908450054981E-006
         538   2.7414800314741265E-007
         539   8.2148002666554191E-007
         540   2.7238915303351685E-007
         541   8.1444382524795707E-007
         542   5.4025352697833503E-007
         543   2.1553841437889480E-006
         544   2.6836240093732716E-007
         545   1.6057442246277694E-006
         546   8.0031987616058314E-007
         547   1.5936733580955496E-006
         548   7.9418268491189770E-007
         549   5.2635936431101317E-007
         550   7.8817057256678639E-007
         551   1.8297509789816535E-006
         552   7.8239541794064112E-007
         553   2.3397106620089804E-006
         554   7.7566628281585877E-007
         555   1.5477962546912570E-006
         556   1.5428540749219424E-006
         557   2.5570718650917746E-007
         558   1.2752034809320848E-006
         559   7.6314370247009299E-007
         560   7.5929608456307358E-007
         561   2.0190903210066287E-006
         562   1.2576667960622445E-006
         563   1.2536403130579972E-006
         564   1.2488318111293960E-006
         565   1.2438297580355455E-006
         566   7.4315715117697116E-007
         567   2.4680276718221695E-007
         568   1.7230489272687159E-006
         569   9.8073035594619137E-007
         570   1.2229154877714354E-006
         571   1.2180044454857422E-006
         572   1.9424398714425050E-006
         573   1.4524502687051158E-006
         574   1.9294248354101915E-006
         575   9.6152307731379880E-007
         576   2.3972068931028674E-007
         577   1.4314251331915397E-006
         578   7.1349182544488999E-007
         579   2.6061780414726787E-006
         580   1.1800145218253898E-006
         581   1.4109179298640412E-006
         582   1.8748843149603849E-006
         583   2.1034347247389916E-006
         584   2.5636579555429631E-006
         585   2.5523879624784636E-006
         586   1.6196703962336550E-006
         587   1.1523405026462964E-006
         588   2.9874317701410566E-006
         589   2.7472439022325719E-006
         590   1.5978628092325458E-006
         591   2.5017977465766029E-006
         592   1.1330992554532479E-006
         593   2.0331982152582682E-006
         594   1.8020611107435736E-006
         595   2.4683064655916040E-006
         596   2.4607682042239243E-006
         597   2.6737025778010351E-006
         598   1.1116248199034881E-006
         599   8.8587848167571792E-007
         600   2.2085952766933902E-006
         601   1.5394540591336018E-006
         602   2.1929372218644128E-006
         603   1.7476092058699238E-006
         604   1.3069015174945265E-006
         605   1.0854719264533081E-006
         606   3.4602208039932386E-006
         607   1.9419673025887383E-006
         608   3.2244580887399754E-006
         609   1.7145134968020101E-006
         610   2.3481454925061148E-006
         611   1.4907907786262934E-006
         612   1.6968220330981603E-006
         613   2.9606272162064678E-006
         614   1.8966383266780847E-006
         615   1.4703545549985407E-006
         616   1.8842004588322237E-006
         617   8.3515369421153580E-007
         618   1.6648318151476120E-006
         619   1.2447161293297553E-006
         620   2.2744942190266314E-006
         621   2.4732504712052900E-006
         622   2.0550653126057403E-006
         623   1.4326372329692562E-006
         624   1.2244828822829518E-006
         625   3.4580214005329848E-006
         626   2.4338848256040273E-006
         627   1.4141481709958232E-006
         628   1.6112861993393237E-006
         629   1.2047041292102883E-006
         630   2.0018961462534857E-006
         631   1.1969157604029623E-006
         632   3.5804674030785236E-006
         633   1.7849057290435652E-006
         634   2.5695361647270275E-006
         635   2.1666736110544283E-006
         636   1.9641858540455042E-006
         637   1.9576330014705212E-006
         638   2.3427933122268093E-006
         639   1.7517436543872544E-006
         640   2.1338438711060483E-006
         641   2.3202624829449064E-006
         642   2.1209668146304955E-006
         643   2.6906302987406335E-006
         644   1.5315991507104459E-006
         645   2.2927402003549985E-006
         646   1.7140016930812609E-006
         647   3.6056757720595107E-006
         648   1.7024631289785023E-006
         649   1.1316274316086963E-006
         650   2.6325295337126064E-006
         651   2.9992760232221185E-006
         652   2.4294750863327720E-006
         653   3.9123011440027153E-006
         654   2.7868509419795061E-006
         655   1.8521484716829607E-006
         656   2.0303535954924395E-006
         657   1.8409682129698967E-006
         658   1.6524928262951174E-006
         659   1.6466642442208445E-006
         660   2.0055859745603581E-006
         661   1.4551125092270192E-006
         662   2.1762626746758482E-006
         663   2.1693522691229425E-006
         664   1.2616855498415532E-006
         665   1.9754348117180162E-006
         666   2.1504153271099008E-006
         667   8.9257169182943197E-007
         668   2.1368384875316182E-006
         669   2.4862859900686609E-006
         670   1.2391763418998522E-006
         671   1.9401358878577430E-006
         672   3.6963822207713029E-006
         673   7.0171755697286280E-007
         674   2.0998604553197971E-006
         675   1.9184638578232245E-006
         676   2.6083253026682122E-006
         677   2.4267905592725629E-006
         678   1.0370098133813932E-006
         679   2.0684501445942560E-006
         680   1.7181099908216712E-006
         681   1.3698132873478468E-006
         682   6.8352244080233902E-007
         683   1.1923732464366975E-006
         684   1.6979185401594480E-006
         685   8.4685190497008303E-007
         686   1.8572950697276280E-006
         687   1.5154183619219222E-006
         688   2.5176049591428298E-006
         689   1.8411039292992229E-006
         690   1.5021165207722213E-006
         691   1.6647211397396495E-006
         692   1.3273726160464136E-006
         693   8.2744759711677649E-007
         694   1.4850843744967133E-006
         695   1.1514590645440436E-006
         696   2.2952894031167229E-006
         697   1.3084925147468836E-006
         698   1.4683978341777151E-006
         699   9.7600681613922957E-007
         700   2.4326508231180201E-006
         701   2.4250682828215794E-006
         702   2.0962727742427985E-006
         703   2.7343164620495176E-006
         704   1.4430784192330054E-006
         705   2.8781318479346827E-006
         706   2.5508525655925599E-006
         707   1.2722851887472223E-006
         708   1.7438202864024097E-006
         709   1.8976559031614083E-006
         710   1.1032055414859506E-006
         711   1.5714848218398717E-006
         712   1.2544644750116257E-006
         713   1.2512725209524822E-006
         714   9.3538326105137459E-007
         715   1.2436834501382916E-006
         716   1.3948502747796487E-006
         717   1.0818271303254268E-006
         718   1.8505678620018607E-006
         719   2.1524537326525406E-006
         720   1.2265151746278513E-006
         721   1.8351010675254886E-006
         722   1.5242275812034488E-006
         723   1.2159015267866208E-006
         724   1.2125656868962753E-006
         725   2.1161900784911711E-006
         726   2.2615660202305654E-006
         727   9.0242479431378026E-007
         728   1.6495209033731493E-006
         729   1.6454760305176132E-006
         730   8.9427028894478676E-007
         731   1.4872234956670091E-006
         732   1.0379542879376843E-006
         733   1.4791177136381086E-006
         734   7.3763434233213421E-007
         735   8.8217140161156289E-007
         736   1.1739302792065864E-006
         737   1.7558679317116657E-006
         738   2.0430165455895810E-006
         739   1.4555408503163154E-006
         740   8.7097949811622686E-007
         741   5.7841984222874360E-007
         742   1.1551183979148588E-006
         743   1.5841309864058391E-006
         744   1.1484130070547579E-006
         745   8.5953090066225266E-007
         746   1.7135001686045409E-006
         747   4.2709880270632553E-007
         748   1.7045579680680410E-006
         749   1.7001891388541699E-006
         750   8.4796172985302227E-007
         751   1.2678798484265992E-006
         752   7.0299003639277632E-007
         753   7.0090415553741887E-007
         754   1.1184088362690020E-006
         755   1.1153265775988600E-006
         756   8.3415964898632343E-007
         757   1.3868011311355058E-006
         758   9.6789789272264643E-007
         759   1.1036853062762087E-006
         760   1.3761750434900370E-006
         761   8.2350110545340935E-007
         762   9.5849230688871973E-007
         763   9.5575947172757067E-007
         764   1.0895015316069409E-006
         765   8.1516439184476168E-007
         766   9.4817225859716176E-007
         767   8.1021880847589374E-007
         768   8.0827656745810196E-007
         769   9.4094077000982065E-007
         770   5.3616870669598160E-007
         771   5.3514469932056228E-007
         772   3.9975884223785231E-007
         773   5.3211026645373917E-007
         774   3.9788586980962265E-007
         775   7.9388639284024420E-007
         776   7.9207890345675714E-007
         777   5.2626349679095818E-007
         778   1.3128896171733204E-006
         779   1.0473437073949289E-006
         780   1.0454084478016604E-006
         781   7.8162971306009917E-007
         782   1.3001679709563258E-007
         783   9.0798356975131011E-007
         784   6.4621781770161803E-007
         785   7.7343332669131712E-007
         786   5.1444427973068419E-007
         787   7.7019366157475975E-007
         788   3.8374867010118965E-007
         789   2.5545893158058298E-007
         790   6.3651284909806046E-007
         791   7.6156955565952308E-007
         792   1.0135104298044712E-006
         793   7.5830805952705420E-007
         794   5.0431766220990302E-007
         795   6.2890407203590528E-007
         796   3.7640778972609506E-007
         797   5.0074341383104802E-007
         798   4.9930223473667110E-007
         799   3.7369303892667248E-007
         800   6.2065148532977568E-007
         801   3.7158870979656348E-007
         802   7.4089619222033288E-007
         803   1.1092761194001102E-006
         804   7.3761566708635121E-007
         805   1.2266875084882222E-007
         806   7.3410447370978705E-007
         807   8.5408832645312653E-007
         808   3.6485523427576399E-007
         809   7.2900732390308336E-007
         810   7.2705358445025431E-007
         811   2.4162090124154140E-007
         812   2.4099817326161723E-007
         813   6.0093223885949237E-007
         814   2.3990636775404529E-007
         815   8.3734187448081463E-007
         816   5.9664276743305635E-007
         817   4.7618081048164871E-007
         818   4.7523667791451567E-007
         819   7.1109137711023415E-007
         820   1.1827454858299973E-006
         821   5.8969314509033231E-007
         822   4.7049795298659319E-007
         823   5.8673798388476272E-007
         824   3.5098271911975908E-007
         825   7.0081685022867407E-007
         826   1.1654608318402457E-007
         827   3.4831451919441440E-007
         828   5.7972593622526618E-007
         829   1.1561272108585883E-007
         830   0.0000000000000000E+000
         831   9.2075770947736368E-007
         832   5.7425917409921602E-007
         833   1.0308019987552000E-006
         834   3.4258672212167964E-007
         835   7.9761017669751867E-007
         836   2.2761798713622725E-007
         837   1.0215958321928396E-006
         838   7.9240628779589393E-007
         839   4.5161423555989965E-007
         840   2.2552748784355704E-007
         841   5.6152617838661552E-007
         842   5.6035247740646639E-007
         843   2.2357662683176183E-007
         844   1.1168298014229107E-007
         845   2.2282574760729737E-007
         846   3.3322868650251439E-007
         847   4.4295815068188704E-007
         848   2.2095367871006089E-007
         849   5.5131108848616516E-007
         850   1.1004456538365461E-007
         851   2.1929717422944937E-007
         852   0.0000000000000000E+000
         853   2.1866705559506687E-007
         854   4.3596757503336034E-007
         855   0.0000000000000000E+000
         856   1.0843878632293248E-007
         857   2.1628433560531579E-007
         858   5.4010076194197352E-007
         859   0.0000000000000000E+000
         860   3.2217732789735198E-007
         861   2.1452463078673974E-007
         862   3.2092409059068282E-007
         863   1.0666875125520552E-007
         864   4.2589496760637408E-007
         865   4.2457435502871613E-007
         866   3.1768133107350820E-007
         867   0.0000000000000000E+000
         868   2.1101440088766947E-007
         869   0.0000000000000000E+000
         870   1.0505959190923933E-007
         871   0.0000000000000000E+000
         872   1.0445085165014082E-007
         873   1.0433246108308282E-007
         874   1.0402314426876829E-007
         875   6.2278274413633024E-007
         876   2.0724313876105320E-007
         877   3.1006691328748372E-007
         878   1.0317362117195559E-007
         879   3.0873379502735073E-007
         880   0.0000000000000000E+000
         881   1.0244068226591033E-007
         882   0.0000000000000000E+000
         883   1.0193535280048434E-007
         884   0.0000000000000000E+000
         885   3.0438809446080594E-007
         886   1.0116180876741644E-007
         887   2.0205916753273935E-007
         888   1.0075298061485584E-007
         889   0.0000000000000000E+000
         890   1.0028893861511901E-007
         891   1.0020918723106339E-007
         892   9.9908627508456324E-008
         893   0.0000000000000000E+000
         894   0.0000000000000000E+000
         895   0.0000000000000000E+000
         896   9.8931748078387223E-008
         897   9.8739651262060480E-008
         898   0.0000000000000000E+000
         899   9.8326754925494667E-008
         900   0.0000000000000000E+000
         901   0.0000000000000000E+000
         902   0.0000000000000000E+000
         903   0.0000000000000000E+000
         904   9.7240897685258152E-008
         905   1.9422892258360109E-007
         906   0.0000000000000000E+000
         907   9.6589633701930379E-008
         908   0.0000000000000000E+000
         909   0.0000000000000000E+000
         910   0.0000000000000000E+000
         911   0.0000000000000000E+000
         912   0.0000000000000000E+000
         913   9.5416348470078170E-008
         914   9.5088143821218268E-008
         915   0.0000000000000000E+000
         916   0.0000000000000000E+000
         917   0.0000000000000000E+000
         918   9.4387790614747771E-008
         919   0.0000000000000000E+000
         920   0.0000000000000000E+000
         921   9.3736385174950149E-008
         922   0.0000000000000000E+000
         923   0.0000000000000000E+000
         924   0.0000000000000000E+000
         925   0.0000000000000000E+000
         926   0.0000000000000000E+000
         927   0.0000000000000000E+000
         928   0.0000000000000000E+000
         929   0.0000000000000000E+000
         930   9.1892286424954542E-008
         931   0.0000000000000000E+000
         932   0.0000000000000000E+000
         933   0.0000000000000000E+000
         934   0.0000000000000000E+000
         935   0.0000000000000000E+000
         936   0.0000000000000000E+000
         937   0.0000000000000000E+000
         938   0.0000000000000000E+000
         939   0.0000000000000000E+000
         940   0.0000000000000000E+000
         941   0.0000000000000000E+000
         942   0.0000000000000000E+000
         943   1.7874596749087597E-007
         944   0.0000000000000000E+000
         945   0.0000000000000000E+000
         946   0.0000000000000000E+000
         947   0.0000000000000000E+000
         948   0.0000000000000000E+000
         949   0.0000000000000000E+000
         950   0.0000000000000000E+000
         951   0.0000000000000000E+000
         952   0.0000000000000000E+000
         953   0.0000000000000000E+000
         954   0.0000000000000000E+000
         955   0.0000000000000000E+000
         956   0.0000000000000000E+000
         957   0.0000000000000000E+000
         958   0.0000000000000000E+000
         959   0.0000000000000000E+000
         960   0.0000000000000000E+000
         961   0.0000000000000000E+000
         962   0.0000000000000000E+000
         963   0.0000000000000000E+000
         964   0.0000000000000000E+000
         965   0.0000000000000000E+000
         966   0.0000000000000000E+000
         967   8.5082404091012145E-008
         968   0.0000000000000000E+000
         969   0.0000000000000000E+000
         970   0.0000000000000000E+000
         971   0.0000000000000000E+000
         972   8.4178710031317583E-008
         973   0.0000000000000000E+000
         974   0.0000000000000000E+000
         975   0.0000000000000000E+000
         976   0.0000000000000000E+000
         977   0.0000000000000000E+000
         978   0.0000000000000000E+000
         979   0.0000000000000000E+000
         980   0.0000000000000000E+000
         981   0.0000000000000000E+000
         982   0.0000000000000000E+000
         983   0.0000000000000000E+000
         984   0.0000000000000000E+000
         985   0.0000000000000000E+000
         986   0.0000000000000000E+000
         987   0.0000000000000000E+000
         988   0.0000000000000000E+000
         989   0.0000000000000000E+000
         990   0.0000000000000000E+000
         991   0.0000000000000000E+000
         992   0.0000000000000000E+000
         993   0.0000000000000000E+000
         994   0.0000000000000000E+000
         995   0.0000000000000000E+000
         996   0.0000000000000000E+000
         997   0.0000000000000000E+000
         998   0.0000000000000000E+000
         999   0.0000000000000000E+000
        1000   4.7746481598899422E-007
