           1  0.87722465224658630     
           2   0.0000000000000000E+000
           3  0.27914326864834743     
           4  0.40763149936801080     
           5  0.26098810264641736     
           6  0.39288557733873991     
           7  0.26877441730733498     
           8  0.33907086558406491     
           9  0.31345219708709771     
          10  0.39734174609682477     
          11  0.31658558373946755     
          12  0.24029709455195170     
          13  0.31469955010930534     
          14  0.20773417513010151     
          15  0.22764303495859819     
          16  0.21831919332986274     
          17  0.24812665226397607     
          18  0.24074836304212291     
          19  0.23893611479419699     
          20  0.28034173799451884     
          21  0.23675497795006545     
          22  0.22236874092499542     
          23  0.21864464242895040     
          24  0.19804601497201715     
          25  0.20310729871262967     
          26  0.22907295212159290     
          27  0.17387198527354708     
          28  0.15651305854602185     
          29  0.19137112034731704     
          30  0.19139188154381059     
          31  0.17632080279858539     
          32  0.17908932148303014     
          33  0.16800983454687599     
          34  0.17021530405524135     
          35  0.16619433549125115     
          36  0.15979903536082429     
          37  0.19251266154056298     
          38  0.15619593657539760     
          39  0.16021719203571089     
          40  0.14305834785175767     
          41  0.13927444580939841     
          42  0.14553361264547551     
          43  0.14579773352662206     
          44  0.14437483784279889     
          45  0.16109862151373006     
          46  0.12886307489262655     
          47  0.13464212128009023     
          48  0.13242185099595041     
          49  0.14201552289904429     
          50  0.12360210423930321     
          51  0.12098535434365996     
          52  0.12812457073059622     
          53  0.12138847769817158     
          54  0.11938068010151412     
          55  0.10666817832112922     
          56  0.11563499503793653     
          57  0.10777376737313915     
          58  0.10543808039093817     
          59  0.10493138767113991     
          60  0.11057836744035460     
          61   9.5124630541343264E-002
          62  0.10040598306408176     
          63  0.10362190227464566     
          64   9.2960236846799493E-002
          65   8.8890559461474145E-002
          66   9.7644753037117366E-002
          67   8.9066253889629063E-002
          68   8.7098954773219162E-002
          69   9.2956894898426304E-002
          70   8.4868367848260476E-002
          71   9.1689306398247350E-002
          72   8.2355729176558326E-002
          73   7.8864635997187821E-002
          74   7.5690278231894739E-002
          75   8.4445379928581837E-002
          76   7.6402654475378320E-002
          77   8.2688403643025196E-002
          78   7.9389118242267381E-002
          79   6.8965926118405421E-002
          80   6.5971236305630288E-002
          81   7.0329405427540084E-002
          82   6.7933527165258453E-002
          83   6.9149599173797288E-002
          84   6.1885347788272566E-002
          85   6.3349579481520826E-002
          86   6.2947051756153949E-002
          87   5.7906099248209782E-002
          88   5.4663170651465261E-002
          89   5.8571827570084743E-002
          90   5.3742201310312654E-002
          91   5.3389874971812398E-002
          92   5.1508161489782045E-002
          93   5.3724832154607355E-002
          94   4.9091337268781662E-002
          95   5.4357368408921067E-002
          96   4.6223308673392319E-002
          97   4.6445761900104819E-002
          98   4.9850057090232783E-002
          99   4.8084029968448357E-002
         100   4.5646408767898300E-002
         101   4.3269920418178114E-002
         102   4.2104444238379703E-002
         103   4.2723039947931959E-002
         104   4.5986165653887912E-002
         105   4.3185930201923822E-002
         106   4.3921388763560443E-002
         107   3.7589263588858106E-002
         108   3.6416860897526313E-002
         109   3.7384912473280268E-002
         110   3.5383396154383066E-002
         111   3.7622827044607968E-002
         112   3.7153555130212026E-002
         113   3.4720440313293577E-002
         114   3.1389113939503367E-002
         115   3.3409033837571447E-002
         116   3.3939855662465199E-002
         117   3.3998189025454012E-002
         118   2.9577775458659108E-002
         119   2.9966179039988803E-002
         120   2.8884333925025488E-002
         121   2.9479863122019227E-002
         122   3.1283458776531950E-002
         123   2.8164362543077508E-002
         124   2.6032115568375494E-002
         125   2.7232224478934780E-002
         126   2.8338944776226668E-002
         127   2.4624283848362048E-002
         128   2.5641804181613669E-002
         129   2.3774307026788469E-002
         130   2.3598465677267918E-002
         131   2.4658264974759744E-002
         132   2.2171617209839078E-002
         133   2.0578448474299692E-002
         134   2.1245976327799076E-002
         135   2.1279578321085277E-002
         136   2.1176213061605040E-002
         137   1.9528196087558229E-002
         138   2.1781107304669121E-002
         139   2.0453224473239610E-002
         140   1.7821418951326155E-002
         141   1.6407090043264141E-002
         142   1.7087586858353369E-002
         143   1.6654959197608170E-002
         144   1.8299378852193519E-002
         145   1.6910611579121822E-002
         146   1.7496008191322448E-002
         147   1.6640321253411677E-002
         148   1.7182927572332359E-002
         149   1.7984651585111342E-002
         150   1.7256085247610575E-002
         151   1.4737444151972675E-002
         152   1.4577172155541707E-002
         153   1.4791741142599828E-002
         154   1.4270026372913580E-002
         155   1.4416056560909428E-002
         156   1.2868805460337619E-002
         157   1.3375685736398921E-002
         158   1.2003898093262232E-002
         159   1.2294007025341436E-002
         160   1.2755646152449288E-002
         161   1.2663570921638048E-002
         162   1.2506623077338229E-002
         163   1.2973938902581703E-002
         164   1.1650129528641237E-002
         165   1.1390257623240476E-002
         166   1.0019911992522392E-002
         167   1.2391001352238629E-002
         168   1.0791845701659549E-002
         169   1.0801041271876623E-002
         170   9.7468313523895855E-003
         171   1.0310849184446226E-002
         172   8.8001146226834165E-003
         173   8.6195913339009878E-003
         174   9.6144224621931805E-003
         175   8.6030126375172579E-003
         176   8.4053662909946945E-003
         177   8.4842788444901337E-003
         178   7.5687257669679467E-003
         179   7.7319342147771607E-003
         180   8.4499545120758236E-003
         181   8.4086906129173227E-003
         182   7.7420275187813385E-003
         183   7.1860682248286560E-003
         184   8.4210761226741551E-003
         185   7.1228950622063180E-003
         186   7.0715151826041787E-003
         187   6.7917472048052889E-003
         188   7.1663441700929188E-003
         189   7.4221372942637120E-003
         190   5.8561828953049453E-003
         191   6.9010127248234311E-003
         192   6.2490265541751975E-003
         193   6.5463265939409848E-003
         194   5.9317585621925829E-003
         195   6.5566979289849291E-003
         196   5.3192743062055172E-003
         197   5.5680692909743030E-003
         198   6.0584464810732128E-003
         199   4.9589656363102372E-003
         200   5.1660720928470060E-003
         201   5.3311893670376113E-003
         202   5.5708233322873573E-003
         203   5.2661654952395566E-003
         204   4.4153585875823026E-003
         205   4.4656183743761553E-003
         206   4.8530866661855524E-003
         207   4.4923939022209888E-003
         208   4.5765792514673356E-003
         209   4.4241609246694763E-003
         210   4.7600958378555278E-003
         211   4.6785422950110277E-003
         212   4.4228091191488338E-003
         213   3.6829855315837203E-003
         214   3.6503610971492105E-003
         215   3.8724613861544767E-003
         216   3.8905992513626926E-003
         217   3.8868256416521732E-003
         218   3.7673949587725673E-003
         219   3.5990434668935960E-003
         220   3.9443080721894589E-003
         221   3.3575220803221321E-003
         222   3.1980261772691244E-003
         223   3.3762526736624094E-003
         224   3.5211508896575839E-003
         225   3.2558887992598308E-003
         226   2.8070490347126970E-003
         227   2.9668015594020132E-003
         228   3.1555604459144043E-003
         229   3.3540860785324388E-003
         230   2.6505911669368787E-003
         231   2.8516034539374006E-003
         232   2.6066456986998509E-003
         233   3.0212112936380685E-003
         234   2.8214505609449503E-003
         235   3.0562228680075885E-003
         236   2.4753673930652830E-003
         237   2.1175369535264030E-003
         238   2.2393672001038778E-003
         239   1.9419175201326993E-003
         240   2.6272165686919264E-003
         241   2.2517082319046728E-003
         242   1.8409599365871137E-003
         243   1.9600500811994752E-003
         244   2.4495884144861320E-003
         245   2.0595717320850211E-003
         246   2.1079328037291361E-003
         247   2.0524448070385784E-003
         248   2.2297479863220893E-003
         249   2.0966322873496894E-003
         250   1.9399550018356253E-003
         251   1.6360655941200135E-003
         252   1.8719162853219205E-003
         253   1.8584210070920057E-003
         254   1.9286975604654671E-003
         255   1.5727971127056665E-003
         256   1.4392407862004928E-003
         257   1.7273365227472629E-003
         258   1.4173502499938927E-003
         259   1.5127874386375610E-003
         260   1.3956223897762217E-003
         261   1.8624082544971597E-003
         262   1.6749247729547650E-003
         263   1.6382602552878715E-003
         264   1.3543411364272918E-003
         265   1.7269027644960658E-003
         266   1.6020366611636321E-003
         267   1.2234693222327197E-003
         268   1.2145098000253263E-003
         269   1.4462267145055930E-003
         270   1.3482709018103659E-003
         271   1.2957478239233929E-003
         272   9.8624692383038988E-004
         273   1.2020505164793483E-003
         274   1.2890368563966842E-003
         275   9.7492992186860134E-004
         276   1.4992109850544503E-003
         277   1.0332308594225078E-003
         278   1.0975458388246349E-003
         279   1.1510220900986358E-003
         280   1.2240293418679076E-003
         281   9.3412432885020080E-004
         282   1.0468213269529450E-003
         283   9.6053784720052503E-004
         284   1.0423236038476951E-003
         285   8.7883621494574558E-004
         286   7.7567986321807648E-004
         287   9.0500723324944243E-004
         288   8.3198503776142543E-004
         289   9.8733230879962416E-004
         290   8.9573945850387787E-004
         291   9.0844078835027172E-004
         292   7.9999786656801731E-004
         293   8.1278192379476209E-004
         294   8.3522190627838310E-004
         295   7.4741217470461962E-004
         296   8.2391154109928764E-004
         297   6.6558387724832083E-004
         298   8.7506681286418609E-004
         299   5.1446743771245201E-004
         300   6.4353221712255587E-004
         301   7.5291712190272563E-004
         302   8.7831171152189479E-004
         303   4.1508489767086611E-004
         304   7.2954008507651212E-004
         305   8.3555161758115117E-004
         306   7.3693922137275914E-004
         307   5.9770769245242044E-004
         308   5.9375731451733946E-004
         309   6.7291149617321861E-004
         310   5.4493343595682429E-004
         311   6.0687003004389741E-004
         312   6.5989914807211005E-004
         313   4.7762072435383098E-004
         314   5.7924276633928879E-004
         315   5.2752716786144595E-004
         316   4.6065170339359285E-004
         317   4.5775567154650803E-004
         318   3.2936938535701494E-004
         319   4.4462863726395609E-004
         320   4.1072282152583193E-004
         321   4.0013782825862939E-004
         322   4.2843542174318374E-004
         323   4.3342951991256692E-004
         324   3.6276312717864050E-004
         325   2.4029976859551167E-004
         326   4.5509126885621276E-004
         327   3.9333537007042957E-004
         328   3.9835810385326271E-004
         329   2.6380221709652093E-004
         330   3.4981573057993944E-004
         331   2.6054922048938749E-004
         332   4.6786349754694202E-004
         333   3.2925718860236285E-004
         334   4.1258625432672688E-004
         335   3.1123431495531722E-004
         336   2.2498009299429811E-004
         337   3.7031250658553641E-004
         338   3.1961575253835084E-004
         339   2.9699222126887100E-004
         340   2.2656330625060012E-004
         341   3.0707960381334652E-004
         342   1.7640327371795092E-004
         343   2.7656649445513022E-004
         344   2.2121100199694145E-004
         345   1.3330507623400016E-004
         346   2.4532839398177538E-004
         347   3.0310775792277369E-004
         348   1.6379771432125927E-004
         349   2.0855374989650488E-004
         350   2.0073608227985819E-004
         351   2.1258986618440356E-004
         352   2.1132001305396536E-004
         353   1.3385187587190182E-004
         354   1.5822643115905515E-004
         355   2.2034372147804518E-004
         356   2.3785206305875387E-004
         357   2.2409976876908266E-004
         358   2.0445643113314581E-004
         359   1.2309832327144475E-004
         360   1.5921237850316790E-004
         361   1.7665517732530796E-004
         362   1.2719499102846661E-004
         363   1.2653083799404316E-004
         364   1.6763257256559199E-004
         365   1.9064225129798799E-004
         366   1.3625226479239535E-004
         367   1.1199679757036301E-004
         368   1.4060923150779433E-004
         369   1.1655878006830438E-004
         370   1.4504316809808309E-004
         371   9.8063473675646720E-005
         372   9.1797273043499190E-005
         373   1.2544933845989379E-004
         374   1.0780771609108880E-004
         375   1.1296229582425266E-004
         376   7.2927206109632266E-005
         377   7.2542468356704234E-005
         378   7.7777841669959610E-005
         379   8.2859370096826328E-005
         380   7.6884911637526961E-005
         381   1.3128219373535632E-004
         382   1.4141652430040523E-004
         383   1.3526891796096711E-004
         384   6.9989880123475141E-005
         385   9.1060835328689397E-005
         386   6.3942543600002596E-005
         387   7.9479489741432564E-005
         388   5.2737792995560534E-005
         389   1.0492502278976701E-004
         390   7.8233536727865204E-005
         391   4.1557925081566494E-005
         392   7.7457462809787293E-005
         393   3.0835035673013296E-005
         394   7.1565274299865275E-005
         395   1.0686739434896973E-004
         396   9.6194126518923235E-005
         397   8.0580937625973910E-005
         398   5.5089102876011645E-005
         399   7.9771694637250897E-005
         400   4.4662805365945876E-005
         401   9.3725086611910435E-005
         402   4.9119708914115814E-005
         403   7.3299657219119327E-005
         404   6.3270503147248579E-005
         405   7.7418352722643109E-005
         406   1.0596293241090796E-004
         407   6.7059291267324749E-005
         408   3.8169990143846443E-005
         409   3.7985017967714085E-005
         410   5.6643817739534635E-005
         411   5.1721019573234345E-005
         412   6.0785597019161913E-005
         413   5.1204669534954273E-005
         414   5.5572425405582840E-005
         415   5.5266590626313417E-005
         416   3.2100763952143862E-005
         417   5.4804402471668689E-005
         418   4.9964210531239528E-005
         419   4.0660817226312460E-005
         420   2.2510893765775446E-005
         421   5.3754310891636281E-005
         422   4.4513900080428510E-005
         423   3.9938589693649084E-005
         424   4.4218587766229069E-005
         425   1.3194181023890630E-005
         426   4.8080950226303994E-005
         427   6.0950184153155559E-005
         428   4.7677887952336284E-005
         429   3.0223747392629304E-005
         430   1.2869286278052625E-005
         431   3.8473503701021969E-005
         432   4.6766036142405210E-005
         433   4.2328451591600606E-005
         434   3.3715352214226526E-005
         435   4.6167607864380373E-005
         436   2.5045813569221173E-005
         437   2.9120894685059805E-005
         438   2.4802335722444681E-005
         439   2.8834754570003156E-005
         440   1.2295470528985232E-005
         441   8.1718350290610221E-006
         442   2.4384856270904309E-005
         443   3.6423517960927960E-005
         444   4.8294805100886372E-005
         445   4.4102455237856667E-005
         446   3.1933936318405663E-005
         447   2.7815173529951714E-005
         448   1.1872061990348912E-005
         449   1.1799735877007303E-005
         450   1.1767267584235374E-005
         451   1.5618937037972008E-005
         452   4.2744684225321573E-005
         453   7.7339212917630192E-006
         454   2.3113670183920489E-005
         455   2.6858490086007102E-005
         456   3.8192667421379526E-005
         457   4.1815240095199749E-005
         458   1.8926857840711407E-005
         459   1.8855581387381307E-005
         460   1.5008892891442832E-005
         461   2.9938969878504840E-005
         462   1.8585333231044960E-005
         463   1.1117253062484834E-005
         464   1.1057785452099114E-005
         465   4.4080919509955853E-005
         466   0.0000000000000000E+000
         467   3.2770511880794499E-005
         468   1.0883543428651049E-005
         469   1.4433761598474750E-005
         470   3.6015186980940135E-006
         471   0.0000000000000000E+000
         472   3.5634639416692621E-006
         473   1.7746207137895658E-005
         474   1.4131604665789470E-005
         475   1.4075730090184736E-005
         476   1.7545819449646413E-005
         477   1.7439995493928143E-005
         478   2.0850030571575072E-005
         479   1.3837786451415708E-005
         480   6.8881711289226779E-006
         481   3.4256862276563677E-006
         482   3.0759430515162380E-005
         483   3.3986598163442118E-006
         484   1.3564217669748829E-005
         485   1.0122979184445477E-005
         486   1.0070742616303439E-005
         487   0.0000000000000000E+000
         488   6.6719776485609807E-006
         489   3.3211847287438022E-006
         490   1.9861868334780888E-005
         491   6.5821617968250535E-006
         492   9.8362124354914462E-006
         493   2.2873684665498896E-005
         494   3.2586686159345378E-006
         495   9.7132449436430629E-006
         496   3.2319794668726328E-006
         497   0.0000000000000000E+000
         498   6.4128022197245523E-006
         499   1.2743001334786228E-005
         500   0.0000000000000000E+000
         501   9.4999399763756647E-006
         502   3.1512554608367987E-006
         503   3.1442976146471206E-006
         504   0.0000000000000000E+000
         505   0.0000000000000000E+000
         506   1.2408867733245244E-005
         507   3.0923696492498533E-006
         508   1.2307253663773859E-005
         509   9.2086886422998367E-006
         510   3.0505454550895018E-006
         511   0.0000000000000000E+000
         512   3.0345956376158763E-006
         513   3.0209173800067433E-006
         514   6.0066506642468400E-006
         515   2.9959654521622198E-006
         516   5.9588845182004239E-006
         517   0.0000000000000000E+000
         518   1.1838849267458544E-005
         519   0.0000000000000000E+000
         520   2.9335473555841333E-006
         521   5.8613035094128117E-006
         522   2.0425853460302544E-005
         523   5.8090074737875696E-006
         524   2.8935398623402280E-006
         525   8.6510758406958559E-006
         526   0.0000000000000000E+000
         527   1.7138513780931825E-005
         528   5.6915499654452373E-006
         529   5.6802487890919294E-006
         530   5.6492346645344748E-006
         531   0.0000000000000000E+000
         532   0.0000000000000000E+000
         533   1.3997743012169967E-005
         534   0.0000000000000000E+000
         535   1.1097125573637730E-005
         536   0.0000000000000000E+000
         537   5.5012201358836475E-006
         538   0.0000000000000000E+000
         539   0.0000000000000000E+000
         540   0.0000000000000000E+000
         541   2.7095847770513560E-006
         542   8.1110472718556185E-006
         543   2.6941184021635619E-006
         544   8.0551510615709059E-006
         545   5.3457804274271511E-006
         546   5.3307698710105730E-006
         547   0.0000000000000000E+000
         548   0.0000000000000000E+000
         549   1.0557418811460868E-005
         550   0.0000000000000000E+000
         551   0.0000000000000000E+000
         552   2.6045789821638600E-006
         553   0.0000000000000000E+000
         554   5.1679354787833507E-006
         555   0.0000000000000000E+000
         556   0.0000000000000000E+000
         557   0.0000000000000000E+000
         558   2.5555322250545627E-006
         559   2.5424160812186698E-006
         560   5.0730921184590658E-006
         561   7.5809592519904589E-006
         562   0.0000000000000000E+000
         563   0.0000000000000000E+000
         564   7.4814388321643603E-006
         565   2.4852381514752147E-006
         566   2.4793017016684185E-006
         567   0.0000000000000000E+000
         568   0.0000000000000000E+000
         569   0.0000000000000000E+000
         570   0.0000000000000000E+000
         571   2.4360090866877109E-006
         572   0.0000000000000000E+000
         573   0.0000000000000000E+000
         574   0.0000000000000000E+000
         575   0.0000000000000000E+000
         576   0.0000000000000000E+000
         577   0.0000000000000000E+000
         578   0.0000000000000000E+000
         579   0.0000000000000000E+000
         580   2.3638626913010057E-006
         581   0.0000000000000000E+000
         582   0.0000000000000000E+000
         583   0.0000000000000000E+000
         584   0.0000000000000000E+000
         585   0.0000000000000000E+000
         586   0.0000000000000000E+000
         587   0.0000000000000000E+000
         588   0.0000000000000000E+000
         589   0.0000000000000000E+000
         590   0.0000000000000000E+000
         591   6.8180024132116803E-006
         592   0.0000000000000000E+000
         593   2.2559149859832667E-006
         594   0.0000000000000000E+000
         595   0.0000000000000000E+000
         596   0.0000000000000000E+000
         597   2.2270788787759009E-006
         598   0.0000000000000000E+000
         599   4.4333299883853165E-006
         600   0.0000000000000000E+000
         601   0.0000000000000000E+000
         602   0.0000000000000000E+000
         603   0.0000000000000000E+000
         604   2.1796921096593856E-006
         605   0.0000000000000000E+000
         606   0.0000000000000000E+000
         607   0.0000000000000000E+000
         608   0.0000000000000000E+000
         609   2.1433702294198763E-006
         610   0.0000000000000000E+000
         611   0.0000000000000000E+000
         612   2.1214219594028720E-006
         613   0.0000000000000000E+000
         614   0.0000000000000000E+000
         615   0.0000000000000000E+000
         616   0.0000000000000000E+000
         617   0.0000000000000000E+000
         618   0.0000000000000000E+000
         619   0.0000000000000000E+000
         620   0.0000000000000000E+000
         621   0.0000000000000000E+000
         622   0.0000000000000000E+000
         623   0.0000000000000000E+000
         624   0.0000000000000000E+000
         625   0.0000000000000000E+000
         626   2.0267396175301982E-006
         627   0.0000000000000000E+000
         628   0.0000000000000000E+000
         629   4.0146259767559031E-006
         630   2.0040965003977713E-006
         631   1.9959286639898619E-006
         632   0.0000000000000000E+000
         633   1.9815516172620292E-006
         634   0.0000000000000000E+000
         635   0.0000000000000000E+000
         636   1.9658479040967799E-006
         637   0.0000000000000000E+000
         638   0.0000000000000000E+000
         639   0.0000000000000000E+000
         640   0.0000000000000000E+000
         641   0.0000000000000000E+000
         642   0.0000000000000000E+000
         643   0.0000000000000000E+000
         644   1.9183067386778385E-006
         645   0.0000000000000000E+000
         646   0.0000000000000000E+000
         647   0.0000000000000000E+000
         648   0.0000000000000000E+000
         649   0.0000000000000000E+000
         650   0.0000000000000000E+000
         651   0.0000000000000000E+000
         652   1.8702972673978891E-006
         653   3.7256505518560675E-006
         654   0.0000000000000000E+000
         655   1.8536676682747692E-006
         656   1.8454256946966888E-006
         657   0.0000000000000000E+000
         658   0.0000000000000000E+000
         659   0.0000000000000000E+000
         660   1.8219569756389747E-006
         661   1.8180846831080827E-006
         662   0.0000000000000000E+000
         663   0.0000000000000000E+000
         664   0.0000000000000000E+000
         665   1.7951555501481728E-006
         666   0.0000000000000000E+000
         667   0.0000000000000000E+000
         668   0.0000000000000000E+000
         669   0.0000000000000000E+000
         670   0.0000000000000000E+000
         671   0.0000000000000000E+000
         672   0.0000000000000000E+000
         673   0.0000000000000000E+000
         674   0.0000000000000000E+000
         675   0.0000000000000000E+000
         676   0.0000000000000000E+000
         677   0.0000000000000000E+000
         678   0.0000000000000000E+000
         679   0.0000000000000000E+000
         680   0.0000000000000000E+000
         681   0.0000000000000000E+000
         682   0.0000000000000000E+000
         683   0.0000000000000000E+000
         684   1.6996738475326644E-006
         685   0.0000000000000000E+000
         686   1.6884625104844948E-006
         687   0.0000000000000000E+000
         688   0.0000000000000000E+000
         689   0.0000000000000000E+000
         690   0.0000000000000000E+000
         691   0.0000000000000000E+000
         692   0.0000000000000000E+000
         693   0.0000000000000000E+000
         694   0.0000000000000000E+000
         695   0.0000000000000000E+000
         696   0.0000000000000000E+000
         697   0.0000000000000000E+000
         698   0.0000000000000000E+000
         699   0.0000000000000000E+000
         700   0.0000000000000000E+000
         701   0.0000000000000000E+000
         702   0.0000000000000000E+000
         703   0.0000000000000000E+000
         704   0.0000000000000000E+000
         705   0.0000000000000000E+000
         706   0.0000000000000000E+000
         707   0.0000000000000000E+000
         708   0.0000000000000000E+000
         709   0.0000000000000000E+000
         710   0.0000000000000000E+000
         711   0.0000000000000000E+000
         712   0.0000000000000000E+000
         713   0.0000000000000000E+000
         714   0.0000000000000000E+000
         715   0.0000000000000000E+000
         716   0.0000000000000000E+000
         717   0.0000000000000000E+000
         718   0.0000000000000000E+000
         719   0.0000000000000000E+000
         720   0.0000000000000000E+000
         721   0.0000000000000000E+000
         722   0.0000000000000000E+000
         723   0.0000000000000000E+000
         724   0.0000000000000000E+000
         725   0.0000000000000000E+000
         726   0.0000000000000000E+000
         727   0.0000000000000000E+000
         728   0.0000000000000000E+000
         729   0.0000000000000000E+000
         730   0.0000000000000000E+000
         731   0.0000000000000000E+000
         732   0.0000000000000000E+000
         733   0.0000000000000000E+000
         734   0.0000000000000000E+000
         735   0.0000000000000000E+000
         736   0.0000000000000000E+000
         737   0.0000000000000000E+000
         738   0.0000000000000000E+000
         739   0.0000000000000000E+000
         740   0.0000000000000000E+000
         741   0.0000000000000000E+000
         742   0.0000000000000000E+000
         743   0.0000000000000000E+000
         744   0.0000000000000000E+000
         745   0.0000000000000000E+000
         746   0.0000000000000000E+000
         747   0.0000000000000000E+000
         748   0.0000000000000000E+000
         749   0.0000000000000000E+000
         750   0.0000000000000000E+000
         751   0.0000000000000000E+000
         752   0.0000000000000000E+000
         753   0.0000000000000000E+000
         754   0.0000000000000000E+000
         755   0.0000000000000000E+000
         756   0.0000000000000000E+000
         757   0.0000000000000000E+000
         758   0.0000000000000000E+000
         759   0.0000000000000000E+000
         760   0.0000000000000000E+000
         761   0.0000000000000000E+000
         762   0.0000000000000000E+000
         763   0.0000000000000000E+000
         764   0.0000000000000000E+000
         765   0.0000000000000000E+000
         766   0.0000000000000000E+000
         767   0.0000000000000000E+000
         768   0.0000000000000000E+000
         769   0.0000000000000000E+000
         770   0.0000000000000000E+000
         771   0.0000000000000000E+000
         772   0.0000000000000000E+000
         773   0.0000000000000000E+000
         774   0.0000000000000000E+000
         775   0.0000000000000000E+000
         776   0.0000000000000000E+000
         777   0.0000000000000000E+000
         778   0.0000000000000000E+000
         779   0.0000000000000000E+000
         780   0.0000000000000000E+000
         781   0.0000000000000000E+000
         782   0.0000000000000000E+000
         783   0.0000000000000000E+000
         784   0.0000000000000000E+000
         785   0.0000000000000000E+000
         786   0.0000000000000000E+000
         787   0.0000000000000000E+000
         788   0.0000000000000000E+000
         789   0.0000000000000000E+000
         790   0.0000000000000000E+000
         791   0.0000000000000000E+000
         792   0.0000000000000000E+000
         793   0.0000000000000000E+000
         794   0.0000000000000000E+000
         795   0.0000000000000000E+000
         796   0.0000000000000000E+000
         797   0.0000000000000000E+000
         798   0.0000000000000000E+000
         799   0.0000000000000000E+000
         800   0.0000000000000000E+000
         801   0.0000000000000000E+000
         802   0.0000000000000000E+000
         803   0.0000000000000000E+000
         804   0.0000000000000000E+000
         805   0.0000000000000000E+000
         806   0.0000000000000000E+000
         807   0.0000000000000000E+000
         808   0.0000000000000000E+000
         809   0.0000000000000000E+000
         810   0.0000000000000000E+000
         811   0.0000000000000000E+000
         812   0.0000000000000000E+000
         813   0.0000000000000000E+000
         814   0.0000000000000000E+000
         815   0.0000000000000000E+000
         816   0.0000000000000000E+000
         817   0.0000000000000000E+000
         818   0.0000000000000000E+000
         819   0.0000000000000000E+000
         820   0.0000000000000000E+000
         821   0.0000000000000000E+000
         822   0.0000000000000000E+000
         823   0.0000000000000000E+000
         824   0.0000000000000000E+000
         825   0.0000000000000000E+000
         826   0.0000000000000000E+000
         827   0.0000000000000000E+000
         828   0.0000000000000000E+000
         829   0.0000000000000000E+000
         830   0.0000000000000000E+000
         831   0.0000000000000000E+000
         832   0.0000000000000000E+000
         833   0.0000000000000000E+000
         834   0.0000000000000000E+000
         835   0.0000000000000000E+000
         836   0.0000000000000000E+000
         837   0.0000000000000000E+000
         838   0.0000000000000000E+000
         839   0.0000000000000000E+000
         840   0.0000000000000000E+000
         841   0.0000000000000000E+000
         842   0.0000000000000000E+000
         843   0.0000000000000000E+000
         844   0.0000000000000000E+000
         845   0.0000000000000000E+000
         846   0.0000000000000000E+000
         847   0.0000000000000000E+000
         848   0.0000000000000000E+000
         849   0.0000000000000000E+000
         850   0.0000000000000000E+000
         851   0.0000000000000000E+000
         852   0.0000000000000000E+000
         853   0.0000000000000000E+000
         854   0.0000000000000000E+000
         855   0.0000000000000000E+000
         856   0.0000000000000000E+000
         857   0.0000000000000000E+000
         858   0.0000000000000000E+000
         859   0.0000000000000000E+000
         860   0.0000000000000000E+000
         861   0.0000000000000000E+000
         862   0.0000000000000000E+000
         863   0.0000000000000000E+000
         864   0.0000000000000000E+000
         865   0.0000000000000000E+000
         866   0.0000000000000000E+000
         867   0.0000000000000000E+000
         868   0.0000000000000000E+000
         869   0.0000000000000000E+000
         870   0.0000000000000000E+000
         871   0.0000000000000000E+000
         872   0.0000000000000000E+000
         873   0.0000000000000000E+000
         874   0.0000000000000000E+000
         875   0.0000000000000000E+000
         876   0.0000000000000000E+000
         877   0.0000000000000000E+000
         878   0.0000000000000000E+000
         879   0.0000000000000000E+000
         880   0.0000000000000000E+000
         881   0.0000000000000000E+000
         882   0.0000000000000000E+000
         883   0.0000000000000000E+000
         884   0.0000000000000000E+000
         885   0.0000000000000000E+000
         886   0.0000000000000000E+000
         887   0.0000000000000000E+000
         888   0.0000000000000000E+000
         889   0.0000000000000000E+000
         890   0.0000000000000000E+000
         891   0.0000000000000000E+000
         892   0.0000000000000000E+000
         893   0.0000000000000000E+000
         894   0.0000000000000000E+000
         895   0.0000000000000000E+000
         896   0.0000000000000000E+000
         897   0.0000000000000000E+000
         898   0.0000000000000000E+000
         899   0.0000000000000000E+000
         900   0.0000000000000000E+000
         901   0.0000000000000000E+000
         902   0.0000000000000000E+000
         903   0.0000000000000000E+000
         904   0.0000000000000000E+000
         905   0.0000000000000000E+000
         906   0.0000000000000000E+000
         907   0.0000000000000000E+000
         908   0.0000000000000000E+000
         909   0.0000000000000000E+000
         910   0.0000000000000000E+000
         911   0.0000000000000000E+000
         912   0.0000000000000000E+000
         913   0.0000000000000000E+000
         914   0.0000000000000000E+000
         915   0.0000000000000000E+000
         916   0.0000000000000000E+000
         917   0.0000000000000000E+000
         918   0.0000000000000000E+000
         919   0.0000000000000000E+000
         920   0.0000000000000000E+000
         921   0.0000000000000000E+000
         922   0.0000000000000000E+000
         923   0.0000000000000000E+000
         924   0.0000000000000000E+000
         925   0.0000000000000000E+000
         926   0.0000000000000000E+000
         927   0.0000000000000000E+000
         928   0.0000000000000000E+000
         929   0.0000000000000000E+000
         930   0.0000000000000000E+000
         931   0.0000000000000000E+000
         932   0.0000000000000000E+000
         933   0.0000000000000000E+000
         934   0.0000000000000000E+000
         935   0.0000000000000000E+000
         936   0.0000000000000000E+000
         937   0.0000000000000000E+000
         938   0.0000000000000000E+000
         939   0.0000000000000000E+000
         940   0.0000000000000000E+000
         941   0.0000000000000000E+000
         942   0.0000000000000000E+000
         943   0.0000000000000000E+000
         944   0.0000000000000000E+000
         945   0.0000000000000000E+000
         946   0.0000000000000000E+000
         947   0.0000000000000000E+000
         948   0.0000000000000000E+000
         949   0.0000000000000000E+000
         950   0.0000000000000000E+000
         951   0.0000000000000000E+000
         952   0.0000000000000000E+000
         953   0.0000000000000000E+000
         954   0.0000000000000000E+000
         955   0.0000000000000000E+000
         956   0.0000000000000000E+000
         957   0.0000000000000000E+000
         958   0.0000000000000000E+000
         959   0.0000000000000000E+000
         960   0.0000000000000000E+000
         961   0.0000000000000000E+000
         962   0.0000000000000000E+000
         963   0.0000000000000000E+000
         964   0.0000000000000000E+000
         965   0.0000000000000000E+000
         966   0.0000000000000000E+000
         967   0.0000000000000000E+000
         968   0.0000000000000000E+000
         969   0.0000000000000000E+000
         970   0.0000000000000000E+000
         971   0.0000000000000000E+000
         972   0.0000000000000000E+000
         973   0.0000000000000000E+000
         974   0.0000000000000000E+000
         975   0.0000000000000000E+000
         976   0.0000000000000000E+000
         977   0.0000000000000000E+000
         978   0.0000000000000000E+000
         979   0.0000000000000000E+000
         980   0.0000000000000000E+000
         981   0.0000000000000000E+000
         982   0.0000000000000000E+000
         983   0.0000000000000000E+000
         984   0.0000000000000000E+000
         985   0.0000000000000000E+000
         986   0.0000000000000000E+000
         987   0.0000000000000000E+000
         988   0.0000000000000000E+000
         989   0.0000000000000000E+000
         990   0.0000000000000000E+000
         991   0.0000000000000000E+000
         992   0.0000000000000000E+000
         993   0.0000000000000000E+000
         994   0.0000000000000000E+000
         995   0.0000000000000000E+000
         996   0.0000000000000000E+000
         997   0.0000000000000000E+000
         998   0.0000000000000000E+000
         999   0.0000000000000000E+000
        1000   0.0000000000000000E+000
