           1   0.0000000000000000E+000
           2   0.0000000000000000E+000
           3  0.11277193174877038     
           4   3.2779338335499689E-002
           5   3.1190147254627563E-002
           6   5.8448741842412895E-002
           7   4.2523111674232450E-002
           8   5.6221176128541418E-002
           9  0.10134925973829087     
          10   4.0540573496649350E-002
          11  0.10208806817717017     
          12  0.12788566672310220     
          13   7.8351623393611888E-002
          14   3.3971457891477257E-002
          15   7.6013609923917702E-002
          16   4.9407819624664201E-002
          17   6.5035312692515779E-002
          18   6.1154507464541763E-002
          19   6.6758136954148617E-002
          20   4.9542489530461510E-002
          21   7.3467680462887555E-002
          22   4.7240045033919022E-002
          23   5.0374678351050618E-002
          24   6.2189166648857597E-002
          25   9.1957342022651559E-002
          26   5.6742031119206893E-002
          27   5.6934641225268430E-002
          28   7.8485654996773624E-002
          29   7.1453142356550453E-002
          30   3.4173972898813597E-002
          31   4.5465234560164387E-002
          32   4.0067989592489327E-002
          33   6.2039967989327732E-002
          34   5.0852268380866490E-002
          35   5.7210924961282827E-002
          36   6.0524449458575588E-002
          37   4.6473685779151452E-002
          38   4.3972278813649762E-002
          39   5.5170703545596951E-002
          40   7.1336383301175380E-002
          41   5.2556850330912785E-002
          42   4.8444465673940000E-002
          43   5.5960400755373015E-002
          44   4.5324199530194419E-002
          45   4.1894714557536301E-002
          46   4.9976149335624685E-002
          47   4.2697499625993299E-002
          48   4.2267125123549361E-002
          49   4.6188514167114655E-002
          50   4.0206101307632448E-002
          51   4.7412494440381696E-002
          52   4.5688643827001336E-002
          53   3.4511113183785934E-002
          54   3.8550836957531726E-002
          55   4.9062980954848116E-002
          56   3.9204599947908592E-002
          57   4.5456508001776481E-002
          58   3.4578873713627348E-002
          59   4.1998249390733551E-002
          60   3.7358711185687198E-002
          61   4.8840582509046153E-002
          62   4.0156617549723883E-002
          63   3.9706765214611230E-002
          64   3.7677232699958714E-002
          65   3.8366272928458317E-002
          66   3.3673666428155086E-002
          67   3.3025725029282603E-002
          68   3.4646024413268597E-002
          69   3.1604352324123855E-002
          70   2.8518667603164616E-002
          71   2.8652003014894269E-002
          72   3.1773175931396239E-002
          73   3.3743285612778139E-002
          74   3.2865709617284480E-002
          75   3.3636615633846435E-002
          76   3.0041139670351696E-002
          77   2.8214695449894012E-002
          78   2.8678602320806768E-002
          79   3.2339560615730296E-002
          80   2.8114295100570907E-002
          81   3.2349131349714441E-002
          82   2.8296835598013992E-002
          83   3.5299344086293261E-002
          84   3.2185755093259952E-002
          85   2.8303422371400763E-002
          86   2.9580049834549406E-002
          87   2.6614319460430851E-002
          88   2.6309491974228216E-002
          89   2.7689476041081885E-002
          90   2.9838788242072291E-002
          91   2.8609863603744769E-002
          92   2.6895363121548443E-002
          93   2.6601771595397332E-002
          94   2.4959450507464835E-002
          95   2.3388770083617491E-002
          96   2.4697120832712371E-002
          97   2.4123766259810258E-002
          98   2.2245617120659349E-002
          99   2.1846791672564168E-002
         100   2.3969254346215548E-002
         101   2.5039343616834325E-002
         102   2.5970356443949159E-002
         103   2.3549542544404774E-002
         104   2.2310213345026118E-002
         105   2.3172049900252224E-002
         106   2.4211164280875937E-002
         107   2.0785153684017649E-002
         108   2.2095072344051017E-002
         109   2.1644353880254558E-002
         110   2.0739383017210865E-002
         111   2.0869418478445086E-002
         112   1.9372275569008422E-002
         113   2.0196222934952743E-002
         114   1.9841428556910165E-002
         115   1.9031936205947547E-002
         116   2.0461732567573568E-002
         117   1.6482920590770628E-002
         118   1.7688993805480613E-002
         119   1.9228198220698649E-002
         120   1.8259217042586196E-002
         121   1.9404781358062055E-002
         122   1.8237472200842705E-002
         123   1.7061201558111021E-002
         124   1.7974098116582758E-002
         125   1.8594973697447285E-002
         126   1.8343661883786246E-002
         127   1.7369985961458875E-002
         128   1.7594407960470845E-002
         129   1.7454985859455804E-002
         130   1.5747951534718585E-002
         131   1.5645744616428817E-002
         132   1.6094782084912284E-002
         133   1.5405149299083959E-002
         134   1.3507134923014984E-002
         135   1.6473718131561687E-002
         136   1.3831124798700460E-002
         137   1.3098615848008043E-002
         138   1.5228032849649176E-002
         139   1.4680276608852747E-002
         140   1.5188519439884907E-002
         141   1.4982926294272125E-002
         142   1.4186806491270272E-002
         143   1.3331026537169992E-002
         144   1.2918809671388681E-002
         145   1.3307218729989518E-002
         146   1.0905143737249984E-002
         147   1.2323092425639968E-002
         148   1.1911589232361819E-002
         149   1.2571052909626543E-002
         150   1.1102272988674448E-002
         151   1.3382607096871090E-002
         152   1.2967206610878534E-002
         153   1.0874108061879297E-002
         154   1.2600386984764655E-002
         155   1.1357896706322335E-002
         156   1.2898256722385561E-002
         157   1.1994041612164261E-002
         158   1.1057150168307033E-002
         159   1.0951486793899847E-002
         160   9.9757872089340782E-003
         161   1.0528406936220267E-002
         162   1.0876860153501960E-002
         163   1.0831678139489641E-002
         164   1.1201875142667243E-002
         165   9.8766528824201835E-003
         166   9.2151596432020373E-003
         167   9.6723522208571836E-003
         168   1.0063332266470026E-002
         169   9.2231621054834536E-003
         170   9.5547090215538817E-003
         171   9.7092477112586603E-003
         172   8.6115753792409683E-003
         173   8.9588224977666438E-003
         174   9.2274332814773485E-003
         175   8.9409361427499837E-003
         176   8.4809429210378536E-003
         177   7.6273511288777107E-003
         178   9.4127904791050168E-003
         179   9.0149077653435966E-003
         180   9.3278782143857535E-003
         181   7.8980200362055407E-003
         182   7.9099262778611051E-003
         183   8.2515733773520939E-003
         184   7.9458203940368857E-003
         185   7.4911414487478824E-003
         186   7.8710194657032537E-003
         187   7.9237885642018391E-003
         188   7.1227096764536089E-003
         189   7.4020269214265817E-003
         190   7.6098636480755799E-003
         191   8.0929840912822380E-003
         192   7.4519402481403926E-003
         193   6.3339583339442167E-003
         194   6.1827432955024438E-003
         195   6.8924992329220175E-003
         196   7.1749808631100071E-003
         197   6.6100892900722965E-003
         198   6.4442997793770686E-003
         199   6.6611976429660335E-003
         200   6.3544713116800901E-003
         201   6.1920812299153180E-003
         202   6.2493246872890769E-003
         203   6.0143080822324894E-003
         204   6.0882856088827746E-003
         205   6.2178236430312679E-003
         206   5.7285807234123904E-003
         207   5.9698487452769745E-003
         208   5.4552283875431958E-003
         209   6.0175552545573127E-003
         210   5.7280680884893307E-003
         211   5.6571540023550582E-003
         212   4.5801340871382303E-003
         213   5.5009005988000846E-003
         214   5.2568986528911954E-003
         215   5.4839093149395219E-003
         216   5.4677368353359167E-003
         217   5.3985244270548472E-003
         218   5.0180112488492530E-003
         219   5.2689284539336146E-003
         220   5.0398536145782030E-003
         221   5.1414032536333818E-003
         222   4.5969027533994860E-003
         223   5.0672051267725664E-003
         224   4.9261209300669505E-003
         225   4.8510222988802209E-003
         226   4.6842015387557022E-003
         227   4.4888495860658829E-003
         228   4.8616877245782108E-003
         229   4.7148498538158307E-003
         230   4.9285153044725900E-003
         231   4.1874079313159486E-003
         232   3.8576089598592791E-003
         233   3.9112922281240902E-003
         234   3.9789437423424501E-003
         235   4.0304689465345215E-003
         236   3.4850795196966515E-003
         237   4.1065489200357037E-003
         238   3.8049215870608025E-003
         239   4.3989185841019395E-003
         240   3.7416092917725565E-003
         241   3.6023787551291105E-003
         242   4.0460760697510314E-003
         243   3.7186277326051987E-003
         244   3.7661355493332901E-003
         245   3.7630130550799744E-003
         246   3.6274298787974829E-003
         247   2.9875786245234627E-003
         248   3.4149550576924154E-003
         249   3.4897510805375460E-003
         250   3.3102036213247935E-003
         251   3.4720896309016671E-003
         252   3.3198873164468875E-003
         253   3.4171235198535020E-003
         254   3.2929027205675517E-003
         255   3.2309586889336045E-003
         256   2.8064434122992946E-003
         257   2.9280206822362639E-003
         258   3.1195449609094702E-003
         259   3.0721808556068869E-003
         260   2.7911917228131584E-003
         261   3.2003105383603980E-003
         262   2.7944079631926997E-003
         263   2.7165683927602045E-003
         264   2.8211135214957234E-003
         265   2.5172883307839136E-003
         266   2.8570974756110369E-003
         267   2.5136787492282971E-003
         268   2.1302692473847743E-003
         269   2.4977836623751976E-003
         270   2.5997030535579880E-003
         271   2.5374370316703361E-003
         272   2.6788707677459166E-003
         273   2.7126007635770474E-003
         274   2.5877589454080452E-003
         275   2.4744418978447356E-003
         276   2.3833644712958207E-003
         277   2.3142381405654123E-003
         278   2.1240819827051702E-003
         279   2.0783135893990548E-003
         280   1.9721917079891503E-003
         281   2.1392120563017642E-003
         282   2.1745377472578418E-003
         283   2.1590529209110530E-003
         284   1.9854845064889081E-003
         285   2.1480669787280753E-003
         286   2.0746848509090149E-003
         287   1.9936660128143709E-003
         288   1.9699853772757779E-003
         289   1.9183664434397395E-003
         290   1.9332058018019032E-003
         291   2.1818289030169353E-003
         292   2.4647455941435659E-003
         293   2.0045015332717420E-003
         294   2.0648380871388472E-003
         295   2.0139673638516760E-003
         296   2.0091683037429127E-003
         297   1.8880311769914875E-003
         298   1.6431573258902086E-003
         299   1.8274793355476768E-003
         300   1.7184231533493096E-003
         301   1.8558057475938858E-003
         302   1.3566398454234903E-003
         303   1.7276646545612410E-003
         304   2.1117173739142849E-003
         305   1.8501024305761400E-003
         306   1.5670182213082938E-003
         307   1.5486063113237859E-003
         308   1.6969310317547673E-003
         309   1.6698534683297168E-003
         310   1.5103975505012272E-003
         311   1.7059058965693352E-003
         312   1.3281434427397996E-003
         313   1.3200961663357418E-003
         314   1.5043687837180419E-003
         315   1.7911036309564874E-003
         316   1.3343916669629541E-003
         317   1.6025507506486339E-003
         318   1.4589583890808138E-003
         319   1.2235453041508535E-003
         320   1.4328992296141743E-003
         321   1.3629794200657787E-003
         322   1.1934556039075526E-003
         323   1.3230786643059756E-003
         324   1.3379210639205695E-003
         325   1.3743627590479361E-003
         326   1.2242450927502234E-003
         327   1.2318922370134335E-003
         328   1.2978649873308208E-003
         329   1.2461496157965956E-003
         330   1.2749510419968299E-003
         331   1.2384051653242713E-003
         332   1.0221207211744156E-003
         333   1.0872615435777609E-003
         334   1.3297448548106809E-003
         335   1.1315358718951298E-003
         336   9.0647451872128738E-004
         337   1.0688579417892387E-003
         338   1.1668579711842794E-003
         339   1.0494722214275600E-003
         340   1.3109449528532766E-003
         341   9.3460870206941310E-004
         342   9.7005894911502625E-004
         343   9.3069880669859571E-004
         344   1.0259580401326604E-003
         345   1.1199561896451035E-003
         346   1.0934747760703567E-003
         347   1.0675646802927766E-003
         348   1.0679077015085467E-003
         349   1.0488177527670985E-003
         350   8.8121884142347009E-004
         351   1.0949466367736584E-003
         352   8.9048797663553983E-004
         353   1.0190290248861058E-003
         354   1.0132938767326433E-003
         355   1.0073002240934348E-003
         356   9.0182067473557742E-004
         357   8.6552189443240722E-004
         358   7.4910358675755562E-004
         359   9.2383556435296347E-004
         360   9.4274960229610697E-004
         361   7.2474108226744122E-004
         362   8.1148099639028056E-004
         363   7.9491051151323337E-004
         364   7.7259825853461504E-004
         365   8.6957509293953523E-004
         366   6.6963036406091558E-004
         367   7.1877376157697924E-004
         368   7.7952890480913954E-004
         369   8.5704399201478264E-004
         370   6.4326322945192809E-004
         371   6.9777059067396906E-004
         372   7.6253642731397117E-004
         373   7.1316729907629087E-004
         374   7.3201034866709038E-004
         375   7.3943884694462536E-004
         376   6.1181413206984120E-004
         377   7.7061128590090694E-004
         378   5.8332190603907963E-004
         379   6.2417020539138615E-004
         380   5.4957256777254232E-004
         381   5.9606414810475447E-004
         382   7.5617869239259588E-004
         383   6.1154680871456388E-004
         384   6.1908565373977999E-004
         385   6.0535443298162300E-004
         386   7.2435767197058358E-004
         387   5.6712073299748156E-004
         388   7.3299734773168740E-004
         389   5.0361773138936177E-004
         390   5.0095328530633146E-004
         391   5.6604555393690724E-004
         392   5.6287124081085492E-004
         393   6.2696896098425831E-004
         394   5.3689269396529644E-004
         395   5.6979282035651759E-004
         396   5.9745738565453025E-004
         397   5.9435997501246869E-004
         398   5.0615639459848400E-004
         399   4.5873681274546826E-004
         400   4.9616432054018847E-004
         401   5.0836976386977077E-004
         402   5.3536850270020431E-004
         403   5.3293365411148630E-004
         404   5.6897625354783226E-004
         405   4.6442139844366702E-004
         406   3.9968228607924379E-004
         407   4.2662790752814048E-004
         408   4.2923091220755370E-004
         409   4.1758014345657704E-004
         410   3.5887132460707150E-004
         411   4.7940726811071088E-004
         412   4.7705099058221556E-004
         413   3.8621869843521978E-004
         414   3.7050644966654575E-004
         415   3.9644947849685563E-004
         416   4.7710065331189704E-004
         417   4.2458190910027460E-004
         418   4.2256787587207782E-004
         419   3.8428184682944141E-004
         420   4.2304499544343306E-004
         421   3.7636081292559133E-004
         422   3.4329381355846706E-004
         423   3.6824323952191861E-004
         424   3.5769034607638773E-004
         425   3.6933580826577396E-004
         426   3.8935630042448340E-004
         427   3.4403773635922777E-004
         428   3.0344178054437810E-004
         429   3.1062911119284327E-004
         430   3.6926481551419215E-004
         431   3.4603315676744883E-004
         432   3.1903711394343188E-004
         433   3.5154615124790547E-004
         434   3.2454868966764913E-004
         435   3.3139684050116083E-004
         436   2.5889121714309270E-004
         437   2.9935204774932811E-004
         438   3.1452731459093126E-004
         439   3.0071798716748609E-004
         440   3.6506942841110903E-004
         441   2.7773057059584955E-004
         442   2.3986733539379244E-004
         443   2.2657617270178054E-004
         444   2.6585685285051549E-004
         445   2.9672201830742813E-004
         446   3.3135457090838726E-004
         447   3.5766711317011465E-004
         448   2.5320887709405878E-004
         449   2.0474908207301329E-004
         450   2.7048929688752965E-004
         451   2.8886401944229614E-004
         452   2.0212726290989722E-004
         453   2.0892653853994445E-004
         454   1.7333666308522541E-004
         455   2.3397430745257977E-004
         456   2.1387107171107160E-004
         457   2.5850078013090676E-004
         458   1.7795878809062206E-004
         459   2.5240735284624507E-004
         460   2.5137477619615163E-004
         461   2.0552573261163162E-004
         462   2.4181918050002359E-004
         463   1.8893442621652413E-004
         464   2.1769875443798322E-004
         465   2.0203905652475693E-004
         466   1.6090176281453793E-004
         467   2.4029682341656898E-004
         468   1.6316841019938341E-004
         469   1.9860660255865078E-004
         470   2.0136554811145516E-004
         471   1.9684602761835674E-004
         472   1.5679325820456058E-004
         473   2.1654920820735843E-004
         474   1.7674166964360278E-004
         475   2.1467762782520746E-004
         476   1.8922566186715744E-004
         477   1.8844932890630737E-004
         478   1.3551806591499034E-004
         479   1.4192842594281722E-004
         480   1.5168032198061690E-004
         481   2.1970240861286872E-004
         482   1.5728328140620479E-004
         483   1.1910382349144005E-004
         484   1.4234164014469361E-004
         485   1.4177810521485379E-004
         486   1.3450258861155616E-004
         487   8.7067603432227307E-005
         488   1.5338865767016493E-004
         489   1.4617993382023912E-004
         490   1.6540151957431713E-004
         491   1.5150201355181286E-004
         492   1.4761436142785944E-004
         493   1.8954464868535116E-004
         494   1.3993864286247692E-004
         495   1.3934507666471516E-004
         496   9.3615774901516669E-005
         497   1.5428813236944780E-004
         498   1.3451847631352771E-004
         499   1.1166700151631419E-004
         500   1.1436237140287631E-004
         501   1.2028670583851907E-004
         502   1.1348709235881576E-004
         503   1.6009787229594264E-004
         504   1.0323229847753359E-004
         505   8.0946766595456772E-005
         506   1.7064249786516084E-004
         507   1.2356900946304837E-004
         508   1.0770613386255937E-004
         509   1.1032667447284615E-004
         510   1.3431611940191963E-004
         511   1.2776237330762612E-004
         512   1.1210559693458054E-004
         513   1.5690230410441032E-004
         514   8.7180463523100316E-005
         515   1.1680145572040816E-004
         516   8.0587594417850397E-005
         517   1.1289145489778142E-004
         518   7.4001822737881009E-005
         519   8.2554208250906397E-005
         520   6.7534176501168655E-005
         521   9.9449742357036441E-005
         522   9.3260896889546909E-005
         523   1.0165619561848951E-004
         524   1.0124893334704184E-004
         525   1.1811413434746417E-004
         526   6.8887061458460940E-005
         527   7.1492159257027270E-005
         528   1.1110613821941586E-004
         529   8.5151947816656457E-005
         530   7.0661875309410124E-005
         531   7.0421241784847239E-005
         532   1.0105723769712001E-004
         533   6.9899732668046095E-005
         534   7.7992955096446872E-005
         535   9.9902156083888917E-005
         536   8.2951308837222098E-005
         537   6.8869065939305971E-005
         538   7.6844013918601824E-005
         539   4.6486925713534550E-005
         540   6.8093597776043685E-005
         541   6.5145963615343186E-005
         542   6.4915899556418488E-005
         543   6.4621624721065667E-005
         544   1.1272717381893112E-004
         545   6.9502442558902949E-005
         546   7.1955419885147713E-005
         547   6.1079227149887674E-005
         548   7.4078752011486507E-005
         549   8.1691287626010358E-005
         550   8.4022532836807096E-005
         551   5.4960004149465469E-005
         552   8.0817228556788901E-005
         553   7.7896848317100635E-005
         554   7.7638026942650304E-005
         555   5.1598092151873951E-005
         556   5.9074946019900089E-005
         557   4.3519822661767932E-005
         558   6.3759925709510468E-005
         559   7.3707074757301157E-005
         560   6.3325627005805126E-005
         561   3.2820277016187062E-005
         562   4.5259177158177994E-005
         563   5.0084838303011044E-005
         564   3.9942864412100064E-005
         565   5.7260883593054732E-005
         566   4.2162308611701251E-005
         567   3.9531034743636602E-005
         568   3.4447233940582269E-005
         569   4.6629777912011822E-005
         570   4.8891628306561723E-005
         571   4.1412020771676896E-005
         572   5.5829462112118452E-005
         573   5.5649053803913157E-005
         574   2.8923532714165495E-005
         575   2.1626364261127723E-005
         576   2.6341421918286273E-005
         577   2.8642674878162436E-005
         578   2.6169063290849100E-005
         579   4.7401207429969369E-005
         580   2.1257607640803295E-005
         581   4.9429614622818925E-005
         582   2.8136820939577859E-005
         583   4.9096892893871747E-005
         584   4.1922169402738422E-005
         585   4.4093569833061365E-005
         586   4.6280772920691640E-005
         587   4.1487770579774100E-005
         588   2.9862568464325972E-005
         589   2.7485256253062910E-005
         590   2.9688316057682661E-005
         591   3.1826098357394905E-005
         592   2.7210767249396658E-005
         593   5.4207586902564238E-005
         594   4.0525878122062358E-005
         595   5.1598489048603815E-005
         596   3.5798206832096967E-005
         597   2.8967688552135175E-005
         598   5.1092185207790976E-005
         599   2.8793416306092847E-005
         600   3.9730247172580506E-005
         601   2.8599972987167444E-005
         602   3.5076210882703987E-005
         603   1.5302605630133958E-005
         604   4.3559704932360363E-005
         605   3.9085425627169973E-005
         606   4.1086306819188233E-005
         607   4.9583430542098863E-005
         608   1.5038453187381027E-005
         609   1.7132181974437900E-005
         610   2.3481630744333581E-005
         611   3.4043519689670508E-005
         612   2.5459374942257155E-005
         613   2.7492776669692400E-005
         614   3.3721178371848173E-005
         615   3.7818538716526605E-005
         616   1.4669373100446212E-005
         617   6.2663897027841534E-006
         618   1.8722062164995416E-005
         619   1.8653281826489547E-005
         620   2.6873231314325392E-005
         621   1.6484098890396618E-005
         622   2.0541011066246107E-005
         623   2.2520812441109994E-005
         624   1.6338812128272209E-005
         625   2.0343869514331510E-005
         626   2.8381170781265328E-005
         627   1.0104602764462295E-005
         628   1.2087242562575360E-005
         629   1.8063997812969189E-005
         630   2.6035397991564513E-005
         631   2.3948491732931455E-005
         632   1.7894931666564899E-005
         633   1.5863472652446601E-005
         634   2.1743716718233883E-005
         635   5.9113830784663853E-006
         636   2.1600975170975491E-005
         637   1.1744771694508030E-005
         638   3.1228147757319902E-005
         639   2.3347031155002611E-005
         640   2.3283780883705270E-005
         641   2.3204717718645492E-005
         642   9.6385145157098868E-006
         643   2.3065448492999111E-005
         644   7.6574757720586364E-006
         645   1.9096586912175684E-005
         646   1.1417250110851386E-005
         647   1.1394960791694243E-005
         648   1.8927009466415597E-005
         649   2.2639392973391459E-005
         650   2.0689696620006832E-005
         651   1.3126142136185291E-005
         652   2.0559713298948625E-005
         653   5.5881091586390562E-006
         654   7.4232404563959376E-006
         655   9.2624049946011949E-006
         656   9.2319287553025253E-006
         657   7.3630756940858713E-006
         658   5.5083409416742946E-006
         659   1.4642365574553866E-005
         660   1.0951060865828678E-005
         661   1.0912294790901464E-005
         662   5.4380260639186103E-006
         663   1.2650407130956865E-005
         664   1.2622169946010522E-005
         665   8.9763767208425941E-006
         666   5.3744290412918151E-006
         667   1.6072985355672444E-005
         668   8.9069884735126782E-006
         669   1.2418080989542906E-005
         670   1.4171786166922183E-005
         671   3.5338342810259278E-006
         672   1.0552337730092241E-005
         673   1.4035143579965649E-005
         674   3.4996655940155118E-006
         675   1.0461856344806559E-005
         676   1.0440487414992834E-005
         677   6.9433922751462711E-006
         678   8.6430676868481411E-006
         679   3.4445967265652367E-006
         680   8.5964749140494541E-006
         681   0.0000000000000000E+000
         682   5.1253989854039298E-006
         683   1.5332683331907970E-005
         684   5.1003661933160627E-006
         685   5.0744481656170459E-006
         686   8.4408389847347186E-006
         687   2.3576087866525998E-005
         688   2.1825570588582922E-005
         689   1.6760050093729126E-006
         690   1.0016597720202931E-005
         691   1.9980500165664824E-005
         692   1.6577674314716345E-006
         693   1.1588187768770965E-005
         694   4.9503392750189000E-006
         695   8.2262971170500393E-006
         696   3.2816563809378256E-006
         697   9.8034869201120771E-006
         698   1.4673329070362615E-005
         699   1.6242227817903031E-006
         700   3.2428226505582281E-006
         701   3.2374763641177127E-006
         702   8.0659845230728315E-006
         703   6.4349231519623910E-006
         704   9.6178973653589865E-006
         705   3.1966690788482947E-006
         706   7.9727018205573910E-006
         707   4.7679277212849755E-006
         708   6.3389563445638578E-006
         709   1.5809452977192873E-006
         710   0.0000000000000000E+000
         711   6.2862274494838811E-006
         712   3.1367724424141842E-006
         713   1.5651549350857144E-006
         714   3.1183563300825394E-006
         715   7.7728601821431904E-006
         716   3.1044499231345023E-006
         717   7.7277592840884930E-006
         718   9.2511626070078724E-006
         719   3.0755845160725674E-006
         720   4.5993946870087052E-006
         721   1.3764613495475735E-005
         722   3.0522255045625878E-006
         723   6.0798488069783730E-006
         724   3.0286799518355973E-006
         725   4.5362220054581228E-006
         726   3.0124742858088565E-006
         727   3.0089309346485129E-006
         728   0.0000000000000000E+000
         729   7.4717080270807421E-006
         730   1.4893670896021568E-006
         731   5.9462217155765677E-006
         732   4.4497646793243497E-006
         733   5.9144042607710671E-006
         734   1.4744925641649619E-006
         735   5.8774915900816347E-006
         736   7.3350816621693922E-006
         737   2.9282327124798864E-006
         738   2.9155418970500992E-006
         739   7.2809313855755774E-006
         740   0.0000000000000000E+000
         741   1.4460990964684259E-006
         742   2.8854561303092598E-006
         743   0.0000000000000000E+000
         744   2.8733222836034171E-006
         745   4.2922286585569442E-006
         746   2.8559142690975460E-006
         747   5.6946606714291866E-006
         748   1.4212599160517778E-006
         749   1.4155491538261783E-006
         750   0.0000000000000000E+000
         751   5.6386246178608899E-006
         752   1.4040260070825434E-006
         753   8.4042216933243761E-006
         754   1.3974913248361486E-006
         755   4.1804245785836106E-006
         756   0.0000000000000000E+000
         757   4.1598352687344411E-006
         758   4.1488104519398126E-006
         759   0.0000000000000000E+000
         760   2.7515040575339772E-006
         761   1.3731758836018026E-006
         762   2.7371310056249127E-006
         763   0.0000000000000000E+000
         764   5.4449719636473157E-006
         765   4.0789933162609574E-006
         766   4.0647563792767730E-006
         767   2.7010595657281282E-006
         768   1.3457138006700680E-006
         769   2.6871608824794605E-006
         770   1.3389953807752143E-006
         771   1.3365582918697011E-006
         772   1.3318464726214521E-006
         773   0.0000000000000000E+000
         774   3.9768594391299026E-006
         775   1.3222612015634478E-006
         776   1.3208056396317876E-006
         777   5.2670314269488446E-006
         778   1.3134206740616069E-006
         779   0.0000000000000000E+000
         780   0.0000000000000000E+000
         781   6.5177468412572052E-006
         782   0.0000000000000000E+000
         783   0.0000000000000000E+000
         784   0.0000000000000000E+000
         785   2.5800962763200634E-006
         786   2.5704383734548895E-006
         787   0.0000000000000000E+000
         788   0.0000000000000000E+000
         789   2.5524343332039802E-006
         790   0.0000000000000000E+000
         791   2.5404829308247723E-006
         792   1.2667749979555350E-006
         793   1.2626628455779636E-006
         794   0.0000000000000000E+000
         795   1.2572066770663468E-006
         796   6.2691930198476761E-006
         797   1.2522089746742073E-006
         798   2.4961674610819927E-006
         799   1.2436795013081397E-006
         800   0.0000000000000000E+000
         801   0.0000000000000000E+000
         802   0.0000000000000000E+000
         803   0.0000000000000000E+000
         804   1.2297817223325803E-006
         805   0.0000000000000000E+000
         806   0.0000000000000000E+000
         807   0.0000000000000000E+000
         808   0.0000000000000000E+000
         809   1.2145701245492312E-006
         810   0.0000000000000000E+000
         811   0.0000000000000000E+000
         812   0.0000000000000000E+000
         813   0.0000000000000000E+000
         814   0.0000000000000000E+000
         815   3.5900165439575126E-006
         816   0.0000000000000000E+000
         817   1.1918552846528845E-006
         818   3.5656418953261181E-006
         819   0.0000000000000000E+000
         820   0.0000000000000000E+000
         821   0.0000000000000000E+000
         822   0.0000000000000000E+000
         823   1.1745214204684915E-006
         824   2.3425528738329881E-006
         825   0.0000000000000000E+000
         826   0.0000000000000000E+000
         827   0.0000000000000000E+000
         828   0.0000000000000000E+000
         829   0.0000000000000000E+000
         830   0.0000000000000000E+000
         831   0.0000000000000000E+000
         832   0.0000000000000000E+000
         833   2.2924134177403925E-006
         834   0.0000000000000000E+000
         835   0.0000000000000000E+000
         836   0.0000000000000000E+000
         837   0.0000000000000000E+000
         838   0.0000000000000000E+000
         839   0.0000000000000000E+000
         840   1.1252056735797593E-006
         841   2.2476389526048693E-006
         842   1.1223455872096401E-006
         843   2.2380508120661356E-006
         844   1.1156026313136640E-006
         845   0.0000000000000000E+000
         846   2.2227369934952074E-006
         847   0.0000000000000000E+000
         848   0.0000000000000000E+000
         849   5.5120125725576511E-006
         850   0.0000000000000000E+000
         851   0.0000000000000000E+000
         852   0.0000000000000000E+000
         853   1.0922140343983145E-006
         854   0.0000000000000000E+000
         855   2.1739855687542968E-006
         856   1.0841450378812915E-006
         857   0.0000000000000000E+000
         858   1.0797473340670191E-006
         859   0.0000000000000000E+000
         860   0.0000000000000000E+000
         861   0.0000000000000000E+000
         862   0.0000000000000000E+000
         863   3.1996526753410125E-006
         864   0.0000000000000000E+000
         865   0.0000000000000000E+000
         866   3.1788430325841133E-006
         867   1.0585170247892251E-006
         868   0.0000000000000000E+000
         869   1.0518693450188377E-006
         870   1.0511805891826002E-006
         871   0.0000000000000000E+000
         872   0.0000000000000000E+000
         873   0.0000000000000000E+000
         874   0.0000000000000000E+000
         875   1.0380361580091822E-006
         876   2.0695157991151707E-006
         877   1.0324581793873703E-006
         878   1.0321070809280473E-006
         879   0.0000000000000000E+000
         880   0.0000000000000000E+000
         881   1.0251046213333842E-006
         882   0.0000000000000000E+000
         883   0.0000000000000000E+000
         884   0.0000000000000000E+000
         885   0.0000000000000000E+000
         886   0.0000000000000000E+000
         887   0.0000000000000000E+000
         888   0.0000000000000000E+000
         889   0.0000000000000000E+000
         890   2.0070871358891447E-006
         891   0.0000000000000000E+000
         892   9.9920138787534773E-007
         893   0.0000000000000000E+000
         894   0.0000000000000000E+000
         895   0.0000000000000000E+000
         896   0.0000000000000000E+000
         897   0.0000000000000000E+000
         898   1.9724253152020279E-006
         899   0.0000000000000000E+000
         900   0.0000000000000000E+000
         901   0.0000000000000000E+000
         902   0.0000000000000000E+000
         903   9.7586847760917185E-007
         904   9.7224062477822334E-007
         905   9.6990063487707889E-007
         906   0.0000000000000000E+000
         907   0.0000000000000000E+000
         908   0.0000000000000000E+000
         909   9.6135366877952260E-007
         910   0.0000000000000000E+000
         911   0.0000000000000000E+000
         912   1.9121373945473504E-006
         913   9.5325929471869515E-007
         914   0.0000000000000000E+000
         915   0.0000000000000000E+000
         916   0.0000000000000000E+000
         917   0.0000000000000000E+000
         918   0.0000000000000000E+000
         919   0.0000000000000000E+000
         920   1.8787114726083672E-006
         921   0.0000000000000000E+000
         922   0.0000000000000000E+000
         923   0.0000000000000000E+000
         924   9.3108491913599781E-007
         925   0.0000000000000000E+000
         926   9.2699287155475052E-007
         927   0.0000000000000000E+000
         928   0.0000000000000000E+000
         929   0.0000000000000000E+000
         930   0.0000000000000000E+000
         931   0.0000000000000000E+000
         932   0.0000000000000000E+000
         933   0.0000000000000000E+000
         934   0.0000000000000000E+000
         935   0.0000000000000000E+000
         936   0.0000000000000000E+000
         937   0.0000000000000000E+000
         938   9.0274401334063699E-007
         939   0.0000000000000000E+000
         940   8.9945394077488863E-007
         941   0.0000000000000000E+000
         942   0.0000000000000000E+000
         943   2.6796074731328402E-006
         944   0.0000000000000000E+000
         945   0.0000000000000000E+000
         946   0.0000000000000000E+000
         947   0.0000000000000000E+000
         948   0.0000000000000000E+000
         949   8.8307285248461471E-007
         950   0.0000000000000000E+000
         951   8.7818059883880068E-007
         952   0.0000000000000000E+000
         953   8.7493688878326880E-007
         954   8.7363158906966498E-007
         955   0.0000000000000000E+000
         956   0.0000000000000000E+000
         957   0.0000000000000000E+000
         958   0.0000000000000000E+000
         959   0.0000000000000000E+000
         960   0.0000000000000000E+000
         961   0.0000000000000000E+000
         962   0.0000000000000000E+000
         963   0.0000000000000000E+000
         964   8.5524533244959661E-007
         965   0.0000000000000000E+000
         966   0.0000000000000000E+000
         967   0.0000000000000000E+000
         968   0.0000000000000000E+000
         969   0.0000000000000000E+000
         970   0.0000000000000000E+000
         971   0.0000000000000000E+000
         972   0.0000000000000000E+000
         973   0.0000000000000000E+000
         974   0.0000000000000000E+000
         975   0.0000000000000000E+000
         976   0.0000000000000000E+000
         977   0.0000000000000000E+000
         978   8.3197822025495873E-007
         979   1.6598196144475332E-006
         980   8.2812433328682942E-007
         981   0.0000000000000000E+000
         982   0.0000000000000000E+000
         983   0.0000000000000000E+000
         984   0.0000000000000000E+000
         985   0.0000000000000000E+000
         986   0.0000000000000000E+000
         987   0.0000000000000000E+000
         988   0.0000000000000000E+000
         989   0.0000000000000000E+000
         990   0.0000000000000000E+000
         991   0.0000000000000000E+000
         992   0.0000000000000000E+000
         993   0.0000000000000000E+000
         994   0.0000000000000000E+000
         995   0.0000000000000000E+000
         996   0.0000000000000000E+000
         997   0.0000000000000000E+000
         998   0.0000000000000000E+000
         999   0.0000000000000000E+000
        1000   7.9577469331503184E-007
