           1   0.0000000000000000E+000
           2  0.68323751119051634     
           3  0.10400970716030626     
           4  0.60204580113163730     
           5  0.15282302992618504     
           6  0.28169818740568187     
           7  0.27183810404903214     
           8  0.22291016814839248     
           9  0.14161515662154189     
          10  0.18642374938800421     
          11  0.24470881009076090     
          12  0.27208326921788961     
          13  0.32614665659924302     
          14  0.27394117811996227     
          15  0.22388569642889083     
          16  0.20925246456461061     
          17  0.23522208634343875     
          18  0.28786974165861923     
          19  0.25911042699333275     
          20  0.24703631237124926     
          21  0.25186375164193875     
          22  0.21422596849023762     
          23  0.24100904658093980     
          24  0.24557039265772254     
          25  0.20975914965736789     
          26  0.19224312990981154     
          27  0.20813930538975550     
          28  0.20104812928842342     
          29  0.19760746518911593     
          30  0.18101127070967693     
          31  0.17336691633744297     
          32  0.18521185598295964     
          33  0.17594524745459927     
          34  0.16152319894291128     
          35  0.17839461003582416     
          36  0.19305782112878786     
          37  0.17441698930793897     
          38  0.16709433447587613     
          39  0.17933363553870679     
          40  0.15325330149969824     
          41  0.15812475354153316     
          42  0.13615664442139450     
          43  0.14127368197018303     
          44  0.14582915598966428     
          45  0.13053395457495012     
          46  0.15547149400767063     
          47  0.13065536587768872     
          48  0.11716015232204897     
          49  0.13066790711242193     
          50  0.11384513385512833     
          51  0.13656431202245306     
          52  0.12648009356083675     
          53  0.11784662825755721     
          54  0.12428390406892353     
          55  0.11391897253530169     
          56  0.11115040481055125     
          57  0.10900720662101208     
          58  0.11001288963663343     
          59  0.10671809635559315     
          60   9.9062564754889934E-002
          61  0.10186013958997828     
          62   9.8475635233035194E-002
          63  0.10119926857977005     
          64   7.7705780703765881E-002
          65   9.6916576489016915E-002
          66   8.4179873448982395E-002
          67   8.6486316697593671E-002
          68   8.4460383338909137E-002
          69   8.1516152011778475E-002
          70   7.8229847686175538E-002
          71   8.5373215447592479E-002
          72   8.0063161026628582E-002
          73   7.4106022457537446E-002
          74   7.2830610279178296E-002
          75   7.1986070347736700E-002
          76   7.5459229656299490E-002
          77   7.0854523794694438E-002
          78   6.9770685085671968E-002
          79   5.8960112849595174E-002
          80   7.1360691055019590E-002
          81   6.0749033091005232E-002
          82   6.2571739649751074E-002
          83   6.3425521410652899E-002
          84   6.1808092493223846E-002
          85   6.3778713413139551E-002
          86   5.9771287229087255E-002
          87   5.5602814453673127E-002
          88   5.4866190428739907E-002
          89   5.4858331616285887E-002
          90   5.4904503410168573E-002
          91   5.5895487831411093E-002
          92   5.2076714735547008E-002
          93   4.9048251982745636E-002
          94   5.0859396040791191E-002
          95   4.7261054225013720E-002
          96   4.8466878042114449E-002
          97   4.7698984895031354E-002
          98   4.5525776493520964E-002
          99   5.0250857026312504E-002
         100   4.5373664810314934E-002
         101   4.3179779962865469E-002
         102   4.1110302501859257E-002
         103   4.0260730244663485E-002
         104   4.3704562511723159E-002
         105   3.8314937570559697E-002
         106   4.2298106111309783E-002
         107   3.6278538425584685E-002
         108   3.9615588663492018E-002
         109   3.5369707702152725E-002
         110   3.7681550368601199E-002
         111   3.2960244354564502E-002
         112   3.6604850288482774E-002
         113   3.5009226720648469E-002
         114   3.5495612231047427E-002
         115   3.2767749834727654E-002
         116   3.1606781696222372E-002
         117   2.9570027943155091E-002
         118   2.8948397485619004E-002
         119   3.0606691721224606E-002
         120   2.9490055592165332E-002
         121   2.9122186871947075E-002
         122   2.9704624216533457E-002
         123   2.9018181361290363E-002
         124   2.8334288970121479E-002
         125   2.6723452101913753E-002
         126   2.4605805366742953E-002
         127   2.5616761935722005E-002
         128   2.6837995442513803E-002
         129   2.5956143120535881E-002
         130   2.1786600108659248E-002
         131   2.3245907744762317E-002
         132   2.3028669864433009E-002
         133   2.1173989399146914E-002
         134   2.2391522499733019E-002
         135   2.3530538541730345E-002
         136   2.0796316062406991E-002
         137   2.2013009508902281E-002
         138   1.9989390040461186E-002
         139   2.0407593295679743E-002
         140   1.8224199680764393E-002
         141   2.0871248675615489E-002
         142   1.8692922293035794E-002
         143   1.8238212766404409E-002
         144   1.7066167606590747E-002
         145   1.8301751518914281E-002
         146   1.8795882339941245E-002
         147   1.7444670002056108E-002
         148   1.5592432371445950E-002
         149   1.5774311803011712E-002
         150   1.6370768436721625E-002
         151   1.6264043162203676E-002
         152   1.5538659993505193E-002
         153   1.5269225537841224E-002
         154   1.4899314113159194E-002
         155   1.3227085078901220E-002
         156   1.5141429804338184E-002
         157   1.4305939816263775E-002
         158   1.3810462564380573E-002
         159   1.3794839985528431E-002
         160   1.3410825250571311E-002
         161   1.2570694181236845E-002
         162   1.1663281626901821E-002
         163   1.2210107416937779E-002
         164   1.2848941456717266E-002
         165   1.0636116566317544E-002
         166   1.1454673834754335E-002
         167   1.1600403845671266E-002
         168   1.1381542311093144E-002
         169   1.0053620153544111E-002
         170   9.9913886722545302E-003
         171   9.9840569461659406E-003
         172   1.0212594889805920E-002
         173   9.6490228832435861E-003
         174   9.7202718004973983E-003
         175   9.3791425151683559E-003
         176   9.2236464821873476E-003
         177   8.1099341858481121E-003
         178   9.5409278737487654E-003
         179   8.5692272213545480E-003
         180   8.4515854890637211E-003
         181   7.2971292845178245E-003
         182   7.6931640935511891E-003
         183   8.1533586086721191E-003
         184   8.4846114266168334E-003
         185   8.4403339161452963E-003
         186   6.9093706628553927E-003
         187   6.9704201862622189E-003
         188   7.1909696752549242E-003
         189   6.1603945625004390E-003
         190   7.2150307730311086E-003
         191   6.5131200796685043E-003
         192   6.4441509724715912E-003
         193   6.3979571179983786E-003
         194   6.3323569767545522E-003
         195   5.9973649933902423E-003
         196   6.6150403735055902E-003
         197   5.9180799390756685E-003
         198   6.5421369509563124E-003
         199   5.9999475954598223E-003
         200   5.8200343312660319E-003
         201   5.5470878966818156E-003
         202   4.9082932656327894E-003
         203   6.1684416552008270E-003
         204   5.3652371033492694E-003
         205   4.8051650168031293E-003
         206   4.6299762635326419E-003
         207   5.6016643957657632E-003
         208   5.0892512663013164E-003
         209   4.7868786346690244E-003
         210   5.0299271036677879E-003
         211   4.0568816267176370E-003
         212   4.4771755783309846E-003
         213   4.3819348594795740E-003
         214   4.2900706873650026E-003
         215   4.3186614374649511E-003
         216   4.3117944789561489E-003
         217   3.7695110499431179E-003
         218   4.0986067695431179E-003
         219   3.6512109211673752E-003
         220   3.4371286645104790E-003
         221   3.9080985009297591E-003
         222   3.1828313460212222E-003
         223   2.6763661309940697E-003
         224   3.2831211458924708E-003
         225   3.0991026202499888E-003
         226   2.9938435688573535E-003
         227   3.4144603558770776E-003
         228   2.6822815080520201E-003
         229   2.9006787472099331E-003
         230   2.3966792779533917E-003
         231   2.6288184409799949E-003
         232   2.5037371823718887E-003
         233   2.5104463945099928E-003
         234   2.7495713614956434E-003
         235   2.7405651360568792E-003
         236   2.2625126037178729E-003
         237   2.4696923493771096E-003
         238   2.8673460717107894E-003
         239   2.3023954373879349E-003
         240   2.3399064175396297E-003
         241   2.4979046400615437E-003
         242   2.4225616426116910E-003
         243   1.8927612127758325E-003
         244   2.4227798521538712E-003
         245   1.8222168234900632E-003
         246   2.3453593412269933E-003
         247   2.3775130608476580E-003
         248   2.3328145766342507E-003
         249   2.0328999717307635E-003
         250   1.6492395249931408E-003
         251   1.8246737331501057E-003
         252   1.6852434788604844E-003
         253   1.8583031676758551E-003
         254   1.7081765278926337E-003
         255   1.8894102982481163E-003
         256   1.5604049541915288E-003
         257   1.6443165039227011E-003
         258   1.1911048485227188E-003
         259   1.5596570824882659E-003
         260   1.4891785102868261E-003
         261   1.4430446318780480E-003
         262   1.5013616094659741E-003
         263   1.3293311183107265E-003
         264   1.5129140242222496E-003
         265   1.3547784704181294E-003
         266   1.3667727220753859E-003
         267   1.3452747576254739E-003
         268   1.1811008681614529E-003
         269   1.4243344264988783E-003
         270   1.2174812898400075E-003
         271   1.2092699903665442E-003
         272   1.3936066869880851E-003
         273   1.3829369961192617E-003
         274   1.1618340028721075E-003
         275   1.0172262640476227E-003
         276   1.0619455369461073E-003
         277   1.1883760094655420E-003
         278   1.0463923075827906E-003
         279   8.2507601196671115E-004
         280   1.2034389153578985E-003
         281   1.0647808573017593E-003
         282   1.0366847831098796E-003
         283   8.5206794592055811E-004
         284   1.1305386453895852E-003
         285   1.0646845754060308E-003
         286   9.3096672152500259E-004
         287   1.0495812089258200E-003
         288   8.9897122686921291E-004
         289   6.0778094600630491E-004
         290   9.4311671917887035E-004
         291   1.0490759539118757E-003
         292   8.9301174855934188E-004
         293   9.0559642363577180E-004
         294   8.2615424203103796E-004
         295   9.1098918513646656E-004
         296   7.6039187311069726E-004
         297   6.2921724203203770E-004
         298   6.2506123964759007E-004
         299   6.4725152892490046E-004
         300   7.5768465372519193E-004
         301   7.0040470262266899E-004
         302   5.6543285520116698E-004
         303   5.7869805742635902E-004
         304   7.4620017649980395E-004
         305   6.8190783459765026E-004
         306   5.8445282468154577E-004
         307   7.0678717345168255E-004
         308   6.5215776819319633E-004
         309   6.3143238494285116E-004
         310   6.3542192294525467E-004
         311   7.1351812333419887E-004
         312   5.2147909989223385E-004
         313   4.7756728058694916E-004
         314   5.8742115462042603E-004
         315   4.6356661021260636E-004
         316   4.0518107072509154E-004
         317   6.2374394911367845E-004
         318   5.5691240052987122E-004
         319   2.9607942568546722E-004
         320   4.8810998627739686E-004
         321   4.7725966378608014E-004
         322   5.5077327867446182E-004
         323   4.3338350610184080E-004
         324   2.7957582947393762E-004
         325   3.6792447062203353E-004
         326   3.5835232714067456E-004
         327   3.5619099398121200E-004
         328   3.6146529281781952E-004
         329   3.2989529396652807E-004
         330   3.2793380836590978E-004
         331   3.7649392281008837E-004
         332   4.1031345397420451E-004
         333   3.2910299320471883E-004
         334   4.4808697036888257E-004
         335   3.6055450554499109E-004
         336   3.9367094443106503E-004
         337   2.4455725486287311E-004
         338   3.2649597079961132E-004
         339   2.7623471161907127E-004
         340   1.8532779391335644E-004
         341   2.6616651686869316E-004
         342   2.2388628187709471E-004
         343   2.2259395803857693E-004
         344   2.5477001813731476E-004
         345   2.7333075803950748E-004
         346   3.1153778847930992E-004
         347   3.3603132642348810E-004
         348   2.0327486674251780E-004
         349   2.6058553856849094E-004
         350   2.4611723390845881E-004
         351   2.9629651876257883E-004
         352   1.5368458210477713E-004
         353   1.6552392088700727E-004
         354   2.1532947499218266E-004
         355   1.8258136446674860E-004
         356   2.3169278717674569E-004
         357   2.4277243265326474E-004
         358   1.6715522760326533E-004
         359   1.6007516476274625E-004
         360   1.8978462559040985E-004
         361   2.4359359389611998E-004
         362   1.4540249725430697E-004
         363   1.6256366234331703E-004
         364   1.2580649583578802E-004
         365   1.0728594674567489E-004
         366   1.3632594270685829E-004
         367   8.8405826398446884E-005
         368   1.8163590404280706E-004
         369   8.1578135241582443E-005
         370   1.7391125508289015E-004
         371   1.8443912741237040E-004
         372   1.1470522675107478E-004
         373   1.4252204623589311E-004
         374   1.3057081559871985E-004
         375   1.4108028457021122E-004
         376   1.0103634646180529E-004
         377   1.1169705481972111E-004
         378   8.3284711902316120E-005
         379   8.8427502539357511E-005
         380   7.6973967503623722E-005
         381   7.6569675985269285E-005
         382   1.0332510788253262E-004
         383   1.0824166113774151E-004
         384   8.6148520053666447E-005
         385   9.6362044046754549E-005
         386   6.3922284592467203E-005
         387   1.0596741179891164E-004
         388   5.2717227756910889E-005
         389   8.3927435876639223E-005
         390   7.8243735945536001E-005
         391   6.7455972650514272E-005
         392   1.6536741471110338E-004
         393   4.1109556564744144E-005
         394   2.5561551549794489E-005
         395   6.6125113747788079E-005
         396   8.6086620471956680E-005
         397   7.0541715240765026E-005
         398   5.0083985647974447E-005
         399   1.1473325006035132E-004
         400   1.0910945558293699E-004
         401   5.4317601218547510E-005
         402   7.8631029428189066E-005
         403   1.0753418424518591E-004
         404   7.2964074080592411E-005
         405   3.8688233400425512E-005
         406   7.7088595595537805E-005
         407   5.7521156227611672E-005
         408   4.2890311392058600E-005
         409   6.1673427841803642E-005
         410   1.0857355291423731E-004
         411   4.6993652706568124E-005
         412   4.6741361239148016E-005
         413   3.7235482914192770E-005
         414   6.0263820166947814E-005
         415   6.4509109082993400E-005
         416   7.7929511857745024E-005
         417   4.1081677687973564E-005
         418   9.9972532237891005E-005
         419   9.4934820459372828E-005
         420   5.8503183500764123E-005
         421   5.8266368642362493E-005
         422   4.9019621953801150E-005
         423   3.5507528553924489E-005
         424   4.8587173713886484E-005
         425   7.0323743815794613E-005
         426   2.6238123865732899E-005
         427   3.0517283728106398E-005
         428   3.8990048009978647E-005
         429   5.1722665064097236E-005
         430   1.7178080750567159E-005
         431   3.4211756070753749E-005
         432   1.7035374397329561E-005
         433   2.9654424017901920E-005
         434   3.3719769529611190E-005
         435   3.3539252134210142E-005
         436   3.3400047604719434E-005
         437   0.0000000000000000E+000
         438   1.2401894131368663E-005
         439   2.4734299317080880E-005
         440   4.5117721010916954E-005
         441   7.3530046391549872E-005
         442   1.6251472035854066E-005
         443   1.6179378317436513E-005
         444   1.6114727606639156E-005
         445   2.4063855480963450E-005
         446   1.5972290518841459E-005
         447   1.9881239870584768E-005
         448   2.3741344510611559E-005
         449   3.9433357348549834E-006
         450   1.1760576706749036E-005
         451   2.3423676547634548E-005
         452   1.1668185441199217E-005
         453   1.1605915295364449E-005
         454   1.9253217715749583E-005
         455   7.6691129651014444E-006
         456   1.5280356753051968E-005
         457   7.6086203642208275E-006
         458   2.2710343790305880E-005
         459   1.1303573256673767E-005
         460   3.7547194906770559E-006
         461   1.1203636724873802E-005
         462   7.4500069234262901E-006
         463   1.1116251518899722E-005
         464   0.0000000000000000E+000
         465   7.3305683144227539E-006
         466   2.9269387648604592E-005
         467   1.0915471747608347E-005
         468   2.1731676707014063E-005
         469   1.8037470861425385E-005
         470   0.0000000000000000E+000
         471   3.5841690427022844E-006
         472   0.0000000000000000E+000
         473   3.5422662136533378E-006
         474   3.5358954141197065E-006
         475   7.0371496791302426E-006
         476   1.4006388268693553E-005
         477   2.0932901976863508E-005
         478   6.9525446448359450E-006
         479   3.4614770760334452E-006
         480   1.0339201684329868E-005
         481   3.4257346134759992E-006
         482   0.0000000000000000E+000
         483   6.8110569652507484E-006
         484   0.0000000000000000E+000
         485   6.7555648591761073E-006
         486   6.7365165898630738E-006
         487   0.0000000000000000E+000
         488   0.0000000000000000E+000
         489   9.9718510678090272E-006
         490   3.3031574848930191E-006
         491   3.2910702622085629E-006
         492   0.0000000000000000E+000
         493   0.0000000000000000E+000
         494   3.2544156150839059E-006
         495   3.2365952439811363E-006
         496   3.2292872592315824E-006
         497   0.0000000000000000E+000
         498   0.0000000000000000E+000
         499   3.1906867784256365E-006
         500   0.0000000000000000E+000
         501   3.1685847594128700E-006
         502   0.0000000000000000E+000
         503   0.0000000000000000E+000
         504   0.0000000000000000E+000
         505   0.0000000000000000E+000
         506   0.0000000000000000E+000
         507   0.0000000000000000E+000
         508   0.0000000000000000E+000
         509   0.0000000000000000E+000
         510   0.0000000000000000E+000
         511   0.0000000000000000E+000
         512   0.0000000000000000E+000
         513   1.5092533398043950E-005
         514   9.0324276766414743E-006
         515   5.9812809596054141E-006
         516   0.0000000000000000E+000
         517   2.9747696673179381E-006
         518   0.0000000000000000E+000
         519   5.8974208495431135E-006
         520   0.0000000000000000E+000
         521   2.9282174299585484E-006
         522   0.0000000000000000E+000
         523   0.0000000000000000E+000
         524   2.8916668554345825E-006
         525   0.0000000000000000E+000
         526   2.8718139644859009E-006
         527   2.8581437135442524E-006
         528   5.6910285287720116E-006
         529   0.0000000000000000E+000
         530   0.0000000000000000E+000
         531   0.0000000000000000E+000
         532   0.0000000000000000E+000
         533   0.0000000000000000E+000
         534   2.7877832463233970E-006
         535   0.0000000000000000E+000
         536   0.0000000000000000E+000
         537   0.0000000000000000E+000
         538   0.0000000000000000E+000
         539   0.0000000000000000E+000
         540   0.0000000000000000E+000
         541   0.0000000000000000E+000
         542   0.0000000000000000E+000
         543   0.0000000000000000E+000
         544   0.0000000000000000E+000
         545   2.6713653873120447E-006
         546   0.0000000000000000E+000
         547   0.0000000000000000E+000
         548   2.6496202962479193E-006
         549   0.0000000000000000E+000
         550   0.0000000000000000E+000
         551   0.0000000000000000E+000
         552   0.0000000000000000E+000
         553   0.0000000000000000E+000
         554   2.5926958640689747E-006
         555   0.0000000000000000E+000
         556   0.0000000000000000E+000
         557   0.0000000000000000E+000
         558   0.0000000000000000E+000
         559   2.5424108142419567E-006
         560   0.0000000000000000E+000
         561   2.5202916424594792E-006
         562   2.5187776972240718E-006
         563   0.0000000000000000E+000
         564   4.9875583557609983E-006
         565   2.4866230908338109E-006
         566   4.9577702152259243E-006
         567   0.0000000000000000E+000
         568   2.4617571253854856E-006
         569   2.4528089426530502E-006
         570   0.0000000000000000E+000
         571   0.0000000000000000E+000
         572   7.2758471190047716E-006
         573   0.0000000000000000E+000
         574   0.0000000000000000E+000
         575   0.0000000000000000E+000
         576   0.0000000000000000E+000
         577   0.0000000000000000E+000
         578   2.3794919259865737E-006
         579   0.0000000000000000E+000
         580   0.0000000000000000E+000
         581   0.0000000000000000E+000
         582   0.0000000000000000E+000
         583   0.0000000000000000E+000
         584   0.0000000000000000E+000
         585   0.0000000000000000E+000
         586   0.0000000000000000E+000
         587   0.0000000000000000E+000
         588   0.0000000000000000E+000
         589   0.0000000000000000E+000
         590   0.0000000000000000E+000
         591   0.0000000000000000E+000
         592   0.0000000000000000E+000
         593   0.0000000000000000E+000
         594   0.0000000000000000E+000
         595   0.0000000000000000E+000
         596   0.0000000000000000E+000
         597   0.0000000000000000E+000
         598   0.0000000000000000E+000
         599   0.0000000000000000E+000
         600   0.0000000000000000E+000
         601   0.0000000000000000E+000
         602   0.0000000000000000E+000
         603   0.0000000000000000E+000
         604   0.0000000000000000E+000
         605   0.0000000000000000E+000
         606   0.0000000000000000E+000
         607   0.0000000000000000E+000
         608   0.0000000000000000E+000
         609   0.0000000000000000E+000
         610   0.0000000000000000E+000
         611   0.0000000000000000E+000
         612   0.0000000000000000E+000
         613   0.0000000000000000E+000
         614   0.0000000000000000E+000
         615   0.0000000000000000E+000
         616   0.0000000000000000E+000
         617   0.0000000000000000E+000
         618   0.0000000000000000E+000
         619   0.0000000000000000E+000
         620   0.0000000000000000E+000
         621   0.0000000000000000E+000
         622   0.0000000000000000E+000
         623   0.0000000000000000E+000
         624   0.0000000000000000E+000
         625   0.0000000000000000E+000
         626   0.0000000000000000E+000
         627   0.0000000000000000E+000
         628   0.0000000000000000E+000
         629   0.0000000000000000E+000
         630   0.0000000000000000E+000
         631   0.0000000000000000E+000
         632   0.0000000000000000E+000
         633   0.0000000000000000E+000
         634   0.0000000000000000E+000
         635   0.0000000000000000E+000
         636   0.0000000000000000E+000
         637   0.0000000000000000E+000
         638   0.0000000000000000E+000
         639   0.0000000000000000E+000
         640   0.0000000000000000E+000
         641   0.0000000000000000E+000
         642   0.0000000000000000E+000
         643   0.0000000000000000E+000
         644   0.0000000000000000E+000
         645   0.0000000000000000E+000
         646   0.0000000000000000E+000
         647   0.0000000000000000E+000
         648   0.0000000000000000E+000
         649   0.0000000000000000E+000
         650   0.0000000000000000E+000
         651   0.0000000000000000E+000
         652   0.0000000000000000E+000
         653   0.0000000000000000E+000
         654   0.0000000000000000E+000
         655   0.0000000000000000E+000
         656   0.0000000000000000E+000
         657   0.0000000000000000E+000
         658   0.0000000000000000E+000
         659   0.0000000000000000E+000
         660   0.0000000000000000E+000
         661   0.0000000000000000E+000
         662   0.0000000000000000E+000
         663   0.0000000000000000E+000
         664   0.0000000000000000E+000
         665   0.0000000000000000E+000
         666   0.0000000000000000E+000
         667   0.0000000000000000E+000
         668   0.0000000000000000E+000
         669   0.0000000000000000E+000
         670   0.0000000000000000E+000
         671   0.0000000000000000E+000
         672   0.0000000000000000E+000
         673   0.0000000000000000E+000
         674   0.0000000000000000E+000
         675   0.0000000000000000E+000
         676   0.0000000000000000E+000
         677   0.0000000000000000E+000
         678   0.0000000000000000E+000
         679   0.0000000000000000E+000
         680   0.0000000000000000E+000
         681   0.0000000000000000E+000
         682   0.0000000000000000E+000
         683   0.0000000000000000E+000
         684   0.0000000000000000E+000
         685   0.0000000000000000E+000
         686   0.0000000000000000E+000
         687   0.0000000000000000E+000
         688   0.0000000000000000E+000
         689   0.0000000000000000E+000
         690   0.0000000000000000E+000
         691   0.0000000000000000E+000
         692   0.0000000000000000E+000
         693   0.0000000000000000E+000
         694   0.0000000000000000E+000
         695   0.0000000000000000E+000
         696   0.0000000000000000E+000
         697   0.0000000000000000E+000
         698   0.0000000000000000E+000
         699   0.0000000000000000E+000
         700   0.0000000000000000E+000
         701   0.0000000000000000E+000
         702   0.0000000000000000E+000
         703   0.0000000000000000E+000
         704   0.0000000000000000E+000
         705   0.0000000000000000E+000
         706   0.0000000000000000E+000
         707   0.0000000000000000E+000
         708   0.0000000000000000E+000
         709   0.0000000000000000E+000
         710   0.0000000000000000E+000
         711   0.0000000000000000E+000
         712   0.0000000000000000E+000
         713   0.0000000000000000E+000
         714   0.0000000000000000E+000
         715   0.0000000000000000E+000
         716   0.0000000000000000E+000
         717   0.0000000000000000E+000
         718   0.0000000000000000E+000
         719   0.0000000000000000E+000
         720   0.0000000000000000E+000
         721   0.0000000000000000E+000
         722   0.0000000000000000E+000
         723   0.0000000000000000E+000
         724   0.0000000000000000E+000
         725   0.0000000000000000E+000
         726   0.0000000000000000E+000
         727   0.0000000000000000E+000
         728   0.0000000000000000E+000
         729   0.0000000000000000E+000
         730   0.0000000000000000E+000
         731   0.0000000000000000E+000
         732   0.0000000000000000E+000
         733   0.0000000000000000E+000
         734   0.0000000000000000E+000
         735   0.0000000000000000E+000
         736   0.0000000000000000E+000
         737   0.0000000000000000E+000
         738   0.0000000000000000E+000
         739   0.0000000000000000E+000
         740   0.0000000000000000E+000
         741   0.0000000000000000E+000
         742   0.0000000000000000E+000
         743   0.0000000000000000E+000
         744   0.0000000000000000E+000
         745   0.0000000000000000E+000
         746   0.0000000000000000E+000
         747   0.0000000000000000E+000
         748   0.0000000000000000E+000
         749   0.0000000000000000E+000
         750   0.0000000000000000E+000
         751   0.0000000000000000E+000
         752   0.0000000000000000E+000
         753   0.0000000000000000E+000
         754   0.0000000000000000E+000
         755   0.0000000000000000E+000
         756   0.0000000000000000E+000
         757   0.0000000000000000E+000
         758   0.0000000000000000E+000
         759   0.0000000000000000E+000
         760   0.0000000000000000E+000
         761   0.0000000000000000E+000
         762   0.0000000000000000E+000
         763   0.0000000000000000E+000
         764   0.0000000000000000E+000
         765   0.0000000000000000E+000
         766   0.0000000000000000E+000
         767   0.0000000000000000E+000
         768   0.0000000000000000E+000
         769   0.0000000000000000E+000
         770   0.0000000000000000E+000
         771   0.0000000000000000E+000
         772   0.0000000000000000E+000
         773   0.0000000000000000E+000
         774   0.0000000000000000E+000
         775   0.0000000000000000E+000
         776   0.0000000000000000E+000
         777   0.0000000000000000E+000
         778   0.0000000000000000E+000
         779   0.0000000000000000E+000
         780   0.0000000000000000E+000
         781   0.0000000000000000E+000
         782   0.0000000000000000E+000
         783   0.0000000000000000E+000
         784   0.0000000000000000E+000
         785   0.0000000000000000E+000
         786   0.0000000000000000E+000
         787   0.0000000000000000E+000
         788   0.0000000000000000E+000
         789   0.0000000000000000E+000
         790   0.0000000000000000E+000
         791   0.0000000000000000E+000
         792   0.0000000000000000E+000
         793   0.0000000000000000E+000
         794   0.0000000000000000E+000
         795   0.0000000000000000E+000
         796   0.0000000000000000E+000
         797   0.0000000000000000E+000
         798   0.0000000000000000E+000
         799   0.0000000000000000E+000
         800   0.0000000000000000E+000
         801   0.0000000000000000E+000
         802   0.0000000000000000E+000
         803   0.0000000000000000E+000
         804   0.0000000000000000E+000
         805   0.0000000000000000E+000
         806   0.0000000000000000E+000
         807   0.0000000000000000E+000
         808   0.0000000000000000E+000
         809   0.0000000000000000E+000
         810   0.0000000000000000E+000
         811   0.0000000000000000E+000
         812   0.0000000000000000E+000
         813   0.0000000000000000E+000
         814   0.0000000000000000E+000
         815   0.0000000000000000E+000
         816   0.0000000000000000E+000
         817   0.0000000000000000E+000
         818   0.0000000000000000E+000
         819   0.0000000000000000E+000
         820   0.0000000000000000E+000
         821   0.0000000000000000E+000
         822   0.0000000000000000E+000
         823   0.0000000000000000E+000
         824   0.0000000000000000E+000
         825   0.0000000000000000E+000
         826   0.0000000000000000E+000
         827   0.0000000000000000E+000
         828   0.0000000000000000E+000
         829   0.0000000000000000E+000
         830   0.0000000000000000E+000
         831   0.0000000000000000E+000
         832   0.0000000000000000E+000
         833   0.0000000000000000E+000
         834   0.0000000000000000E+000
         835   0.0000000000000000E+000
         836   0.0000000000000000E+000
         837   0.0000000000000000E+000
         838   0.0000000000000000E+000
         839   0.0000000000000000E+000
         840   0.0000000000000000E+000
         841   0.0000000000000000E+000
         842   0.0000000000000000E+000
         843   0.0000000000000000E+000
         844   0.0000000000000000E+000
         845   0.0000000000000000E+000
         846   0.0000000000000000E+000
         847   0.0000000000000000E+000
         848   0.0000000000000000E+000
         849   0.0000000000000000E+000
         850   0.0000000000000000E+000
         851   0.0000000000000000E+000
         852   0.0000000000000000E+000
         853   0.0000000000000000E+000
         854   0.0000000000000000E+000
         855   0.0000000000000000E+000
         856   0.0000000000000000E+000
         857   0.0000000000000000E+000
         858   0.0000000000000000E+000
         859   0.0000000000000000E+000
         860   0.0000000000000000E+000
         861   0.0000000000000000E+000
         862   0.0000000000000000E+000
         863   0.0000000000000000E+000
         864   0.0000000000000000E+000
         865   0.0000000000000000E+000
         866   0.0000000000000000E+000
         867   0.0000000000000000E+000
         868   0.0000000000000000E+000
         869   0.0000000000000000E+000
         870   0.0000000000000000E+000
         871   0.0000000000000000E+000
         872   0.0000000000000000E+000
         873   0.0000000000000000E+000
         874   0.0000000000000000E+000
         875   0.0000000000000000E+000
         876   0.0000000000000000E+000
         877   0.0000000000000000E+000
         878   0.0000000000000000E+000
         879   0.0000000000000000E+000
         880   0.0000000000000000E+000
         881   0.0000000000000000E+000
         882   0.0000000000000000E+000
         883   0.0000000000000000E+000
         884   0.0000000000000000E+000
         885   0.0000000000000000E+000
         886   0.0000000000000000E+000
         887   0.0000000000000000E+000
         888   0.0000000000000000E+000
         889   0.0000000000000000E+000
         890   0.0000000000000000E+000
         891   0.0000000000000000E+000
         892   0.0000000000000000E+000
         893   0.0000000000000000E+000
         894   0.0000000000000000E+000
         895   0.0000000000000000E+000
         896   0.0000000000000000E+000
         897   0.0000000000000000E+000
         898   0.0000000000000000E+000
         899   0.0000000000000000E+000
         900   0.0000000000000000E+000
         901   0.0000000000000000E+000
         902   0.0000000000000000E+000
         903   0.0000000000000000E+000
         904   0.0000000000000000E+000
         905   0.0000000000000000E+000
         906   0.0000000000000000E+000
         907   0.0000000000000000E+000
         908   0.0000000000000000E+000
         909   0.0000000000000000E+000
         910   0.0000000000000000E+000
         911   0.0000000000000000E+000
         912   0.0000000000000000E+000
         913   0.0000000000000000E+000
         914   0.0000000000000000E+000
         915   0.0000000000000000E+000
         916   0.0000000000000000E+000
         917   0.0000000000000000E+000
         918   0.0000000000000000E+000
         919   0.0000000000000000E+000
         920   0.0000000000000000E+000
         921   0.0000000000000000E+000
         922   0.0000000000000000E+000
         923   0.0000000000000000E+000
         924   0.0000000000000000E+000
         925   0.0000000000000000E+000
         926   0.0000000000000000E+000
         927   0.0000000000000000E+000
         928   0.0000000000000000E+000
         929   0.0000000000000000E+000
         930   0.0000000000000000E+000
         931   0.0000000000000000E+000
         932   0.0000000000000000E+000
         933   0.0000000000000000E+000
         934   0.0000000000000000E+000
         935   0.0000000000000000E+000
         936   0.0000000000000000E+000
         937   0.0000000000000000E+000
         938   0.0000000000000000E+000
         939   0.0000000000000000E+000
         940   0.0000000000000000E+000
         941   0.0000000000000000E+000
         942   0.0000000000000000E+000
         943   0.0000000000000000E+000
         944   0.0000000000000000E+000
         945   0.0000000000000000E+000
         946   0.0000000000000000E+000
         947   0.0000000000000000E+000
         948   0.0000000000000000E+000
         949   0.0000000000000000E+000
         950   0.0000000000000000E+000
         951   0.0000000000000000E+000
         952   0.0000000000000000E+000
         953   0.0000000000000000E+000
         954   0.0000000000000000E+000
         955   0.0000000000000000E+000
         956   0.0000000000000000E+000
         957   0.0000000000000000E+000
         958   0.0000000000000000E+000
         959   0.0000000000000000E+000
         960   0.0000000000000000E+000
         961   0.0000000000000000E+000
         962   0.0000000000000000E+000
         963   0.0000000000000000E+000
         964   0.0000000000000000E+000
         965   0.0000000000000000E+000
         966   0.0000000000000000E+000
         967   0.0000000000000000E+000
         968   0.0000000000000000E+000
         969   0.0000000000000000E+000
         970   0.0000000000000000E+000
         971   0.0000000000000000E+000
         972   0.0000000000000000E+000
         973   0.0000000000000000E+000
         974   0.0000000000000000E+000
         975   0.0000000000000000E+000
         976   0.0000000000000000E+000
         977   0.0000000000000000E+000
         978   0.0000000000000000E+000
         979   0.0000000000000000E+000
         980   0.0000000000000000E+000
         981   0.0000000000000000E+000
         982   0.0000000000000000E+000
         983   0.0000000000000000E+000
         984   0.0000000000000000E+000
         985   0.0000000000000000E+000
         986   0.0000000000000000E+000
         987   0.0000000000000000E+000
         988   0.0000000000000000E+000
         989   0.0000000000000000E+000
         990   0.0000000000000000E+000
         991   0.0000000000000000E+000
         992   0.0000000000000000E+000
         993   0.0000000000000000E+000
         994   0.0000000000000000E+000
         995   0.0000000000000000E+000
         996   0.0000000000000000E+000
         997   0.0000000000000000E+000
         998   0.0000000000000000E+000
         999   0.0000000000000000E+000
        1000   0.0000000000000000E+000
