           1  0.20129488433112730     
           2   0.0000000000000000E+000
           3  0.30116027378656479     
           4   0.0000000000000000E+000
           5  0.17571496538555245     
           6   7.4085905778208158E-002
           7   4.3004539399632870E-002
           8  0.11404309684287610     
           9  0.17205066216045481     
          10  0.12830479044953108     
          11  0.10514101996618512     
          12   5.0445493477189782E-002
          13  0.12201498632076017     
          14  0.14361202061741057     
          15  0.15550245296833345     
          16  0.18232809677196715     
          17  0.12341181821677703     
          18  0.10360007939316540     
          19  0.10362232958225567     
          20   7.7831364552234397E-002
          21  0.15252104312442855     
          22  0.16566403338118049     
          23  0.14029260339679581     
          24   9.3523035822507858E-002
          25  0.10742317975077990     
          26  0.11786057123922100     
          27  0.10830194865550234     
          28  0.10426897211758100     
          29  0.11046335845982530     
          30   9.5778479807777664E-002
          31  0.12448159964310798     
          32   9.6990728768576645E-002
          33  0.10569158520295863     
          34   9.1074617132800156E-002
          35  0.10883841491818505     
          36   8.6067841538439147E-002
          37  0.11287461070149578     
          38   8.0410686368914436E-002
          39   8.9422185226433581E-002
          40   9.0020812447684478E-002
          41   7.6788320613303401E-002
          42   9.7224757620521310E-002
          43   6.9832802695206350E-002
          44   9.0735643526946769E-002
          45   7.3542076711748783E-002
          46   8.9853961137450672E-002
          47   7.7705556958745259E-002
          48   7.9527585887881738E-002
          49   7.5899336723731364E-002
          50   6.6575072358979193E-002
          51   7.3127521180843258E-002
          52   7.1793971938574355E-002
          53   7.0060591431471642E-002
          54   6.8262195797714212E-002
          55   7.8042514509650288E-002
          56   7.1272684520279531E-002
          57   6.1127025606104009E-002
          58   5.1819243012187224E-002
          59   6.4602223632101802E-002
          60   5.9549360501184777E-002
          61   6.2030863981805004E-002
          62   6.7255971469140682E-002
          63   6.4237706019790453E-002
          64   5.0714973462186001E-002
          65   5.1819913181298499E-002
          66   5.6866898150462877E-002
          67   6.1162245011294046E-002
          68   5.9600504447440680E-002
          69   5.2457371195898793E-002
          70   5.5106576117542411E-002
          71   5.8957397396074668E-002
          72   5.8088720612688695E-002
          73   5.1817767282779023E-002
          74   5.1156207002083495E-002
          75   5.0809063848120214E-002
          76   4.6378530602192859E-002
          77   5.8858386581229091E-002
          78   5.1279392337427371E-002
          79   4.4821025026468016E-002
          80   4.5564703635465428E-002
          81   4.6002578051420745E-002
          82   4.6759350205166868E-002
          83   4.2718808953281798E-002
          84   4.2106856209536782E-002
          85   4.0804326967014339E-002
          86   4.1365670628728521E-002
          87   4.3970965055019962E-002
          88   4.3170741838474587E-002
          89   3.7054543332381139E-002
          90   3.8880390291497126E-002
          91   4.2188907658487068E-002
          92   3.5708910134677752E-002
          93   3.8683962084040936E-002
          94   3.4104352808975794E-002
          95   3.8400887858349698E-002
          96   3.5122194541358856E-002
          97   3.7671671665779269E-002
          98   3.6159647292120949E-002
          99   3.5965032297388649E-002
         100   3.3880097097630964E-002
         101   3.8930979522972906E-002
         102   2.8921490324383407E-002
         103   3.2977892956441726E-002
         104   2.9734572378303736E-002
         105   3.3765689507356408E-002
         106   2.7569668129917044E-002
         107   3.2908873760169745E-002
         108   3.4604404552873363E-002
         109   3.1265126333973020E-002
         110   2.8613535321306987E-002
         111   2.9119455114527459E-002
         112   2.9119389945709340E-002
         113   2.6569039333334977E-002
         114   2.7204682605015136E-002
         115   2.6731523132055332E-002
         116   2.8603736440591967E-002
         117   2.3971452469382308E-002
         118   2.4765151403268546E-002
         119   2.7030372612156971E-002
         120   2.4431942351235043E-002
         121   2.3233142526297244E-002
         122   2.4445962196045789E-002
         123   2.2544025396303295E-002
         124   2.5322566009405745E-002
         125   2.2925225886775161E-002
         126   2.1130878993610262E-002
         127   2.0856961802209299E-002
         128   2.2647121494745202E-002
         129   2.2442294625673688E-002
         130   1.9769576327212393E-002
         131   1.8813233664931758E-002
         132   1.8362359129322759E-002
         133   2.1790438645530746E-002
         134   1.9967106412733627E-002
         135   1.9412025153508743E-002
         136   2.0111677914852043E-002
         137   1.8647077319898307E-002
         138   1.7423991613565254E-002
         139   1.9576089429725080E-002
         140   1.7258010222804925E-002
         141   1.8601705901511740E-002
         142   1.7083367105673066E-002
         143   1.6547293790218281E-002
         144   1.6465303325920867E-002
         145   1.7291388157759560E-002
         146   1.4867436952003347E-002
         147   1.6051684396143559E-002
         148   1.6383752688706787E-002
         149   1.6699571388877718E-002
         150   1.3885730800437007E-002
         151   1.4042736688495183E-002
         152   1.5226725615027846E-002
         153   1.3878761469084643E-002
         154   1.3903516176049411E-002
         155   1.4778127906834583E-002
         156   1.3455321908118588E-002
         157   1.4276163404566864E-002
         158   1.3522355919324391E-002
         159   1.2013599975270605E-002
         160   1.2233564609508916E-002
         161   1.2599246746942057E-002
         162   1.2387535077695258E-002
         163   1.0982983518214647E-002
         164   1.2171047960229123E-002
         165   1.2116708418405621E-002
         166   1.0395181963029874E-002
         167   1.2847194070939684E-002
         168   1.0313252020699699E-002
         169   1.2521865226607535E-002
         170   1.1718929169094497E-002
         171   1.0309822363405285E-002
         172   9.8422057562933870E-003
         173   1.0575886303866355E-002
         174   1.0584746894572655E-002
         175   1.0050283361220057E-002
         176   9.2211067355880815E-003
         177   9.4446761388507373E-003
         178   9.5413729505294375E-003
         179   9.1625100943271854E-003
         180   9.1353554891843020E-003
         181   9.0125219327438638E-003
         182   8.6766057743526293E-003
         183   8.9321804710795951E-003
         184   7.9947507103938567E-003
         185   9.0204333855007715E-003
         186   8.2593214079771330E-003
         187   7.6055542110043022E-003
         188   7.2561294708462891E-003
         189   7.9342079766544504E-003
         190   8.5498059141740426E-003
         191   8.2689878922251863E-003
         192   7.3870286169254156E-003
         193   7.3947763982741476E-003
         194   7.5335540990458640E-003
         195   7.4126479691648548E-003
         196   7.6052572795910966E-003
         197   6.8761614912249691E-003
         198   7.3912254285967505E-003
         199   6.3166003973752181E-003
         200   5.7405258577080363E-003
         201   6.9380434942206476E-003
         202   5.7053591133403060E-003
         203   6.1702495011144234E-003
         204   6.4679075368134376E-003
         205   5.9912144036860559E-003
         206   6.1794055604254029E-003
         207   5.7666692025337930E-003
         208   5.2003349914102855E-003
         209   5.7638799248866494E-003
         210   5.1182114413565313E-003
         211   5.3919607336002729E-003
         212   5.5508115994876827E-003
         213   4.7130715228988155E-003
         214   4.9458989770163339E-003
         215   4.7274723970423416E-003
         216   5.1449585051981340E-003
         217   5.0978962456438284E-003
         218   4.8828288521727053E-003
         219   4.7068816346691510E-003
         220   4.5674429120997236E-003
         221   4.6224004573598588E-003
         222   4.7590454013843398E-003
         223   4.5090672611053659E-003
         224   4.3119616180183852E-003
         225   4.0831492104735703E-003
         226   4.2034166690133106E-003
         227   4.1053613592799193E-003
         228   4.0986201067437925E-003
         229   4.2762621016046130E-003
         230   3.9687697531721250E-003
         231   4.1719810779145914E-003
         232   3.7087079890131274E-003
         233   4.0723069375099468E-003
         234   3.3285747667883073E-003
         235   3.4008151297156381E-003
         236   3.0590799784520413E-003
         237   3.3151024656957518E-003
         238   4.0013447821354688E-003
         239   3.4135336123349760E-003
         240   3.2460878506164301E-003
         241   2.9883658960939783E-003
         242   3.1934981580246510E-003
         243   3.2734300078905237E-003
         244   3.2351517573205525E-003
         245   2.8394377179720822E-003
         246   2.9860385543127466E-003
         247   3.1170648958550175E-003
         248   2.9759980094022846E-003
         249   3.2984296616088873E-003
         250   3.4498139637494959E-003
         251   3.1957046185908645E-003
         252   2.3459267560012303E-003
         253   2.6864340571529722E-003
         254   3.0471838225162714E-003
         255   2.6704018239088840E-003
         256   2.5515429826894077E-003
         257   2.7242976809424830E-003
         258   2.4539409779576905E-003
         259   2.5403548461123060E-003
         260   2.4498996263749096E-003
         261   2.4441789637606407E-003
         262   2.2868960100642611E-003
         263   2.4755446200268720E-003
         264   2.0584262584955036E-003
         265   1.9983129203840614E-003
         266   2.1740601498812647E-003
         267   2.2912011898799200E-003
         268   1.9096335994133768E-003
         269   1.8952037525524614E-003
         270   2.3932654996823566E-003
         271   1.9320867873145551E-003
         272   2.1219153716199655E-003
         273   1.7554413052882961E-003
         274   2.0489203880454036E-003
         275   2.1063414949775323E-003
         276   1.8112120080427021E-003
         277   1.6528745962629771E-003
         278   1.8774532335203468E-003
         279   1.8433988588546953E-003
         280   1.6080170719958537E-003
         281   2.1492559134750557E-003
         282   1.7747081276324925E-003
         283   1.5051690856925960E-003
         284   1.5732408410561831E-003
         285   1.8359192033172928E-003
         286   1.7356509808878575E-003
         287   1.3575979623377456E-003
         288   1.4436290356938859E-003
         289   1.3772972221602002E-003
         290   1.2824846867146150E-003
         291   1.3578037049520046E-003
         292   1.6094033027310539E-003
         293   1.4318600069813650E-003
         294   1.2573405917776120E-003
         295   1.4216888616287464E-003
         296   1.2128672556989840E-003
         297   1.3579231450577098E-003
         298   1.1700527075442376E-003
         299   1.4550472722925148E-003
         300   1.1897201950420351E-003
         301   1.1645527550976863E-003
         302   9.9998311858378154E-004
         303   9.9367874912524210E-004
         304   1.0470656540875342E-003
         305   9.8898565143022373E-004
         306   1.2027327989278986E-003
         307   1.1949794733902735E-003
         308   1.1870412679411656E-003
         309   1.1213492427902933E-003
         310   1.1968261496614954E-003
         311   7.9567957381064601E-004
         312   9.3715284562360674E-004
         313   8.5834414868136803E-004
         314   8.9324823204197496E-004
         315   1.0234515465484025E-003
         316   8.8938667083773642E-004
         317   7.8937825890557317E-004
         318   8.5502269396707422E-004
         319   9.0444177299491403E-004
         320   8.4471534290083729E-004
         321   8.0836613735525058E-004
         322   8.8753473724819114E-004
         323   8.7482658242818813E-004
         324   7.7856347467025050E-004
         325   9.4644260780503431E-004
         326   8.2106868329578930E-004
         327   7.0464028809918999E-004
         328   8.9201793939699893E-004
         329   7.9904279611367533E-004
         330   9.5421129839966170E-004
         331   8.2510032444740660E-004
         332   7.9196458818163321E-004
         333   6.8700538861674976E-004
         334   6.9697074581557498E-004
         335   8.4116467351559251E-004
         336   6.8890700093658891E-004
         337   5.8689059122652234E-004
         338   5.2789742404094856E-004
         339   7.4561420962471116E-004
         340   5.6274087106791999E-004
         341   5.8681899627203808E-004
         342   6.9194474131008873E-004
         343   6.1375723986166529E-004
         344   7.3089835134075608E-004
         345   5.0660441091960110E-004
         346   5.3700340955013532E-004
         347   6.7210239944075906E-004
         348   6.9452910967064132E-004
         349   5.6050412995565016E-004
         350   5.6348039321900162E-004
         351   4.9593935451475407E-004
         352   5.1868228836555238E-004
         353   5.4110862833162609E-004
         354   4.6218064075498496E-004
         355   4.9099473580114367E-004
         356   5.0726309922704508E-004
         357   4.9824046778995407E-004
         358   4.3349675251207458E-004
         359   4.9260906450054800E-004
         360   4.5303823911934846E-004
         361   4.5674310095057598E-004
         362   3.5715936144637122E-004
         363   4.5778815550560545E-004
         364   3.8945473522259441E-004
         365   4.0505976337982689E-004
         366   5.2119219859801983E-004
         367   3.5960131651059695E-004
         368   4.5702836691624332E-004
         369   4.0794739947675189E-004
         370   3.9410334004257833E-004
         371   4.3819936309293615E-004
         372   3.4405605008745364E-004
         373   3.3089712830105882E-004
         374   3.3484975342649228E-004
         375   4.4022040380432321E-004
         376   4.4338472364325129E-004
         377   2.6807248399572013E-004
         378   4.4993688308217998E-004
         379   3.4267364639358389E-004
         380   3.2435113785795006E-004
         381   3.4982915679018160E-004
         382   2.9375034944093562E-004
         383   3.0847240688231485E-004
         384   3.9272995380479900E-004
         385   3.2671730574248956E-004
         386   3.7819863895567591E-004
         387   3.6560296494157052E-004
         388   3.2153400883837898E-004
         389   2.3092339198894378E-004
         390   3.1317351812289298E-004
         391   2.5445607118706104E-004
         392   2.5307453698204650E-004
         393   2.5690285967217274E-004
         394   2.8125565171696935E-004
         395   2.3408341901622699E-004
         396   2.3271855421068115E-004
         397   2.3162958944782599E-004
         398   2.6061700803974518E-004
         399   2.7424070477894953E-004
         400   2.0837508893039764E-004
         401   2.5175116356495144E-004
         402   1.9158438085022312E-004
         403   1.6125918731875913E-004
         404   2.2367877430369922E-004
         405   2.2746824899704549E-004
         406   2.6008618092620889E-004
         407   2.4916789184276203E-004
         408   2.1938721159868262E-004
         409   2.7531009641316154E-004
         410   3.0214801421566355E-004
         411   2.1608982923273991E-004
         412   1.8701797947260306E-004
         413   1.2096964659468392E-004
         414   1.2501706308294409E-004
         415   2.5802116272310007E-004
         416   1.6974429372865692E-004
         417   2.3734869040746863E-004
         418   1.9539485768980668E-004
         419   1.8549782562722161E-004
         420   2.2507691249959138E-004
         421   1.3435240399018193E-004
         422   1.8725859961752476E-004
         423   1.6416656788117518E-004
         424   1.7661997982907095E-004
         425   2.1981736566773540E-004
         426   1.4434372439177542E-004
         427   1.6987407250893205E-004
         428   1.6471733841908368E-004
         429   1.1642591072388802E-004
         430   1.9756434156932589E-004
         431   1.3672522561446711E-004
         432   1.3615204808541576E-004
         433   1.1854771673675724E-004
         434   1.6017298455921978E-004
         435   1.3008235583319993E-004
         436   2.0460841160581470E-004
         437   1.5801211600023331E-004
         438   1.7795565404897046E-004
         439   1.1537231411637007E-004
         440   1.8041251269631755E-004
         441   1.2648381221337849E-004
         442   1.4634376541007585E-004
         443   1.3346180996119721E-004
         444   1.5304332058392015E-004
         445   1.5234922923493580E-004
         446   1.9556125808478341E-004
         447   1.0327922332804060E-004
         448   1.5424998383519218E-004
         449   1.6146049746485310E-004
         450   1.1768391477761129E-004
         451   1.6398315357226128E-004
         452   1.5154845156678895E-004
         453   8.9041139210876920E-005
         454   1.0781868461487747E-004
         455   9.2039065381576690E-005
         456   1.3749696349366880E-004
         457   1.3306375973731654E-004
         458   8.7074575865214536E-005
         459   9.8020906335652891E-005
         460   8.2574541475472220E-005
         461   1.2705037872575892E-004
         462   1.3760345667212414E-004
         463   8.1485751196095884E-005
         464   5.1620354144004829E-005
         465   9.5502558409063680E-005
         466   1.0607457367819737E-004
         467   7.6477911574854941E-005
         468   7.9752693731188426E-005
         469   4.3304789308315625E-005
         470   8.2696308031518419E-005
         471   7.8732187897651110E-005
         472   8.9115787027561384E-005
         473   9.2289453770406094E-005
         474   4.5972819823779724E-005
         475   8.7945610005036391E-005
         476   9.4633921431872494E-005
         477   9.0696869037716260E-005
         478   1.0084679627929381E-004
         479   7.9577506819103166E-005
         480   8.9594593739970529E-005
         481   1.0642023995046552E-004
         482   8.8906688390140903E-005
         483   7.8300164837855882E-005
         484   7.1179136250196256E-005
         485   4.3872752148874212E-005
         486   7.7328891215892713E-005
         487   8.3715482398263554E-005
         488   8.3354349017675494E-005
         489   9.6319537428446632E-005
         490   3.9679453006328939E-005
         491   7.2507675250698458E-005
         492   3.6104217894450088E-005
         493   5.8795604350974262E-005
         494   4.5538385747590666E-005
         495   4.2156637829132881E-005
         496   5.8107675980217526E-005
         497   4.1788840711665269E-005
         498   5.4428585426084096E-005
         499   4.7827102002213067E-005
         500   3.8132801504392038E-005
         501   6.6464774332999568E-005
         502   3.4667015068345245E-005
         503   6.5929891991462964E-005
         504   6.2531665368117579E-005
         505   4.3625334410792023E-005
         506   5.2737026428101725E-005
         507   7.1075471874305329E-005
         508   4.0005717962423970E-005
         509   2.4540507032470706E-005
         510   2.7495534810540990E-005
         511   2.4331785094860289E-005
         512   4.8447995707558816E-005
         513   1.5095652635720569E-005
         514   4.2079169595679746E-005
         515   2.3947349356264373E-005
         516   2.3861764788666960E-005
         517   1.4841930866400628E-005
         518   6.2167546286056690E-005
         519   2.9494944849167472E-005
         520   4.9931694400213444E-005
         521   4.6787422085732445E-005
         522   5.8302398197940911E-006
         523   5.8049841337548616E-006
         524   2.8936522746987020E-005
         525   4.9015664162339252E-005
         526   2.2971472482966811E-005
         527   4.8623716311345280E-005
         528   3.7045653110643348E-005
         529   2.2722359075347578E-005
         530   3.1117917047285860E-005
         531   2.5344860983827893E-005
         532   2.8050326819540585E-005
         533   1.9574506283307286E-005
         534   2.2278585758388472E-005
         535   2.7739469041362451E-005
         536   2.2122752096516179E-005
         537   3.0292151733109053E-005
         538   2.7434659994016231E-005
         539   1.0946279582960204E-005
         540   1.3630022125523159E-005
         541   2.1707552189473827E-005
         542   3.2439832479517198E-005
         543   8.0831724087366186E-006
         544   1.8785889971038797E-005
         545   2.4064363873847999E-005
         546   2.6650602192256859E-005
         547   2.9212623992928923E-005
         548   1.3219103348776111E-005
         549   2.3735991731259288E-005
         550   1.8382324654830263E-005
         551   1.5709492434510522E-005
         552   2.3452582136220581E-005
         553   1.5580178867776845E-005
         554   1.5533098233531856E-005
         555   2.0617533444986981E-005
         556   1.0280760287906731E-005
         557   2.8171195510606513E-005
         558   1.7855853652335703E-005
         559   1.5249468398966368E-005
         560   5.0702133397494653E-006
         561   2.5241098608293678E-005
         562   1.2580794254905806E-005
         563   2.5018196759704573E-006
         564   1.7479224367298503E-005
         565   1.4924667451569145E-005
         566   1.9838196713629932E-005
         567   2.2253957493568199E-005
         568   2.2156869945724344E-005
         569   1.9630462195815434E-005
         570   7.3396946174618630E-006
         571   2.1942852729210574E-005
         572   4.8557668214297083E-006
         573   1.4514172915314551E-005
         574   2.4100126208284820E-005
         575   7.2063120218803826E-006
         576   9.5823310102942179E-006
         577   9.5368168230920137E-006
         578   9.5053827940041442E-006
         579   1.4217688605667158E-005
         580   1.1807101704411730E-005
         581   1.6461436302054310E-005
         582   1.1716786068756916E-005
         583   4.6756525358327709E-006
         584   1.3967332295314835E-005
         585   1.8570146343875118E-005
         586   9.2518290215132912E-006
         587   1.1525457729346926E-005
         588   1.1490985198345814E-005
         589   1.8338088319774613E-005
         590   4.5629729544833527E-006
         591   4.5437372484740088E-006
         592   6.8021007317209757E-006
         593   1.1294013596560947E-005
         594   4.5009414557139739E-006
         595   6.7271830138178076E-006
         596   1.3422942101719810E-005
         597   0.0000000000000000E+000
         598   1.1119344650176020E-005
         599   2.2124760113889113E-006
         600   6.6264729616996539E-006
         601   6.6072557178550777E-006
         602   2.1947885890740889E-006
         603   0.0000000000000000E+000
         604   8.7080932958585979E-006
         605   6.5091976145703788E-006
         606   4.3277416843451406E-006
         607   0.0000000000000000E+000
         608   1.0749371046259800E-005
         609   4.2797478124133979E-006
         610   0.0000000000000000E+000
         611   4.2579589620893143E-006
         612   2.1214714172977879E-006
         613   4.2288510395116801E-006
         614   2.1096403479142899E-006
         615   4.1998485615665459E-006
         616   2.0951722474726284E-006
         617   2.0864004143762457E-006
         618   4.1592926872489341E-006
         619   1.0373354873466596E-005
         620   4.1332518168734938E-006
         621   6.1807773388644106E-006
         622   4.1062489982318658E-006
         623   8.1853463319871083E-006
         624   0.0000000000000000E+000
         625   2.0370071568964673E-006
         626   6.0840861811236089E-006
         627   1.0097513720447922E-005
         628   1.2083695312042564E-005
         629   0.0000000000000000E+000
         630   3.9977778027707286E-006
         631   3.9949661888666736E-006
         632   1.9906363068539653E-006
         633   1.9835195187750716E-006
         634   5.9334415199371778E-006
         635   1.9675638264136806E-006
         636   1.9618397876517868E-006
         637   3.9186838550867216E-006
         638   0.0000000000000000E+000
         639   9.7240230750617186E-006
         640   0.0000000000000000E+000
         641   5.8028422960178451E-006
         642   3.8546734791722270E-006
         643   5.7648770897734968E-006
         644   0.0000000000000000E+000
         645   3.8192882763669680E-006
         646   5.7080271086593905E-006
         647   1.8954505200371093E-006
         648   3.7864562474480358E-006
         649   3.7758270715572680E-006
         650   1.8821289502285137E-006
         651   0.0000000000000000E+000
         652   0.0000000000000000E+000
         653   1.8645732357658634E-006
         654   3.7188917785509722E-006
         655   5.5548945441383811E-006
         656   1.8490480361421653E-006
         657   0.0000000000000000E+000
         658   1.8358350608979856E-006
         659   1.8303943483984315E-006
         660   1.0952429876506258E-005
         661   0.0000000000000000E+000
         662   0.0000000000000000E+000
         663   0.0000000000000000E+000
         664   0.0000000000000000E+000
         665   3.5918832954200093E-006
         666   0.0000000000000000E+000
         667   8.9371288699142136E-006
         668   0.0000000000000000E+000
         669   0.0000000000000000E+000
         670   1.7690437674811678E-006
         671   5.2929280082123543E-006
         672   0.0000000000000000E+000
         673   0.0000000000000000E+000
         674   0.0000000000000000E+000
         675   0.0000000000000000E+000
         676   1.7373172856669842E-006
         677   0.0000000000000000E+000
         678   3.4561094960059504E-006
         679   1.7249815430082896E-006
         680   1.7180306487068955E-006
         681   1.7122518078127955E-006
         682   0.0000000000000000E+000
         683   0.0000000000000000E+000
         684   0.0000000000000000E+000
         685   0.0000000000000000E+000
         686   3.3798933810880377E-006
         687   8.4171700572299684E-006
         688   0.0000000000000000E+000
         689   0.0000000000000000E+000
         690   1.6684774541694555E-006
         691   0.0000000000000000E+000
         692   1.6598721291317587E-006
         693   0.0000000000000000E+000
         694   0.0000000000000000E+000
         695   0.0000000000000000E+000
         696   0.0000000000000000E+000
         697   1.6338262447795846E-006
         698   0.0000000000000000E+000
         699   0.0000000000000000E+000
         700   0.0000000000000000E+000
         701   0.0000000000000000E+000
         702   3.2279917877122601E-006
         703   0.0000000000000000E+000
         704   0.0000000000000000E+000
         705   1.6004731405403485E-006
         706   1.5941279646719171E-006
         707   0.0000000000000000E+000
         708   3.1712418092415189E-006
         709   3.1584978324242052E-006
         710   1.5768134192967404E-006
         711   1.5698899503919937E-006
         712   0.0000000000000000E+000
         713   0.0000000000000000E+000
         714   0.0000000000000000E+000
         715   0.0000000000000000E+000
         716   0.0000000000000000E+000
         717   0.0000000000000000E+000
         718   3.0840984491140416E-006
         719   1.5359331944603557E-006
         720   4.5975152363158080E-006
         721   1.5287431276602534E-006
         722   3.0481907968819002E-006
         723   0.0000000000000000E+000
         724   0.0000000000000000E+000
         725   0.0000000000000000E+000
         726   0.0000000000000000E+000
         727   0.0000000000000000E+000
         728   0.0000000000000000E+000
         729   0.0000000000000000E+000
         730   0.0000000000000000E+000
         731   0.0000000000000000E+000
         732   0.0000000000000000E+000
         733   1.4772966599953451E-006
         734   0.0000000000000000E+000
         735   0.0000000000000000E+000
         736   0.0000000000000000E+000
         737   0.0000000000000000E+000
         738   0.0000000000000000E+000
         739   1.4540983822715791E-006
         740   0.0000000000000000E+000
         741   0.0000000000000000E+000
         742   1.4421040066760463E-006
         743   0.0000000000000000E+000
         744   0.0000000000000000E+000
         745   0.0000000000000000E+000
         746   0.0000000000000000E+000
         747   1.4260754650429217E-006
         748   0.0000000000000000E+000
         749   0.0000000000000000E+000
         750   1.4143218570405169E-006
         751   0.0000000000000000E+000
         752   2.8113152272000408E-006
         753   0.0000000000000000E+000
         754   0.0000000000000000E+000
         755   0.0000000000000000E+000
         756   0.0000000000000000E+000
         757   1.3855729736650651E-006
         758   0.0000000000000000E+000
         759   0.0000000000000000E+000
         760   2.7542938272290265E-006
         761   0.0000000000000000E+000
         762   0.0000000000000000E+000
         763   1.3669119421836193E-006
         764   0.0000000000000000E+000
         765   0.0000000000000000E+000
         766   0.0000000000000000E+000
         767   0.0000000000000000E+000
         768   0.0000000000000000E+000
         769   0.0000000000000000E+000
         770   0.0000000000000000E+000
         771   0.0000000000000000E+000
         772   0.0000000000000000E+000
         773   0.0000000000000000E+000
         774   0.0000000000000000E+000
         775   0.0000000000000000E+000
         776   0.0000000000000000E+000
         777   0.0000000000000000E+000
         778   0.0000000000000000E+000
         779   0.0000000000000000E+000
         780   0.0000000000000000E+000
         781   0.0000000000000000E+000
         782   0.0000000000000000E+000
         783   0.0000000000000000E+000
         784   0.0000000000000000E+000
         785   0.0000000000000000E+000
         786   0.0000000000000000E+000
         787   0.0000000000000000E+000
         788   0.0000000000000000E+000
         789   0.0000000000000000E+000
         790   0.0000000000000000E+000
         791   0.0000000000000000E+000
         792   0.0000000000000000E+000
         793   0.0000000000000000E+000
         794   0.0000000000000000E+000
         795   0.0000000000000000E+000
         796   0.0000000000000000E+000
         797   0.0000000000000000E+000
         798   0.0000000000000000E+000
         799   0.0000000000000000E+000
         800   0.0000000000000000E+000
         801   0.0000000000000000E+000
         802   1.2351891710674417E-006
         803   0.0000000000000000E+000
         804   0.0000000000000000E+000
         805   0.0000000000000000E+000
         806   0.0000000000000000E+000
         807   0.0000000000000000E+000
         808   0.0000000000000000E+000
         809   0.0000000000000000E+000
         810   0.0000000000000000E+000
         811   0.0000000000000000E+000
         812   0.0000000000000000E+000
         813   0.0000000000000000E+000
         814   0.0000000000000000E+000
         815   0.0000000000000000E+000
         816   0.0000000000000000E+000
         817   0.0000000000000000E+000
         818   0.0000000000000000E+000
         819   0.0000000000000000E+000
         820   0.0000000000000000E+000
         821   0.0000000000000000E+000
         822   0.0000000000000000E+000
         823   0.0000000000000000E+000
         824   0.0000000000000000E+000
         825   0.0000000000000000E+000
         826   0.0000000000000000E+000
         827   0.0000000000000000E+000
         828   0.0000000000000000E+000
         829   0.0000000000000000E+000
         830   0.0000000000000000E+000
         831   0.0000000000000000E+000
         832   0.0000000000000000E+000
         833   0.0000000000000000E+000
         834   0.0000000000000000E+000
         835   0.0000000000000000E+000
         836   0.0000000000000000E+000
         837   0.0000000000000000E+000
         838   0.0000000000000000E+000
         839   0.0000000000000000E+000
         840   0.0000000000000000E+000
         841   0.0000000000000000E+000
         842   0.0000000000000000E+000
         843   0.0000000000000000E+000
         844   0.0000000000000000E+000
         845   0.0000000000000000E+000
         846   0.0000000000000000E+000
         847   0.0000000000000000E+000
         848   0.0000000000000000E+000
         849   0.0000000000000000E+000
         850   0.0000000000000000E+000
         851   0.0000000000000000E+000
         852   0.0000000000000000E+000
         853   0.0000000000000000E+000
         854   0.0000000000000000E+000
         855   0.0000000000000000E+000
         856   0.0000000000000000E+000
         857   0.0000000000000000E+000
         858   0.0000000000000000E+000
         859   0.0000000000000000E+000
         860   0.0000000000000000E+000
         861   0.0000000000000000E+000
         862   0.0000000000000000E+000
         863   0.0000000000000000E+000
         864   0.0000000000000000E+000
         865   0.0000000000000000E+000
         866   0.0000000000000000E+000
         867   0.0000000000000000E+000
         868   0.0000000000000000E+000
         869   0.0000000000000000E+000
         870   0.0000000000000000E+000
         871   0.0000000000000000E+000
         872   0.0000000000000000E+000
         873   0.0000000000000000E+000
         874   0.0000000000000000E+000
         875   0.0000000000000000E+000
         876   0.0000000000000000E+000
         877   0.0000000000000000E+000
         878   0.0000000000000000E+000
         879   0.0000000000000000E+000
         880   0.0000000000000000E+000
         881   0.0000000000000000E+000
         882   0.0000000000000000E+000
         883   0.0000000000000000E+000
         884   0.0000000000000000E+000
         885   0.0000000000000000E+000
         886   0.0000000000000000E+000
         887   0.0000000000000000E+000
         888   0.0000000000000000E+000
         889   0.0000000000000000E+000
         890   0.0000000000000000E+000
         891   0.0000000000000000E+000
         892   0.0000000000000000E+000
         893   0.0000000000000000E+000
         894   0.0000000000000000E+000
         895   0.0000000000000000E+000
         896   0.0000000000000000E+000
         897   0.0000000000000000E+000
         898   0.0000000000000000E+000
         899   0.0000000000000000E+000
         900   0.0000000000000000E+000
         901   0.0000000000000000E+000
         902   0.0000000000000000E+000
         903   0.0000000000000000E+000
         904   0.0000000000000000E+000
         905   0.0000000000000000E+000
         906   0.0000000000000000E+000
         907   0.0000000000000000E+000
         908   0.0000000000000000E+000
         909   0.0000000000000000E+000
         910   0.0000000000000000E+000
         911   0.0000000000000000E+000
         912   0.0000000000000000E+000
         913   0.0000000000000000E+000
         914   0.0000000000000000E+000
         915   0.0000000000000000E+000
         916   0.0000000000000000E+000
         917   0.0000000000000000E+000
         918   0.0000000000000000E+000
         919   0.0000000000000000E+000
         920   0.0000000000000000E+000
         921   0.0000000000000000E+000
         922   0.0000000000000000E+000
         923   0.0000000000000000E+000
         924   0.0000000000000000E+000
         925   0.0000000000000000E+000
         926   0.0000000000000000E+000
         927   0.0000000000000000E+000
         928   0.0000000000000000E+000
         929   0.0000000000000000E+000
         930   0.0000000000000000E+000
         931   0.0000000000000000E+000
         932   0.0000000000000000E+000
         933   0.0000000000000000E+000
         934   0.0000000000000000E+000
         935   0.0000000000000000E+000
         936   0.0000000000000000E+000
         937   0.0000000000000000E+000
         938   0.0000000000000000E+000
         939   0.0000000000000000E+000
         940   0.0000000000000000E+000
         941   0.0000000000000000E+000
         942   0.0000000000000000E+000
         943   0.0000000000000000E+000
         944   0.0000000000000000E+000
         945   0.0000000000000000E+000
         946   0.0000000000000000E+000
         947   0.0000000000000000E+000
         948   0.0000000000000000E+000
         949   0.0000000000000000E+000
         950   0.0000000000000000E+000
         951   0.0000000000000000E+000
         952   0.0000000000000000E+000
         953   0.0000000000000000E+000
         954   0.0000000000000000E+000
         955   0.0000000000000000E+000
         956   0.0000000000000000E+000
         957   0.0000000000000000E+000
         958   0.0000000000000000E+000
         959   0.0000000000000000E+000
         960   0.0000000000000000E+000
         961   0.0000000000000000E+000
         962   0.0000000000000000E+000
         963   0.0000000000000000E+000
         964   0.0000000000000000E+000
         965   0.0000000000000000E+000
         966   0.0000000000000000E+000
         967   0.0000000000000000E+000
         968   0.0000000000000000E+000
         969   0.0000000000000000E+000
         970   0.0000000000000000E+000
         971   0.0000000000000000E+000
         972   0.0000000000000000E+000
         973   0.0000000000000000E+000
         974   0.0000000000000000E+000
         975   0.0000000000000000E+000
         976   0.0000000000000000E+000
         977   0.0000000000000000E+000
         978   0.0000000000000000E+000
         979   0.0000000000000000E+000
         980   0.0000000000000000E+000
         981   0.0000000000000000E+000
         982   0.0000000000000000E+000
         983   0.0000000000000000E+000
         984   0.0000000000000000E+000
         985   0.0000000000000000E+000
         986   0.0000000000000000E+000
         987   0.0000000000000000E+000
         988   0.0000000000000000E+000
         989   0.0000000000000000E+000
         990   0.0000000000000000E+000
         991   0.0000000000000000E+000
         992   0.0000000000000000E+000
         993   0.0000000000000000E+000
         994   0.0000000000000000E+000
         995   0.0000000000000000E+000
         996   0.0000000000000000E+000
         997   0.0000000000000000E+000
         998   0.0000000000000000E+000
         999   0.0000000000000000E+000
        1000   0.0000000000000000E+000
