           1   0.0000000000000000E+000
           2   2.7266963572511433     
           3  0.47049763653538262     
           4  0.41124283800935135     
           5  0.68929808055712405     
           6  0.73302228969723493     
           7  0.23266233612127388     
           8  0.37703323672853722     
           9  0.41689403261429964     
          10  0.34675812573297737     
          11  0.54638003465773688     
          12  0.43126443015652816     
          13  0.39198480227546112     
          14  0.39978799359810213     
          15  0.37469144981699465     
          16  0.29974766010729120     
          17  0.43053384556173863     
          18  0.36710918632939438     
          19  0.37594608505016353     
          20  0.42219824201437828     
          21  0.33812132728271455     
          22  0.29036051556871095     
          23  0.31843670624630310     
          24  0.37701931532218469     
          25  0.32152414948739427     
          26  0.27565613550910101     
          27  0.34314918732556193     
          28  0.23670960391434440     
          29  0.26264158118895220     
          30  0.28292460406256192     
          31  0.28039973559761133     
          32  0.29712136609597944     
          33  0.28326663316141115     
          34  0.27276884043768707     
          35  0.28232179256893092     
          36  0.23940948819458030     
          37  0.22836455164484362     
          38  0.24316580376960290     
          39  0.23332550744445674     
          40  0.21725602435603414     
          41  0.22487203559734731     
          42  0.20180686533964651     
          43  0.23214083780235870     
          44  0.20155961439096728     
          45  0.21202355032397852     
          46  0.19189961363008604     
          47  0.18601927198816848     
          48  0.18717746657903889     
          49  0.16503811439871857     
          50  0.18672596281105064     
          51  0.16682512473672462     
          52  0.16533847738392571     
          53  0.16776086920004457     
          54  0.15543381140536564     
          55  0.17014863270446745     
          56  0.15277566920409258     
          57  0.13526044699976922     
          58  0.15362100247160604     
          59  0.14365487470410618     
          60  0.15128136267862563     
          61  0.13936654087928269     
          62  0.13410133755567225     
          63  0.12033103552041982     
          64  0.11360156454595952     
          65  0.12875486753357235     
          66  0.11685652905650468     
          67  0.12582627679366962     
          68  0.12565459868426324     
          69  0.10940709179363500     
          70  0.11015980300975864     
          71  0.11646710065547199     
          72  0.10584251097150871     
          73  0.10746811492160198     
          74  0.10339069673664596     
          75  0.10283650044032447     
          76   9.5844793248630336E-002
          77   9.5277256289753476E-002
          78   8.3074093121844259E-002
          79   8.6982094928131318E-002
          80   8.9691220005273020E-002
          81   8.6156181001844218E-002
          82   8.1620803311345747E-002
          83   7.3157172466272472E-002
          84   7.3112304302914127E-002
          85   8.2103223532277780E-002
          86   7.2750675824553079E-002
          87   7.3711870496947607E-002
          88   6.5856885291221912E-002
          89   6.2904241064577496E-002
          90   6.5186273390828997E-002
          91   6.7525917326589968E-002
          92   6.3731412158157669E-002
          93   6.3811625131115116E-002
          94   6.2443674930864737E-002
          95   5.9097233051106576E-002
          96   6.2206940703149340E-002
          97   5.5754099918528061E-002
          98   5.9554962950112214E-002
          99   5.5079561731069926E-002
         100   4.7139959266167444E-002
         101   5.1054888696908857E-002
         102   5.1045339584126659E-002
         103   4.6625814383243008E-002
         104   4.4587206719009467E-002
         105   4.7552626296149536E-002
         106   4.7274405193899922E-002
         107   4.5178943852183302E-002
         108   4.3475088028099837E-002
         109   4.5203005331947925E-002
         110   3.9700817464842823E-002
         111   3.7701054663145307E-002
         112   3.7668621000131519E-002
         113   3.8542907307488383E-002
         114   3.7578966592512586E-002
         115   3.4484269072199293E-002
         116   3.9167680945564859E-002
         117   3.3315882003000181E-002
         118   3.2930790096263651E-002
         119   3.6513075497995116E-002
         120   3.0532645456932118E-002
         121   3.0070531555412949E-002
         122   3.0171631504980555E-002
         123   3.1155784239513373E-002
         124   2.8179802847706936E-002
         125   2.8899578439986390E-002
         126   2.8764415579389146E-002
         127   2.6892107401716180E-002
         128   2.2992285475981030E-002
         129   2.7006868849782609E-002
         130   2.6864233394708593E-002
         131   2.2968351340260006E-002
         132   1.9448534582894392E-002
         133   2.1027030913912764E-002
         134   2.2391964775943379E-002
         135   1.8682166064197377E-002
         136   1.9053075624359692E-002
         137   2.2477473533132751E-002
         138   1.8963278937704862E-002
         139   1.7665427719868877E-002
         140   2.0072329197729791E-002
         141   1.8449038252069668E-002
         142   1.9284247873048138E-002
         143   2.1223176039975346E-002
         144   1.7868819100955252E-002
         145   1.7699259196673960E-002
         146   1.8092923766486680E-002
         147   1.5219044717110051E-002
         148   1.5656485911432004E-002
         149   1.4885994863969158E-002
         150   1.4756906823425705E-002
         151   1.4147901626118264E-002
         152   1.5883275101269415E-002
         153   1.2392483070607290E-002
         154   1.2239321086712381E-002
         155   1.3161474154779371E-002
         156   1.2218031749522575E-002
         157   1.2382017116999062E-002
         158   1.1472099815726925E-002
         159   1.2233119008147639E-002
         160   1.2143153475484085E-002
         161   1.0341241128878846E-002
         162   1.0941750934418005E-002
         163   1.0683840032863313E-002
         164   1.0294476273403805E-002
         165   9.1812300211258999E-003
         166   1.0277143401567082E-002
         167   9.5332707605459525E-003
         168   9.6416346428865388E-003
         169   8.8588391540576194E-003
         170   9.9917942800585597E-003
         171   9.1752087350413791E-003
         172   7.7819615857410351E-003
         173   8.5935049332976493E-003
         174   8.5977560365168623E-003
         175   7.7779339325251169E-003
         176   7.6621793947367345E-003
         177   8.4593302027595654E-003
         178   8.0677482709834401E-003
         179   6.7692887572446360E-003
         180   7.2309099342736678E-003
         181   6.3035843621796327E-003
         182   6.7153663454701607E-003
         183   7.4448792425505436E-003
         184   6.3381295626188834E-003
         185   6.6147992487344742E-003
         186   5.6942394294546917E-003
         187   5.7033280855983840E-003
         188   6.0027238080470917E-003
         189   5.4293271970224273E-003
         190   5.3746627298600080E-003
         191   5.5971569976543704E-003
         192   5.3023357482340199E-003
         193   4.8883759229699361E-003
         194   5.0499672862782657E-003
         195   4.9352017606858391E-003
         196   4.9043139479088759E-003
         197   3.7725349651875286E-003
         198   3.9997574245842511E-003
         199   4.4178413038005104E-003
         200   4.1737297235731581E-003
         201   3.8825424544279472E-003
         202   3.7650369804865537E-003
         203   3.7077094913217849E-003
         204   3.4638339702114519E-003
         205   3.5983722940167691E-003
         206   3.6191339665580672E-003
         207   3.1043651962137245E-003
         208   3.0384281989328265E-003
         209   3.1544391263653338E-003
         210   3.5916655162131815E-003
         211   3.3800201683028028E-003
         212   2.8365594311612445E-003
         213   2.7577264625025691E-003
         214   2.4575122812845371E-003
         215   2.4864328858456865E-003
         216   2.8853990445100266E-003
         217   2.7090081906548623E-003
         218   2.5350437881753113E-003
         219   2.5937311855611040E-003
         220   2.4061444119397707E-003
         221   1.9457882311037528E-003
         222   1.8328263927627068E-003
         223   2.5174702374139452E-003
         224   1.8323753359652563E-003
         225   2.0026467900173366E-003
         226   2.1254228112102228E-003
         227   1.7223307899307454E-003
         228   2.3172053763643977E-003
         229   1.4947575903077547E-003
         230   1.6781045550012742E-003
         231   1.8707083028375057E-003
         232   1.7673388834609841E-003
         233   1.4305486699979614E-003
         234   1.5488483221772836E-003
         235   1.1772199420138519E-003
         236   1.5795652468278472E-003
         237   1.8197845905390765E-003
         238   1.5670518660146988E-003
         239   1.3318006806351500E-003
         240   1.1421307829128080E-003
         241   1.2961760143496840E-003
         242   1.4896019018922641E-003
         243   9.1238584627317820E-004
         244   1.3307960272760900E-003
         245   1.2276484147642891E-003
         246   1.0736325284752841E-003
         247   1.1564603276454986E-003
         248   9.4096305254305331E-004
         249   1.0228222281341061E-003
         250   1.0273289392350197E-003
         251   9.9373822662420929E-004
         252   8.2375871174069997E-004
         253   1.1022946466513700E-003
         254   9.8238336458641388E-004
         255   1.0851878507268308E-003
         256   7.9834696882148865E-004
         257   9.9557919696430090E-004
         258   7.3788885701284005E-004
         259   7.5634202452601839E-004
         260   1.0446186684201358E-003
         261   7.2152432017587884E-004
         262   7.9659640588278788E-004
         263   7.5643716520306314E-004
         264   6.3695786506472001E-004
         265   7.4525105285237812E-004
         266   5.4922760035554989E-004
         267   7.0092531941397154E-004
         268   5.9618145783560481E-004
         269   6.1314768432735984E-004
         270   5.5413997775220888E-004
         271   7.7714239733540620E-004
         272   5.8959059415107976E-004
         273   5.7457908316513198E-004
         274   5.0693498941060565E-004
         275   6.3963470251765314E-004
         276   4.2680066100645386E-004
         277   3.6163299083679122E-004
         278   2.7707559053430499E-004
         279   4.2785418044273782E-004
         280   5.4600532839015796E-004
         281   3.9187991833820521E-004
         282   4.2877423312543138E-004
         283   4.0601794744045736E-004
         284   3.9325776557130768E-004
         285   4.1961744333171309E-004
         286   5.9124552469394249E-004
         287   3.2753844635195951E-004
         288   4.1122547803897639E-004
         289   2.7554642064564434E-004
         290   4.3396275568126624E-004
         291   3.0913284114533009E-004
         292   2.5122002875163163E-004
         293   2.8622151523053794E-004
         294   3.9447860318379363E-004
         295   2.5512619523187347E-004
         296   1.5369057193920493E-004
         297   2.1577645328751033E-004
         298   1.5180987633738987E-004
         299   2.9289978973949266E-004
         300   1.7623931395234651E-004
         301   1.8385414728400027E-004
         302   1.4788453291088717E-004
         303   1.2967588162756763E-004
         304   1.8025921165643521E-004
         305   2.4720853222277926E-004
         306   2.1184700201078805E-004
         307   1.4312883517220981E-004
         308   1.2537257654131735E-004
         309   2.1601338230410160E-004
         310   1.4031843455757393E-004
         311   1.4754702562513625E-004
         312   8.1460069461706104E-005
         313   1.3760269512498214E-004
         314   1.3670743675765049E-004
         315   1.4384164212692281E-004
         316   8.7313245802010564E-005
         317   1.0252275726369227E-004
         318   1.8027454863607336E-004
         319   1.5587497568003375E-004
         320   8.5197777388813551E-005
         321   7.6967952838694173E-005
         322   7.6478960367838147E-005
         323   1.1413625866655399E-004
         324   1.0584530132027991E-004
         325   5.2574598520861889E-005
         326   6.7158671233550469E-005
         327   1.1126715746127953E-004
         328   9.5876068594788624E-005
         329   5.8664745229095169E-005
         330   1.3841755105959208E-004
         331   1.0138164775269908E-004
         332   5.7574764134760033E-005
         333   7.8708699697857331E-005
         334   7.1046622969446073E-006
         335   4.9527401801672658E-005
         336   4.9207367084348173E-005
         337   4.8896599176069513E-005
         338   3.4781548484727571E-005
         339   4.8308997433895622E-005
         340   6.1800105667284762E-005
         341   5.4510230087735477E-005
         342   7.4625804168204654E-005
         343   8.0989664288784807E-005
         344   2.6814730336837622E-005
         345   5.3238029973983921E-005
         346   1.3279797964580440E-005
         347   1.3190107915092299E-005
         348   8.5177311479528843E-005
         349   6.5092291982450404E-006
         350   6.4929441038059592E-006
         351   6.4480703423475668E-006
         352   2.5557446138399359E-005
         353   1.2709732554740445E-005
         354   1.2637380599477825E-005
         355   5.0366191591276344E-005
         356   1.2505682725461973E-005
         357   1.2460747539782431E-005
         358   6.1847498179817595E-006
         359   2.4634530119121467E-005
         360   1.8372962303163488E-005
         361   3.0382025899599046E-005
         362   4.8424448386749235E-005
         363   3.6130270422910106E-005
         364   2.9940844145779581E-005
         365   4.7647808634026099E-005
         366   2.9595244291658256E-005
         367   1.1787244555339537E-005
         368   2.9324765601882458E-005
         369   1.1655692899047517E-005
         370   5.7939160840422814E-006
         371   2.8808413863320136E-005
         372   5.7301385545515882E-006
         373   5.6992101327703903E-006
         374   3.4071895014694071E-005
         375   0.0000000000000000E+000
         376   1.1231642860197346E-005
         377   2.2319796270406325E-005
         378   0.0000000000000000E+000
         379   1.1060003606425108E-005
         380   3.8471979156157852E-005
         381   0.0000000000000000E+000
         382   3.8025335316891437E-005
         383   3.7872352147376681E-005
         384   0.0000000000000000E+000
         385   0.0000000000000000E+000
         386   0.0000000000000000E+000
         387   0.0000000000000000E+000
         388   5.2689286523578238E-006
         389   0.0000000000000000E+000
         390   0.0000000000000000E+000
         391   0.0000000000000000E+000
         392   1.0332082111912085E-005
         393   0.0000000000000000E+000
         394   5.1110956614166211E-006
         395   5.0999482132193031E-006
         396   5.0519659602849074E-006
         397   0.0000000000000000E+000
         398   0.0000000000000000E+000
         399   0.0000000000000000E+000
         400   9.8978500208543633E-006
         401   0.0000000000000000E+000
         402   0.0000000000000000E+000
         403   0.0000000000000000E+000
         404   0.0000000000000000E+000
         405   4.8329493317076243E-006
         406   0.0000000000000000E+000
         407   0.0000000000000000E+000
         408   0.0000000000000000E+000
         409   0.0000000000000000E+000
         410   0.0000000000000000E+000
         411   1.4084323710698938E-005
         412   0.0000000000000000E+000
         413   0.0000000000000000E+000
         414   0.0000000000000000E+000
         415   0.0000000000000000E+000
         416   4.5826197099752214E-006
         417   0.0000000000000000E+000
         418   0.0000000000000000E+000
         419   0.0000000000000000E+000
         420   0.0000000000000000E+000
         421   0.0000000000000000E+000
         422   0.0000000000000000E+000
         423   0.0000000000000000E+000
         424   0.0000000000000000E+000
         425   8.7722752976510663E-006
         426   0.0000000000000000E+000
         427   0.0000000000000000E+000
         428   0.0000000000000000E+000
         429   0.0000000000000000E+000
         430   0.0000000000000000E+000
         431   0.0000000000000000E+000
         432   0.0000000000000000E+000
         433   0.0000000000000000E+000
         434   0.0000000000000000E+000
         435   0.0000000000000000E+000
         436   0.0000000000000000E+000
         437   0.0000000000000000E+000
         438   0.0000000000000000E+000
         439   0.0000000000000000E+000
         440   0.0000000000000000E+000
         441   0.0000000000000000E+000
         442   0.0000000000000000E+000
         443   0.0000000000000000E+000
         444   0.0000000000000000E+000
         445   0.0000000000000000E+000
         446   0.0000000000000000E+000
         447   0.0000000000000000E+000
         448   0.0000000000000000E+000
         449   0.0000000000000000E+000
         450   0.0000000000000000E+000
         451   0.0000000000000000E+000
         452   0.0000000000000000E+000
         453   0.0000000000000000E+000
         454   0.0000000000000000E+000
         455   0.0000000000000000E+000
         456   0.0000000000000000E+000
         457   0.0000000000000000E+000
         458   0.0000000000000000E+000
         459   0.0000000000000000E+000
         460   0.0000000000000000E+000
         461   0.0000000000000000E+000
         462   0.0000000000000000E+000
         463   0.0000000000000000E+000
         464   0.0000000000000000E+000
         465   0.0000000000000000E+000
         466   0.0000000000000000E+000
         467   0.0000000000000000E+000
         468   0.0000000000000000E+000
         469   0.0000000000000000E+000
         470   0.0000000000000000E+000
         471   0.0000000000000000E+000
         472   0.0000000000000000E+000
         473   0.0000000000000000E+000
         474   0.0000000000000000E+000
         475   0.0000000000000000E+000
         476   0.0000000000000000E+000
         477   0.0000000000000000E+000
         478   0.0000000000000000E+000
         479   0.0000000000000000E+000
         480   0.0000000000000000E+000
         481   0.0000000000000000E+000
         482   0.0000000000000000E+000
         483   0.0000000000000000E+000
         484   0.0000000000000000E+000
         485   0.0000000000000000E+000
         486   0.0000000000000000E+000
         487   0.0000000000000000E+000
         488   0.0000000000000000E+000
         489   0.0000000000000000E+000
         490   0.0000000000000000E+000
         491   0.0000000000000000E+000
         492   0.0000000000000000E+000
         493   0.0000000000000000E+000
         494   0.0000000000000000E+000
         495   0.0000000000000000E+000
         496   0.0000000000000000E+000
         497   0.0000000000000000E+000
         498   0.0000000000000000E+000
         499   0.0000000000000000E+000
         500   0.0000000000000000E+000
         501   0.0000000000000000E+000
         502   0.0000000000000000E+000
         503   0.0000000000000000E+000
         504   0.0000000000000000E+000
         505   0.0000000000000000E+000
         506   0.0000000000000000E+000
         507   0.0000000000000000E+000
         508   0.0000000000000000E+000
         509   0.0000000000000000E+000
         510   0.0000000000000000E+000
         511   0.0000000000000000E+000
         512   0.0000000000000000E+000
         513   0.0000000000000000E+000
         514   0.0000000000000000E+000
         515   0.0000000000000000E+000
         516   0.0000000000000000E+000
         517   0.0000000000000000E+000
         518   0.0000000000000000E+000
         519   0.0000000000000000E+000
         520   0.0000000000000000E+000
         521   0.0000000000000000E+000
         522   0.0000000000000000E+000
         523   0.0000000000000000E+000
         524   0.0000000000000000E+000
         525   0.0000000000000000E+000
         526   0.0000000000000000E+000
         527   0.0000000000000000E+000
         528   0.0000000000000000E+000
         529   0.0000000000000000E+000
         530   0.0000000000000000E+000
         531   0.0000000000000000E+000
         532   0.0000000000000000E+000
         533   0.0000000000000000E+000
         534   0.0000000000000000E+000
         535   0.0000000000000000E+000
         536   0.0000000000000000E+000
         537   0.0000000000000000E+000
         538   0.0000000000000000E+000
         539   0.0000000000000000E+000
         540   0.0000000000000000E+000
         541   0.0000000000000000E+000
         542   0.0000000000000000E+000
         543   0.0000000000000000E+000
         544   0.0000000000000000E+000
         545   0.0000000000000000E+000
         546   0.0000000000000000E+000
         547   0.0000000000000000E+000
         548   0.0000000000000000E+000
         549   0.0000000000000000E+000
         550   0.0000000000000000E+000
         551   0.0000000000000000E+000
         552   0.0000000000000000E+000
         553   0.0000000000000000E+000
         554   0.0000000000000000E+000
         555   0.0000000000000000E+000
         556   0.0000000000000000E+000
         557   0.0000000000000000E+000
         558   0.0000000000000000E+000
         559   0.0000000000000000E+000
         560   0.0000000000000000E+000
         561   0.0000000000000000E+000
         562   0.0000000000000000E+000
         563   0.0000000000000000E+000
         564   0.0000000000000000E+000
         565   0.0000000000000000E+000
         566   0.0000000000000000E+000
         567   0.0000000000000000E+000
         568   0.0000000000000000E+000
         569   0.0000000000000000E+000
         570   0.0000000000000000E+000
         571   0.0000000000000000E+000
         572   0.0000000000000000E+000
         573   0.0000000000000000E+000
         574   0.0000000000000000E+000
         575   0.0000000000000000E+000
         576   0.0000000000000000E+000
         577   0.0000000000000000E+000
         578   0.0000000000000000E+000
         579   0.0000000000000000E+000
         580   0.0000000000000000E+000
         581   0.0000000000000000E+000
         582   0.0000000000000000E+000
         583   0.0000000000000000E+000
         584   0.0000000000000000E+000
         585   0.0000000000000000E+000
         586   0.0000000000000000E+000
         587   0.0000000000000000E+000
         588   0.0000000000000000E+000
         589   0.0000000000000000E+000
         590   0.0000000000000000E+000
         591   0.0000000000000000E+000
         592   0.0000000000000000E+000
         593   0.0000000000000000E+000
         594   0.0000000000000000E+000
         595   0.0000000000000000E+000
         596   0.0000000000000000E+000
         597   0.0000000000000000E+000
         598   0.0000000000000000E+000
         599   0.0000000000000000E+000
         600   0.0000000000000000E+000
         601   0.0000000000000000E+000
         602   0.0000000000000000E+000
         603   0.0000000000000000E+000
         604   0.0000000000000000E+000
         605   0.0000000000000000E+000
         606   0.0000000000000000E+000
         607   0.0000000000000000E+000
         608   0.0000000000000000E+000
         609   0.0000000000000000E+000
         610   0.0000000000000000E+000
         611   0.0000000000000000E+000
         612   0.0000000000000000E+000
         613   0.0000000000000000E+000
         614   0.0000000000000000E+000
         615   0.0000000000000000E+000
         616   0.0000000000000000E+000
         617   0.0000000000000000E+000
         618   0.0000000000000000E+000
         619   0.0000000000000000E+000
         620   0.0000000000000000E+000
         621   0.0000000000000000E+000
         622   0.0000000000000000E+000
         623   0.0000000000000000E+000
         624   0.0000000000000000E+000
         625   0.0000000000000000E+000
         626   0.0000000000000000E+000
         627   0.0000000000000000E+000
         628   0.0000000000000000E+000
         629   0.0000000000000000E+000
         630   0.0000000000000000E+000
         631   0.0000000000000000E+000
         632   0.0000000000000000E+000
         633   0.0000000000000000E+000
         634   0.0000000000000000E+000
         635   0.0000000000000000E+000
         636   0.0000000000000000E+000
         637   0.0000000000000000E+000
         638   0.0000000000000000E+000
         639   0.0000000000000000E+000
         640   0.0000000000000000E+000
         641   0.0000000000000000E+000
         642   0.0000000000000000E+000
         643   0.0000000000000000E+000
         644   0.0000000000000000E+000
         645   0.0000000000000000E+000
         646   0.0000000000000000E+000
         647   0.0000000000000000E+000
         648   0.0000000000000000E+000
         649   0.0000000000000000E+000
         650   0.0000000000000000E+000
         651   0.0000000000000000E+000
         652   0.0000000000000000E+000
         653   0.0000000000000000E+000
         654   0.0000000000000000E+000
         655   0.0000000000000000E+000
         656   0.0000000000000000E+000
         657   0.0000000000000000E+000
         658   0.0000000000000000E+000
         659   0.0000000000000000E+000
         660   0.0000000000000000E+000
         661   0.0000000000000000E+000
         662   0.0000000000000000E+000
         663   0.0000000000000000E+000
         664   0.0000000000000000E+000
         665   0.0000000000000000E+000
         666   0.0000000000000000E+000
         667   0.0000000000000000E+000
         668   0.0000000000000000E+000
         669   0.0000000000000000E+000
         670   0.0000000000000000E+000
         671   0.0000000000000000E+000
         672   0.0000000000000000E+000
         673   0.0000000000000000E+000
         674   0.0000000000000000E+000
         675   0.0000000000000000E+000
         676   0.0000000000000000E+000
         677   0.0000000000000000E+000
         678   0.0000000000000000E+000
         679   0.0000000000000000E+000
         680   0.0000000000000000E+000
         681   0.0000000000000000E+000
         682   0.0000000000000000E+000
         683   0.0000000000000000E+000
         684   0.0000000000000000E+000
         685   0.0000000000000000E+000
         686   0.0000000000000000E+000
         687   0.0000000000000000E+000
         688   0.0000000000000000E+000
         689   0.0000000000000000E+000
         690   0.0000000000000000E+000
         691   0.0000000000000000E+000
         692   0.0000000000000000E+000
         693   0.0000000000000000E+000
         694   0.0000000000000000E+000
         695   0.0000000000000000E+000
         696   0.0000000000000000E+000
         697   0.0000000000000000E+000
         698   0.0000000000000000E+000
         699   0.0000000000000000E+000
         700   0.0000000000000000E+000
         701   0.0000000000000000E+000
         702   0.0000000000000000E+000
         703   0.0000000000000000E+000
         704   0.0000000000000000E+000
         705   0.0000000000000000E+000
         706   0.0000000000000000E+000
         707   0.0000000000000000E+000
         708   0.0000000000000000E+000
         709   0.0000000000000000E+000
         710   0.0000000000000000E+000
         711   0.0000000000000000E+000
         712   0.0000000000000000E+000
         713   0.0000000000000000E+000
         714   0.0000000000000000E+000
         715   0.0000000000000000E+000
         716   0.0000000000000000E+000
         717   0.0000000000000000E+000
         718   0.0000000000000000E+000
         719   0.0000000000000000E+000
         720   0.0000000000000000E+000
         721   0.0000000000000000E+000
         722   0.0000000000000000E+000
         723   0.0000000000000000E+000
         724   0.0000000000000000E+000
         725   0.0000000000000000E+000
         726   0.0000000000000000E+000
         727   0.0000000000000000E+000
         728   0.0000000000000000E+000
         729   0.0000000000000000E+000
         730   0.0000000000000000E+000
         731   0.0000000000000000E+000
         732   0.0000000000000000E+000
         733   0.0000000000000000E+000
         734   0.0000000000000000E+000
         735   0.0000000000000000E+000
         736   0.0000000000000000E+000
         737   0.0000000000000000E+000
         738   0.0000000000000000E+000
         739   0.0000000000000000E+000
         740   0.0000000000000000E+000
         741   0.0000000000000000E+000
         742   0.0000000000000000E+000
         743   0.0000000000000000E+000
         744   0.0000000000000000E+000
         745   0.0000000000000000E+000
         746   0.0000000000000000E+000
         747   0.0000000000000000E+000
         748   0.0000000000000000E+000
         749   0.0000000000000000E+000
         750   0.0000000000000000E+000
         751   0.0000000000000000E+000
         752   0.0000000000000000E+000
         753   0.0000000000000000E+000
         754   0.0000000000000000E+000
         755   0.0000000000000000E+000
         756   0.0000000000000000E+000
         757   0.0000000000000000E+000
         758   0.0000000000000000E+000
         759   0.0000000000000000E+000
         760   0.0000000000000000E+000
         761   0.0000000000000000E+000
         762   0.0000000000000000E+000
         763   0.0000000000000000E+000
         764   0.0000000000000000E+000
         765   0.0000000000000000E+000
         766   0.0000000000000000E+000
         767   0.0000000000000000E+000
         768   0.0000000000000000E+000
         769   0.0000000000000000E+000
         770   0.0000000000000000E+000
         771   0.0000000000000000E+000
         772   0.0000000000000000E+000
         773   0.0000000000000000E+000
         774   0.0000000000000000E+000
         775   0.0000000000000000E+000
         776   0.0000000000000000E+000
         777   0.0000000000000000E+000
         778   0.0000000000000000E+000
         779   0.0000000000000000E+000
         780   0.0000000000000000E+000
         781   0.0000000000000000E+000
         782   0.0000000000000000E+000
         783   0.0000000000000000E+000
         784   0.0000000000000000E+000
         785   0.0000000000000000E+000
         786   0.0000000000000000E+000
         787   0.0000000000000000E+000
         788   0.0000000000000000E+000
         789   0.0000000000000000E+000
         790   0.0000000000000000E+000
         791   0.0000000000000000E+000
         792   0.0000000000000000E+000
         793   0.0000000000000000E+000
         794   0.0000000000000000E+000
         795   0.0000000000000000E+000
         796   0.0000000000000000E+000
         797   0.0000000000000000E+000
         798   0.0000000000000000E+000
         799   0.0000000000000000E+000
         800   0.0000000000000000E+000
         801   0.0000000000000000E+000
         802   0.0000000000000000E+000
         803   0.0000000000000000E+000
         804   0.0000000000000000E+000
         805   0.0000000000000000E+000
         806   0.0000000000000000E+000
         807   0.0000000000000000E+000
         808   0.0000000000000000E+000
         809   0.0000000000000000E+000
         810   0.0000000000000000E+000
         811   0.0000000000000000E+000
         812   0.0000000000000000E+000
         813   0.0000000000000000E+000
         814   0.0000000000000000E+000
         815   0.0000000000000000E+000
         816   0.0000000000000000E+000
         817   0.0000000000000000E+000
         818   0.0000000000000000E+000
         819   0.0000000000000000E+000
         820   0.0000000000000000E+000
         821   0.0000000000000000E+000
         822   0.0000000000000000E+000
         823   0.0000000000000000E+000
         824   0.0000000000000000E+000
         825   0.0000000000000000E+000
         826   0.0000000000000000E+000
         827   0.0000000000000000E+000
         828   0.0000000000000000E+000
         829   0.0000000000000000E+000
         830   0.0000000000000000E+000
         831   0.0000000000000000E+000
         832   0.0000000000000000E+000
         833   0.0000000000000000E+000
         834   0.0000000000000000E+000
         835   0.0000000000000000E+000
         836   0.0000000000000000E+000
         837   0.0000000000000000E+000
         838   0.0000000000000000E+000
         839   0.0000000000000000E+000
         840   0.0000000000000000E+000
         841   0.0000000000000000E+000
         842   0.0000000000000000E+000
         843   0.0000000000000000E+000
         844   0.0000000000000000E+000
         845   0.0000000000000000E+000
         846   0.0000000000000000E+000
         847   0.0000000000000000E+000
         848   0.0000000000000000E+000
         849   0.0000000000000000E+000
         850   0.0000000000000000E+000
         851   0.0000000000000000E+000
         852   0.0000000000000000E+000
         853   0.0000000000000000E+000
         854   0.0000000000000000E+000
         855   0.0000000000000000E+000
         856   0.0000000000000000E+000
         857   0.0000000000000000E+000
         858   0.0000000000000000E+000
         859   0.0000000000000000E+000
         860   0.0000000000000000E+000
         861   0.0000000000000000E+000
         862   0.0000000000000000E+000
         863   0.0000000000000000E+000
         864   0.0000000000000000E+000
         865   0.0000000000000000E+000
         866   0.0000000000000000E+000
         867   0.0000000000000000E+000
         868   0.0000000000000000E+000
         869   0.0000000000000000E+000
         870   0.0000000000000000E+000
         871   0.0000000000000000E+000
         872   0.0000000000000000E+000
         873   0.0000000000000000E+000
         874   0.0000000000000000E+000
         875   0.0000000000000000E+000
         876   0.0000000000000000E+000
         877   0.0000000000000000E+000
         878   0.0000000000000000E+000
         879   0.0000000000000000E+000
         880   0.0000000000000000E+000
         881   0.0000000000000000E+000
         882   0.0000000000000000E+000
         883   0.0000000000000000E+000
         884   0.0000000000000000E+000
         885   0.0000000000000000E+000
         886   0.0000000000000000E+000
         887   0.0000000000000000E+000
         888   0.0000000000000000E+000
         889   0.0000000000000000E+000
         890   0.0000000000000000E+000
         891   0.0000000000000000E+000
         892   0.0000000000000000E+000
         893   0.0000000000000000E+000
         894   0.0000000000000000E+000
         895   0.0000000000000000E+000
         896   0.0000000000000000E+000
         897   0.0000000000000000E+000
         898   0.0000000000000000E+000
         899   0.0000000000000000E+000
         900   0.0000000000000000E+000
         901   0.0000000000000000E+000
         902   0.0000000000000000E+000
         903   0.0000000000000000E+000
         904   0.0000000000000000E+000
         905   0.0000000000000000E+000
         906   0.0000000000000000E+000
         907   0.0000000000000000E+000
         908   0.0000000000000000E+000
         909   0.0000000000000000E+000
         910   0.0000000000000000E+000
         911   0.0000000000000000E+000
         912   0.0000000000000000E+000
         913   0.0000000000000000E+000
         914   0.0000000000000000E+000
         915   0.0000000000000000E+000
         916   0.0000000000000000E+000
         917   0.0000000000000000E+000
         918   0.0000000000000000E+000
         919   0.0000000000000000E+000
         920   0.0000000000000000E+000
         921   0.0000000000000000E+000
         922   0.0000000000000000E+000
         923   0.0000000000000000E+000
         924   0.0000000000000000E+000
         925   0.0000000000000000E+000
         926   0.0000000000000000E+000
         927   0.0000000000000000E+000
         928   0.0000000000000000E+000
         929   0.0000000000000000E+000
         930   0.0000000000000000E+000
         931   0.0000000000000000E+000
         932   0.0000000000000000E+000
         933   0.0000000000000000E+000
         934   0.0000000000000000E+000
         935   0.0000000000000000E+000
         936   0.0000000000000000E+000
         937   0.0000000000000000E+000
         938   0.0000000000000000E+000
         939   0.0000000000000000E+000
         940   0.0000000000000000E+000
         941   0.0000000000000000E+000
         942   0.0000000000000000E+000
         943   0.0000000000000000E+000
         944   0.0000000000000000E+000
         945   0.0000000000000000E+000
         946   0.0000000000000000E+000
         947   0.0000000000000000E+000
         948   0.0000000000000000E+000
         949   0.0000000000000000E+000
         950   0.0000000000000000E+000
         951   0.0000000000000000E+000
         952   0.0000000000000000E+000
         953   0.0000000000000000E+000
         954   0.0000000000000000E+000
         955   0.0000000000000000E+000
         956   0.0000000000000000E+000
         957   0.0000000000000000E+000
         958   0.0000000000000000E+000
         959   0.0000000000000000E+000
         960   0.0000000000000000E+000
         961   0.0000000000000000E+000
         962   0.0000000000000000E+000
         963   0.0000000000000000E+000
         964   0.0000000000000000E+000
         965   0.0000000000000000E+000
         966   0.0000000000000000E+000
         967   0.0000000000000000E+000
         968   0.0000000000000000E+000
         969   0.0000000000000000E+000
         970   0.0000000000000000E+000
         971   0.0000000000000000E+000
         972   0.0000000000000000E+000
         973   0.0000000000000000E+000
         974   0.0000000000000000E+000
         975   0.0000000000000000E+000
         976   0.0000000000000000E+000
         977   0.0000000000000000E+000
         978   0.0000000000000000E+000
         979   0.0000000000000000E+000
         980   0.0000000000000000E+000
         981   0.0000000000000000E+000
         982   0.0000000000000000E+000
         983   0.0000000000000000E+000
         984   0.0000000000000000E+000
         985   0.0000000000000000E+000
         986   0.0000000000000000E+000
         987   0.0000000000000000E+000
         988   0.0000000000000000E+000
         989   0.0000000000000000E+000
         990   0.0000000000000000E+000
         991   0.0000000000000000E+000
         992   0.0000000000000000E+000
         993   0.0000000000000000E+000
         994   0.0000000000000000E+000
         995   0.0000000000000000E+000
         996   0.0000000000000000E+000
         997   0.0000000000000000E+000
         998   0.0000000000000000E+000
         999   0.0000000000000000E+000
        1000   0.0000000000000000E+000
