           1   0.0000000000000000E+000
           2  0.77501462386943920     
           3  0.58144538533788148     
           4  0.38846458238928827     
           5  0.72966163827221742     
           6  0.22322779447514016     
           7  0.37934434178777499     
           8  0.33453004049441537     
           9  0.39730699748753467     
          10  0.35183004599319967     
          11  0.36309002433797677     
          12  0.37667297358679536     
          13  0.42610305254070374     
          14  0.46169829469425050     
          15  0.29651933065600922     
          16  0.21016364850156929     
          17  0.38674477148686892     
          18  0.34339419574459840     
          19  0.34370218050436413     
          20  0.30327300135630192     
          21  0.25766723104594180     
          22  0.34115630693474247     
          23  0.38451986661001408     
          24  0.33428929284297271     
          25  0.30082513092332080     
          26  0.28959859784827174     
          27  0.33137849606251352     
          28  0.31777680543627773     
          29  0.25426837427379340     
          30  0.25445677191404531     
          31  0.24037154923469778     
          32  0.26775489871983710     
          33  0.21708073950997167     
          34  0.25601907459688311     
          35  0.23767599839497475     
          36  0.23366083533905424     
          37  0.22544197765795831     
          38  0.23349417856385146     
          39  0.18563354718366995     
          40  0.20020069222316209     
          41  0.17956548802252295     
          42  0.19502064696387472     
          43  0.17735015952315725     
          44  0.21585029282328314     
          45  0.18593793849466148     
          46  0.17008157947338576     
          47  0.16060327959606879     
          48  0.17094034477754858     
          49  0.16697467523811371     
          50  0.14961340245804702     
          51  0.15151829034908446     
          52  0.15604672493759697     
          53  0.14535995636779311     
          54  0.12932658720879642     
          55  0.12997536264437273     
          56  0.13683199096936108     
          57  0.12422978665837486     
          58  0.13084076435271144     
          59  0.13516975569719716     
          60  0.12858575102209588     
          61  0.13084195685075189     
          62  0.11008263450160959     
          63  0.11469517186618108     
          64  0.12156041690405002     
          65  0.11341330340234841     
          66  0.10200944241436401     
          67  0.10589538702032472     
          68  0.10379055784244809     
          69   9.8202890565181847E-002
          70   9.3528907899011665E-002
          71   9.0765612659368000E-002
          72   9.1784373659008295E-002
          73  0.10166632481208053     
          74   8.7758308763493290E-002
          75   9.1160866236020349E-002
          76   9.2382253052502680E-002
          77   8.6128592885370212E-002
          78   7.5041555962113343E-002
          79   8.3367186862951220E-002
          80   7.8219618497099019E-002
          81   7.3698847913981000E-002
          82   7.7953494077578456E-002
          83   7.3036268908623997E-002
          84   7.3458686746543378E-002
          85   6.8280984396038372E-002
          86   7.4172660675841079E-002
          87   6.8276289515703900E-002
          88   6.6224787341621502E-002
          89   6.1494312808797628E-002
          90   6.0320205669905064E-002
          91   6.5297765769941868E-002
          92   6.1564543097856243E-002
          93   6.4167607732338053E-002
          94   5.6203913911915822E-002
          95   5.3141054479455517E-002
          96   5.5112253755837372E-002
          97   5.2562182083870659E-002
          98   4.7883803515846750E-002
          99   4.7006453605657778E-002
         100   5.1055314933830941E-002
         101   4.7664663861847922E-002
         102   4.8039540186981249E-002
         103   4.2963310895847463E-002
         104   4.4747678809963339E-002
         105   4.7989282561686407E-002
         106   4.2942099963964954E-002
         107   3.8762690192792472E-002
         108   4.1705220068691103E-002
         109   4.3659261231528287E-002
         110   3.3499450542195684E-002
         111   3.7230520148963969E-002
         112   3.9430505827958019E-002
         113   3.6397513488319634E-002
         114   3.5194347430837290E-002
         115   3.4545819599043251E-002
         116   3.2366211799986742E-002
         117   3.7115809839360275E-002
         118   3.3370209076464659E-002
         119   3.4103798989961874E-002
         120   3.3269287469880671E-002
         121   3.2142992309138842E-002
         122   2.8960373996149189E-002
         123   2.9950888497843074E-002
         124   2.9477487770033253E-002
         125   2.5000661879065453E-002
         126   2.7261159432305299E-002
         127   2.6985422395422475E-002
         128   2.4144055472008166E-002
         129   2.2583284609881807E-002
         130   2.4999676148034677E-002
         131   2.2959997898729739E-002
         132   2.3161040386160049E-002
         133   2.3758719266136048E-002
         134   2.1114332747186177E-002
         135   2.1723182852777290E-002
         136   2.1013414539999629E-002
         137   2.1381257955283728E-002
         138   2.0663005842135363E-002
         139   1.9961951245977237E-002
         140   1.8782318110333877E-002
         141   1.7250354323942164E-002
         142   1.6901164561188751E-002
         143   1.7853295051873184E-002
         144   1.7104916705716188E-002
         145   1.6423959376649432E-002
         146   1.8791475617572981E-002
         147   1.7148552634557508E-002
         148   1.4140259418379854E-002
         149   1.5278102559776323E-002
         150   1.6547329168376802E-002
         151   1.5458606906081640E-002
         152   1.3483843244749265E-002
         153   1.3375115200941456E-002
         154   1.2643872838685939E-002
         155   1.2739784384069837E-002
         156   1.3229477184741807E-002
         157   1.2320661259462906E-002
         158   1.3366195207466363E-002
         159   1.2013240489152513E-002
         160   1.1301591930183229E-002
         161   1.0678939927719044E-002
         162   1.1187476693355212E-002
         163   1.1225768885454318E-002
         164   1.0468507306393312E-002
         165   1.2111813177968781E-002
         166   9.6127898819822373E-003
         167   1.0497902872785007E-002
         168   1.1659078128376158E-002
         169   9.6411677856113754E-003
         170   9.6126057079101521E-003
         171   9.3903353484827319E-003
         172   9.2803935934996744E-003
         173   8.8559471738909219E-003
         174   9.0184438510289427E-003
         175   7.1826911590246734E-003
         176   8.1518023492823041E-003
         177   8.0831412327143758E-003
         178   8.0681048397969590E-003
         179   7.7318849593118353E-003
         180   8.0107416458588057E-003
         181   7.9692679696814102E-003
         182   6.4034152189724972E-003
         183   5.9288039915169604E-003
         184   6.7597804396361998E-003
         185   6.5677018913803875E-003
         186   6.5645997341090348E-003
         187   6.1783463798685467E-003
         188   6.0947672885123209E-003
         189   5.1205424530217890E-003
         190   4.8661014798971232E-003
         191   5.5984430223634581E-003
         192   5.9922476921368036E-003
         193   5.4824331991946409E-003
         194   5.0048151434610990E-003
         195   5.6656079005641099E-003
         196   4.9070839236038735E-003
         197   4.8360318998753697E-003
         198   4.7671377239824576E-003
         199   4.0799336506506462E-003
         200   4.4755613771186040E-003
         201   4.6435941833226141E-003
         202   4.5392364904364409E-003
         203   3.8062661186960465E-003
         204   3.7889114744343974E-003
         205   3.6365212177089366E-003
         206   4.2167645436802913E-003
         207   3.8629015799260019E-003
         208   3.9539937302572516E-003
         209   3.3718550173723900E-003
         210   4.0933173577273737E-003
         211   3.3790818122339359E-003
         212   3.1368591164039629E-003
         213   2.9846630290688994E-003
         214   2.8370225276920366E-003
         215   3.3419944912144190E-003
         216   2.6651173733520206E-003
         217   3.3813700600806864E-003
         218   2.7007279181995251E-003
         219   2.8578915071874422E-003
         220   2.8637830738641769E-003
         221   2.7569649954571479E-003
         222   2.8135254453660629E-003
         223   2.2615948645641876E-003
         224   2.0034583657284649E-003
         225   2.0196307644148696E-003
         226   2.6836669004673430E-003
         227   2.5049544739717696E-003
         228   2.3777876164951025E-003
         229   2.1002258764949984E-003
         230   2.2770841248664609E-003
         231   2.1080150372283770E-003
         232   2.1648619999113322E-003
         233   1.8535706426260096E-003
         234   2.2425231003023716E-003
         235   1.9664217304486051E-003
         236   1.7777179535919041E-003
         237   1.8201417761635960E-003
         238   1.9028370671871537E-003
         239   1.5674252479053795E-003
         240   1.8571349101976975E-003
         241   1.7184762341592916E-003
         242   1.5159408743767534E-003
         243   1.3557479145446896E-003
         244   1.4635624221532345E-003
         245   1.4125025392635348E-003
         246   1.5843357369849300E-003
         247   1.2994374802072935E-003
         248   1.3149277566919218E-003
         249   1.4314703862809311E-003
         250   1.5850681185599076E-003
         251   1.1952186201537899E-003
         252   1.0616142069372317E-003
         253   1.4488181179209067E-003
         254   9.9540086139025363E-004
         255   1.4745079224120587E-003
         256   1.3063122318295530E-003
         257   1.1282694386815660E-003
         258   9.4124140371241224E-004
         259   7.3246906231426564E-004
         260   9.6183757543428497E-004
         261   9.4255694835489959E-004
         262   1.0281975249989883E-003
         263   9.7467435475261067E-004
         264   9.2174183510754292E-004
         265   7.3419296297181215E-004
         266   8.4057035539211993E-004
         267   8.4502437044576856E-004
         268   1.0154261095801133E-003
         269   7.7740933581734210E-004
         270   6.8515236400512461E-004
         271   7.6639720545242963E-004
         272   7.3980082648941964E-004
         273   7.1244040390455580E-004
         274   7.1819566160974337E-004
         275   7.6533981698742235E-004
         276   5.0972349213820368E-004
         277   5.5786439122793973E-004
         278   6.0496483583493636E-004
         279   6.7255683790749604E-004
         280   6.6763905142049084E-004
         281   6.0258168236451150E-004
         282   4.2911268647271731E-004
         283   7.0283546745534989E-004
         284   5.6075580787026517E-004
         285   4.2941743987671212E-004
         286   6.0150396523899407E-004
         287   6.3556566001743431E-004
         288   5.3568444381736353E-004
         289   5.9829186670199558E-004
         290   4.9995449653456329E-004
         291   5.4285296690683446E-004
         292   4.5584343847390296E-004
         293   4.4367396324782932E-004
         294   4.1322458772590745E-004
         295   4.7414040804071006E-004
         296   4.8865586184282340E-004
         297   4.4962379409212334E-004
         298   3.5733480437070790E-004
         299   3.6350642843348193E-004
         300   4.4081346678549900E-004
         301   3.1530373577141684E-004
         302   2.8721938236956078E-004
         303   3.2825984846004177E-004
         304   3.3473299989344080E-004
         305   3.4962617066669260E-004
         306   2.9653829561184018E-004
         307   2.9455395733318367E-004
         308   2.2590051987041970E-004
         309   3.7348828227549080E-004
         310   2.9726428941433212E-004
         311   3.3628984725265186E-004
         312   2.4439547561634357E-004
         313   3.1580837058212943E-004
         314   3.7798769480081886E-004
         315   2.5567812027765103E-004
         316   3.0973828957321344E-004
         317   2.6049699529199323E-004
         318   2.1989513691699779E-004
         319   1.3259758671439989E-004
         320   2.3238350434380659E-004
         321   2.3863274690127896E-004
         322   2.7539309336613109E-004
         323   2.6620150706989717E-004
         324   1.8150342407123761E-004
         325   2.4044594292931744E-004
         326   1.6413243625039341E-004
         327   1.8563580447526667E-004
         328   1.9170336852693308E-004
         329   2.2721208300030763E-004
         330   1.6013896511630430E-004
         331   2.6083792720396994E-004
         332   2.6633585813342785E-004
         333   1.7887071219123603E-004
         334   2.0624864649237840E-004
         335   2.3323013348798240E-004
         336   2.1096097507880676E-004
         337   1.4677879961258616E-004
         338   1.8757783763803261E-004
         339   1.6567340503720532E-004
         340   2.1258354436629027E-004
         341   1.2956256636298229E-004
         342   1.8326789365225471E-004
         343   1.1470360398289495E-004
         344   2.6801046167982632E-004
         345   1.7327354865573195E-004
         346   1.7242166798512990E-004
         347   1.9770933976311365E-004
         348   1.5730860988691437E-004
         349   1.4974493846665172E-004
         350   1.2310190105531391E-004
         351   9.6596282788817707E-005
         352   8.9735628883724278E-005
         353   1.3381508672096823E-004
         354   1.5207889944894782E-004
         355   5.0380796527360287E-005
         356   1.1269192567741248E-004
         357   1.0577372653827227E-004
         358   9.2932595971188670E-005
         359   6.1599430186062029E-005
         360   1.4074889973125958E-004
         361   9.7504332219939228E-005
         362   9.6912919891526148E-005
         363   4.8164337385581321E-005
         364   8.3876596304485182E-005
         365   1.0132250232648044E-004
         366   1.1843508190378383E-004
         367   8.8381612017283633E-005
         368   8.2091757387772735E-005
         369   8.7365418187629356E-005
         370   7.5395386917262964E-005
         371   7.4887089310643601E-005
         372   9.7434333750954746E-005
         373   9.1259045861608309E-005
         374   9.6443501809780210E-005
         375   8.4693517340326730E-005
         376   7.2862662621520649E-005
         377   4.4694586739357108E-005
         378   2.2240605918196378E-005
         379   4.9742229724776629E-005
         380   7.1462033920502164E-005
         381   6.0147545880253067E-005
         382   8.7063805518283250E-005
         383   5.4111704749484665E-005
         384   6.4635673362391853E-005
         385   4.2848446915813107E-005
         386   4.7967242238499323E-005
         387   7.4272745002948760E-005
         388   4.2164335486329321E-005
         389   4.7153565598321983E-005
         390   4.1778761981855480E-005
         391   4.1549764673468241E-005
         392   3.6163366629468476E-005
         393   3.0831539523199612E-005
         394   4.0928353226421791E-005
         395   4.0692461777642020E-005
         396   7.0843237514809577E-005
         397   3.0234632172698808E-005
         398   3.0025618181652374E-005
         399   7.9792105678633675E-005
         400   4.9628204116277584E-005
         401   7.8990728856442730E-005
         402   4.4232824106496362E-005
         403   5.8656576808355550E-005
         404   3.8918839667905656E-005
         405   6.2901372225318561E-005
         406   3.3723182972025493E-005
         407   1.9186805310442811E-005
         408   4.2922913659426883E-005
         409   3.7962817776313592E-005
         410   4.7208124951462560E-005
         411   5.6398550681192477E-005
         412   4.2123935914170792E-005
         413   2.7940500087176422E-005
         414   6.0211369116553312E-005
         415   3.2273879764765406E-005
         416   4.1302956221218945E-005
         417   3.1942808921034818E-005
         418   3.6310295233365929E-005
         419   1.3563584344383228E-005
         420   4.5022211205220702E-005
         421   8.9619610599327393E-006
         422   3.5627687859560201E-005
         423   1.3313530246571160E-005
         424   5.7411543262928786E-005
         425   1.7555677390406219E-005
         426   3.5006277980895277E-005
         427   3.0459737894280984E-005
         428   3.9011064929583387E-005
         429   4.3144996685767591E-006
         430   2.1453031274245996E-005
         431   2.9939977352869120E-005
         432   2.5516496882933684E-005
         433   3.8092181247453746E-005
         434   4.6354557751305953E-005
         435   4.1935866227141127E-005
         436   2.0860164394931123E-005
         437   3.3245425621788469E-005
         438   4.5506516812713550E-005
         439   3.2994189211470008E-005
         440   3.2794986723361064E-005
         441   8.1666075435906664E-006
         442   2.0330558424084595E-005
         443   8.0827759987698364E-006
         444   3.2218005657264434E-005
         445   3.6064706877610190E-005
         446   3.9869202435111299E-006
         447   2.7828962975039223E-005
         448   1.1872693281281969E-005
         449   2.3644896628774560E-005
         450   2.3532310555248216E-005
         451   3.9014711269119855E-006
         452   2.7246892181622678E-005
         453   2.7068904330373226E-005
         454   3.0856641924212588E-005
         455   2.6837680783349142E-005
         456   1.1450989761628746E-005
         457   3.0417887426329751E-005
         458   2.6510676902549131E-005
         459   3.0163299751373756E-005
         460   3.3758958747522383E-005
         461   2.2427486808551753E-005
         462   1.4888964380988570E-005
         463   7.4017351879164164E-006
         464   2.2146906145081832E-005
         465   3.6751895097376137E-005
         466   7.3078169673958981E-006
         467   2.9141252075239176E-005
         468   2.1768023878361394E-005
         469   1.0831362189328596E-005
         470   7.1819367884995866E-006
         471   2.1477552876582377E-005
         472   2.4950099581012063E-005
         473   3.5479903965273828E-005
         474   2.1207017065362031E-005
         475   2.1117216205519496E-005
         476   7.0113384369066778E-006
         477   1.7457255243359084E-005
         478   3.4686786899411853E-006
         479   1.3843058639811463E-005
         480   1.0337475495403634E-005
         481   2.0588694644508686E-005
         482   1.7099380372293447E-005
         483   2.3871310445068482E-005
         484   2.7130465299028314E-005
         485   1.6854782964033924E-005
         486   6.7162444771040720E-006
         487   1.0054242542561489E-005
         488   1.6677649653992301E-005
         489   1.3289934682776263E-005
         490   1.6544086965637836E-005
         491   0.0000000000000000E+000
         492   3.2762941621167064E-006
         493   1.3070106193229081E-005
         494   6.5123488757954087E-006
         495   1.6192001351959093E-005
         496   0.0000000000000000E+000
         497   6.4311691149818229E-006
         498   1.9241542700243866E-005
         499   9.5788610649352016E-006
         500   3.1727232168659036E-006
         501   9.4986098390340497E-006
         502   2.2045189391578951E-005
         503   3.1402611472093760E-006
         504   6.2550491598625772E-006
         505   0.0000000000000000E+000
         506   2.1725318499771370E-005
         507   3.0843224370256704E-006
         508   6.1477437338216209E-006
         509   6.1260191181771938E-006
         510   6.1067681534733852E-006
         511   0.0000000000000000E+000
         512   0.0000000000000000E+000
         513   0.0000000000000000E+000
         514   6.0199327965650342E-006
         515   0.0000000000000000E+000
         516   2.9876993878782798E-006
         517   5.9518662974054905E-006
         518   2.9548407721699514E-006
         519   2.9533316472670808E-006
         520   0.0000000000000000E+000
         521   1.7551605083132865E-005
         522   0.0000000000000000E+000
         523   5.8022550854371358E-006
         524   2.8970922673493471E-006
         525   0.0000000000000000E+000
         526   2.8753376237397173E-006
         527   0.0000000000000000E+000
         528   2.8513338458239885E-006
         529   5.6686027693269323E-006
         530   5.6537021789024685E-006
         531   5.6309029653005597E-006
         532   0.0000000000000000E+000
         533   8.3740770782786197E-006
         534   0.0000000000000000E+000
         535   0.0000000000000000E+000
         536   0.0000000000000000E+000
         537   2.7580460489110274E-006
         538   0.0000000000000000E+000
         539   2.7328701360700282E-006
         540   2.7214435935379993E-006
         541   2.7155533169061113E-006
         542   2.7000785385690156E-006
         543   0.0000000000000000E+000
         544   2.6836761555735161E-006
         545   5.3455260195867816E-006
         546   0.0000000000000000E+000
         547   0.0000000000000000E+000
         548   0.0000000000000000E+000
         549   0.0000000000000000E+000
         550   5.2467034832676617E-006
         551   0.0000000000000000E+000
         552   5.2227502602386691E-006
         553   7.8004218094872003E-006
         554   0.0000000000000000E+000
         555   2.5744492679769898E-006
         556   2.5661826616970380E-006
         557   0.0000000000000000E+000
         558   0.0000000000000000E+000
         559   0.0000000000000000E+000
         560   0.0000000000000000E+000
         561   5.0477980661179347E-006
         562   0.0000000000000000E+000
         563   1.0040071152809707E-005
         564   4.9933928813217355E-006
         565   0.0000000000000000E+000
         566   2.4778881752963099E-006
         567   2.4726138197663307E-006
         568   0.0000000000000000E+000
         569   0.0000000000000000E+000
         570   0.0000000000000000E+000
         571   0.0000000000000000E+000
         572   0.0000000000000000E+000
         573   0.0000000000000000E+000
         574   0.0000000000000000E+000
         575   0.0000000000000000E+000
         576   2.3982951301199423E-006
         577   2.3826792284645841E-006
         578   0.0000000000000000E+000
         579   0.0000000000000000E+000
         580   0.0000000000000000E+000
         581   0.0000000000000000E+000
         582   0.0000000000000000E+000
         583   0.0000000000000000E+000
         584   6.9975529578736341E-006
         585   2.3177278394384036E-006
         586   0.0000000000000000E+000
         587   0.0000000000000000E+000
         588   0.0000000000000000E+000
         589   0.0000000000000000E+000
         590   0.0000000000000000E+000
         591   0.0000000000000000E+000
         592   0.0000000000000000E+000
         593   0.0000000000000000E+000
         594   0.0000000000000000E+000
         595   6.7243156860820755E-006
         596   2.2335305261632832E-006
         597   0.0000000000000000E+000
         598   0.0000000000000000E+000
         599   0.0000000000000000E+000
         600   0.0000000000000000E+000
         601   2.2008129652568116E-006
         602   0.0000000000000000E+000
         603   0.0000000000000000E+000
         604   0.0000000000000000E+000
         605   2.1733433683418534E-006
         606   0.0000000000000000E+000
         607   0.0000000000000000E+000
         608   2.1503649491414210E-006
         609   0.0000000000000000E+000
         610   0.0000000000000000E+000
         611   0.0000000000000000E+000
         612   4.2382479776775427E-006
         613   0.0000000000000000E+000
         614   0.0000000000000000E+000
         615   0.0000000000000000E+000
         616   0.0000000000000000E+000
         617   0.0000000000000000E+000
         618   0.0000000000000000E+000
         619   0.0000000000000000E+000
         620   0.0000000000000000E+000
         621   0.0000000000000000E+000
         622   0.0000000000000000E+000
         623   0.0000000000000000E+000
         624   0.0000000000000000E+000
         625   0.0000000000000000E+000
         626   0.0000000000000000E+000
         627   0.0000000000000000E+000
         628   0.0000000000000000E+000
         629   0.0000000000000000E+000
         630   0.0000000000000000E+000
         631   0.0000000000000000E+000
         632   0.0000000000000000E+000
         633   0.0000000000000000E+000
         634   0.0000000000000000E+000
         635   0.0000000000000000E+000
         636   0.0000000000000000E+000
         637   0.0000000000000000E+000
         638   0.0000000000000000E+000
         639   0.0000000000000000E+000
         640   0.0000000000000000E+000
         641   0.0000000000000000E+000
         642   0.0000000000000000E+000
         643   0.0000000000000000E+000
         644   0.0000000000000000E+000
         645   0.0000000000000000E+000
         646   0.0000000000000000E+000
         647   0.0000000000000000E+000
         648   0.0000000000000000E+000
         649   0.0000000000000000E+000
         650   0.0000000000000000E+000
         651   0.0000000000000000E+000
         652   0.0000000000000000E+000
         653   0.0000000000000000E+000
         654   0.0000000000000000E+000
         655   0.0000000000000000E+000
         656   0.0000000000000000E+000
         657   0.0000000000000000E+000
         658   0.0000000000000000E+000
         659   0.0000000000000000E+000
         660   0.0000000000000000E+000
         661   0.0000000000000000E+000
         662   0.0000000000000000E+000
         663   0.0000000000000000E+000
         664   0.0000000000000000E+000
         665   0.0000000000000000E+000
         666   0.0000000000000000E+000
         667   0.0000000000000000E+000
         668   0.0000000000000000E+000
         669   0.0000000000000000E+000
         670   0.0000000000000000E+000
         671   0.0000000000000000E+000
         672   0.0000000000000000E+000
         673   0.0000000000000000E+000
         674   0.0000000000000000E+000
         675   0.0000000000000000E+000
         676   0.0000000000000000E+000
         677   0.0000000000000000E+000
         678   0.0000000000000000E+000
         679   0.0000000000000000E+000
         680   0.0000000000000000E+000
         681   0.0000000000000000E+000
         682   0.0000000000000000E+000
         683   0.0000000000000000E+000
         684   0.0000000000000000E+000
         685   0.0000000000000000E+000
         686   0.0000000000000000E+000
         687   0.0000000000000000E+000
         688   0.0000000000000000E+000
         689   0.0000000000000000E+000
         690   0.0000000000000000E+000
         691   0.0000000000000000E+000
         692   0.0000000000000000E+000
         693   0.0000000000000000E+000
         694   0.0000000000000000E+000
         695   0.0000000000000000E+000
         696   0.0000000000000000E+000
         697   0.0000000000000000E+000
         698   0.0000000000000000E+000
         699   0.0000000000000000E+000
         700   0.0000000000000000E+000
         701   0.0000000000000000E+000
         702   0.0000000000000000E+000
         703   0.0000000000000000E+000
         704   0.0000000000000000E+000
         705   0.0000000000000000E+000
         706   0.0000000000000000E+000
         707   0.0000000000000000E+000
         708   0.0000000000000000E+000
         709   0.0000000000000000E+000
         710   0.0000000000000000E+000
         711   0.0000000000000000E+000
         712   0.0000000000000000E+000
         713   0.0000000000000000E+000
         714   0.0000000000000000E+000
         715   0.0000000000000000E+000
         716   0.0000000000000000E+000
         717   0.0000000000000000E+000
         718   0.0000000000000000E+000
         719   0.0000000000000000E+000
         720   0.0000000000000000E+000
         721   0.0000000000000000E+000
         722   0.0000000000000000E+000
         723   0.0000000000000000E+000
         724   0.0000000000000000E+000
         725   0.0000000000000000E+000
         726   0.0000000000000000E+000
         727   0.0000000000000000E+000
         728   0.0000000000000000E+000
         729   0.0000000000000000E+000
         730   0.0000000000000000E+000
         731   0.0000000000000000E+000
         732   0.0000000000000000E+000
         733   0.0000000000000000E+000
         734   0.0000000000000000E+000
         735   0.0000000000000000E+000
         736   0.0000000000000000E+000
         737   0.0000000000000000E+000
         738   0.0000000000000000E+000
         739   0.0000000000000000E+000
         740   0.0000000000000000E+000
         741   0.0000000000000000E+000
         742   0.0000000000000000E+000
         743   0.0000000000000000E+000
         744   0.0000000000000000E+000
         745   0.0000000000000000E+000
         746   0.0000000000000000E+000
         747   0.0000000000000000E+000
         748   0.0000000000000000E+000
         749   0.0000000000000000E+000
         750   0.0000000000000000E+000
         751   0.0000000000000000E+000
         752   0.0000000000000000E+000
         753   0.0000000000000000E+000
         754   0.0000000000000000E+000
         755   0.0000000000000000E+000
         756   0.0000000000000000E+000
         757   0.0000000000000000E+000
         758   0.0000000000000000E+000
         759   0.0000000000000000E+000
         760   0.0000000000000000E+000
         761   0.0000000000000000E+000
         762   0.0000000000000000E+000
         763   0.0000000000000000E+000
         764   0.0000000000000000E+000
         765   0.0000000000000000E+000
         766   0.0000000000000000E+000
         767   0.0000000000000000E+000
         768   0.0000000000000000E+000
         769   0.0000000000000000E+000
         770   0.0000000000000000E+000
         771   0.0000000000000000E+000
         772   0.0000000000000000E+000
         773   0.0000000000000000E+000
         774   0.0000000000000000E+000
         775   0.0000000000000000E+000
         776   0.0000000000000000E+000
         777   0.0000000000000000E+000
         778   0.0000000000000000E+000
         779   0.0000000000000000E+000
         780   0.0000000000000000E+000
         781   0.0000000000000000E+000
         782   0.0000000000000000E+000
         783   0.0000000000000000E+000
         784   0.0000000000000000E+000
         785   0.0000000000000000E+000
         786   0.0000000000000000E+000
         787   0.0000000000000000E+000
         788   0.0000000000000000E+000
         789   0.0000000000000000E+000
         790   0.0000000000000000E+000
         791   0.0000000000000000E+000
         792   0.0000000000000000E+000
         793   0.0000000000000000E+000
         794   0.0000000000000000E+000
         795   0.0000000000000000E+000
         796   0.0000000000000000E+000
         797   0.0000000000000000E+000
         798   0.0000000000000000E+000
         799   0.0000000000000000E+000
         800   0.0000000000000000E+000
         801   0.0000000000000000E+000
         802   0.0000000000000000E+000
         803   0.0000000000000000E+000
         804   0.0000000000000000E+000
         805   0.0000000000000000E+000
         806   0.0000000000000000E+000
         807   0.0000000000000000E+000
         808   0.0000000000000000E+000
         809   0.0000000000000000E+000
         810   0.0000000000000000E+000
         811   0.0000000000000000E+000
         812   0.0000000000000000E+000
         813   0.0000000000000000E+000
         814   0.0000000000000000E+000
         815   0.0000000000000000E+000
         816   0.0000000000000000E+000
         817   0.0000000000000000E+000
         818   0.0000000000000000E+000
         819   0.0000000000000000E+000
         820   0.0000000000000000E+000
         821   0.0000000000000000E+000
         822   0.0000000000000000E+000
         823   0.0000000000000000E+000
         824   0.0000000000000000E+000
         825   0.0000000000000000E+000
         826   0.0000000000000000E+000
         827   0.0000000000000000E+000
         828   0.0000000000000000E+000
         829   0.0000000000000000E+000
         830   0.0000000000000000E+000
         831   0.0000000000000000E+000
         832   0.0000000000000000E+000
         833   0.0000000000000000E+000
         834   0.0000000000000000E+000
         835   0.0000000000000000E+000
         836   0.0000000000000000E+000
         837   0.0000000000000000E+000
         838   0.0000000000000000E+000
         839   0.0000000000000000E+000
         840   0.0000000000000000E+000
         841   0.0000000000000000E+000
         842   0.0000000000000000E+000
         843   0.0000000000000000E+000
         844   0.0000000000000000E+000
         845   0.0000000000000000E+000
         846   0.0000000000000000E+000
         847   0.0000000000000000E+000
         848   0.0000000000000000E+000
         849   0.0000000000000000E+000
         850   0.0000000000000000E+000
         851   0.0000000000000000E+000
         852   0.0000000000000000E+000
         853   0.0000000000000000E+000
         854   0.0000000000000000E+000
         855   0.0000000000000000E+000
         856   0.0000000000000000E+000
         857   0.0000000000000000E+000
         858   0.0000000000000000E+000
         859   0.0000000000000000E+000
         860   0.0000000000000000E+000
         861   0.0000000000000000E+000
         862   0.0000000000000000E+000
         863   0.0000000000000000E+000
         864   0.0000000000000000E+000
         865   0.0000000000000000E+000
         866   0.0000000000000000E+000
         867   0.0000000000000000E+000
         868   0.0000000000000000E+000
         869   0.0000000000000000E+000
         870   0.0000000000000000E+000
         871   0.0000000000000000E+000
         872   0.0000000000000000E+000
         873   0.0000000000000000E+000
         874   0.0000000000000000E+000
         875   0.0000000000000000E+000
         876   0.0000000000000000E+000
         877   0.0000000000000000E+000
         878   0.0000000000000000E+000
         879   0.0000000000000000E+000
         880   0.0000000000000000E+000
         881   0.0000000000000000E+000
         882   0.0000000000000000E+000
         883   0.0000000000000000E+000
         884   0.0000000000000000E+000
         885   0.0000000000000000E+000
         886   0.0000000000000000E+000
         887   0.0000000000000000E+000
         888   0.0000000000000000E+000
         889   0.0000000000000000E+000
         890   0.0000000000000000E+000
         891   0.0000000000000000E+000
         892   0.0000000000000000E+000
         893   0.0000000000000000E+000
         894   0.0000000000000000E+000
         895   0.0000000000000000E+000
         896   0.0000000000000000E+000
         897   0.0000000000000000E+000
         898   0.0000000000000000E+000
         899   0.0000000000000000E+000
         900   0.0000000000000000E+000
         901   0.0000000000000000E+000
         902   0.0000000000000000E+000
         903   0.0000000000000000E+000
         904   0.0000000000000000E+000
         905   0.0000000000000000E+000
         906   0.0000000000000000E+000
         907   0.0000000000000000E+000
         908   0.0000000000000000E+000
         909   0.0000000000000000E+000
         910   0.0000000000000000E+000
         911   0.0000000000000000E+000
         912   0.0000000000000000E+000
         913   0.0000000000000000E+000
         914   0.0000000000000000E+000
         915   0.0000000000000000E+000
         916   0.0000000000000000E+000
         917   0.0000000000000000E+000
         918   0.0000000000000000E+000
         919   0.0000000000000000E+000
         920   0.0000000000000000E+000
         921   0.0000000000000000E+000
         922   0.0000000000000000E+000
         923   0.0000000000000000E+000
         924   0.0000000000000000E+000
         925   0.0000000000000000E+000
         926   0.0000000000000000E+000
         927   0.0000000000000000E+000
         928   0.0000000000000000E+000
         929   0.0000000000000000E+000
         930   0.0000000000000000E+000
         931   0.0000000000000000E+000
         932   0.0000000000000000E+000
         933   0.0000000000000000E+000
         934   0.0000000000000000E+000
         935   0.0000000000000000E+000
         936   0.0000000000000000E+000
         937   0.0000000000000000E+000
         938   0.0000000000000000E+000
         939   0.0000000000000000E+000
         940   0.0000000000000000E+000
         941   0.0000000000000000E+000
         942   0.0000000000000000E+000
         943   0.0000000000000000E+000
         944   0.0000000000000000E+000
         945   0.0000000000000000E+000
         946   0.0000000000000000E+000
         947   0.0000000000000000E+000
         948   0.0000000000000000E+000
         949   0.0000000000000000E+000
         950   0.0000000000000000E+000
         951   0.0000000000000000E+000
         952   0.0000000000000000E+000
         953   0.0000000000000000E+000
         954   0.0000000000000000E+000
         955   0.0000000000000000E+000
         956   0.0000000000000000E+000
         957   0.0000000000000000E+000
         958   0.0000000000000000E+000
         959   0.0000000000000000E+000
         960   0.0000000000000000E+000
         961   0.0000000000000000E+000
         962   0.0000000000000000E+000
         963   0.0000000000000000E+000
         964   0.0000000000000000E+000
         965   0.0000000000000000E+000
         966   0.0000000000000000E+000
         967   0.0000000000000000E+000
         968   0.0000000000000000E+000
         969   0.0000000000000000E+000
         970   0.0000000000000000E+000
         971   0.0000000000000000E+000
         972   0.0000000000000000E+000
         973   0.0000000000000000E+000
         974   0.0000000000000000E+000
         975   0.0000000000000000E+000
         976   0.0000000000000000E+000
         977   0.0000000000000000E+000
         978   0.0000000000000000E+000
         979   0.0000000000000000E+000
         980   0.0000000000000000E+000
         981   0.0000000000000000E+000
         982   0.0000000000000000E+000
         983   0.0000000000000000E+000
         984   0.0000000000000000E+000
         985   0.0000000000000000E+000
         986   0.0000000000000000E+000
         987   0.0000000000000000E+000
         988   0.0000000000000000E+000
         989   0.0000000000000000E+000
         990   0.0000000000000000E+000
         991   0.0000000000000000E+000
         992   0.0000000000000000E+000
         993   0.0000000000000000E+000
         994   0.0000000000000000E+000
         995   0.0000000000000000E+000
         996   0.0000000000000000E+000
         997   0.0000000000000000E+000
         998   0.0000000000000000E+000
         999   0.0000000000000000E+000
        1000   0.0000000000000000E+000
