           1   3.0952781654817523     
           2   1.3808364235716750     
           3  0.41737514095887951     
           4  0.73352396501370543     
           5  0.66838486887077031     
           6   1.0984086742573838     
           7   1.0787625519483826     
           8  0.78059753028446299     
           9  0.85290653375380676     
          10  0.73192365830237194     
          11  0.56412442134337992     
          12  0.56032925875208217     
          13  0.61475536403509135     
          14  0.64153419848665627     
          15  0.55833084755386375     
          16  0.54263960128536126     
          17  0.60168932651674245     
          18  0.55185967839322680     
          19  0.48121137821324644     
          20  0.53795156854355819     
          21  0.45011909966793873     
          22  0.47383477807765872     
          23  0.42237133948102201     
          24  0.47222612775383271     
          25  0.34238722952911943     
          26  0.49158646021754665     
          27  0.39194493181504703     
          28  0.36983804808521364     
          29  0.43187166750065897     
          30  0.35663273126423667     
          31  0.39429247632805081     
          32  0.36502251569079913     
          33  0.40201945883559626     
          34  0.37591816344176920     
          35  0.34515364404729348     
          36  0.32925703524379607     
          37  0.30271349995748492     
          38  0.31696630511911877     
          39  0.29872136595392701     
          40  0.26277919863356131     
          41  0.27307276897063015     
          42  0.28315906416522035     
          43  0.25574388476955462     
          44  0.28279888340710785     
          45  0.25804509274390608     
          46  0.24744281473625640     
          47  0.26328932647021019     
          48  0.23076037261535423     
          49  0.23262000224548304     
          50  0.22508739657031748     
          51  0.21313053878746305     
          52  0.20010575579312651     
          53  0.22183525090548500     
          54  0.20549350416448203     
          55  0.20023461120944328     
          56  0.16793753984461612     
          57  0.18778428298731611     
          58  0.17403715396443792     
          59  0.17747624952325827     
          60  0.17257692798395530     
          61  0.16332905108183385     
          62  0.14818351431041218     
          63  0.15992492574918743     
          64  0.14904295366265952     
          65  0.14653940394888268     
          66  0.14627630546363093     
          67  0.13028311086248218     
          68  0.12510676088757566     
          69  0.13105946613681538     
          70  0.13311446359729126     
          71  0.12405610408666769     
          72  0.11881638648925877     
          73  0.12131649319646860     
          74  0.11260535089761152     
          75  0.11268735934582291     
          76  0.10545679243718892     
          77   9.3815121957397746E-002
          78  0.10303179104703820     
          79   9.7873099974934236E-002
          80   9.2856791784200962E-002
          81   9.1935937642265028E-002
          82   9.3213444574140825E-002
          83   8.6360047387050040E-002
          84   8.3669753771613301E-002
          85   8.6333315585225598E-002
          86   8.7217895359805550E-002
          87   7.9836132746115548E-002
          88   8.0060335899960589E-002
          89   7.5001069689058175E-002
          90   7.4345772431838916E-002
          91   6.9759048362941875E-002
          92   7.3525015406614241E-002
          93   6.8431072616578034E-002
          94   6.3043626029816155E-002
          95   6.5522248366663427E-002
          96   5.9680629013234378E-002
          97   6.1033729067692957E-002
          98   5.6690633517011257E-002
          99   5.5738402627121361E-002
         100   5.4836903578408938E-002
         101   4.8436561473764544E-002
         102   5.1596420365454726E-002
         103   4.8148366508090845E-002
         104   4.9376968049027130E-002
         105   4.7552370586479334E-002
         106   4.8413191418459255E-002
         107   4.1234168865334903E-002
         108   4.1157411795742629E-002
         109   3.9551708989976418E-002
         110   4.1368248284664538E-002
         111   3.9409566343426898E-002
         112   3.6985454061505267E-002
         113   3.4898641511482732E-002
         114   3.9259418417353191E-002
         115   3.6795818352225958E-002
         116   3.7172770424584597E-002
         117   3.0606273437851501E-002
         118   3.0726391549952905E-002
         119   3.1145088055931018E-002
         120   3.1734373028276530E-002
         121   3.0570786615168336E-002
         122   2.6826662513000369E-002
         123   2.7227903398511652E-002
         124   2.5525485214813983E-002
         125   2.8445209690914422E-002
         126   2.6907492683970892E-002
         127   2.4428032834371446E-002
         128   2.2407119737656349E-002
         129   2.2922230206910886E-002
         130   2.3741486404852800E-002
         131   2.2513850670836690E-002
         132   2.2754077185618220E-002
         133   2.1119172101127993E-002
         134   2.0194507853558787E-002
         135   2.0161194450271164E-002
         136   2.0407509288283443E-002
         137   1.7088304941653594E-002
         138   1.8378349679524821E-002
         139   1.8359506222307344E-002
         140   1.7004240179653112E-002
         141   1.7927192939172085E-002
         142   1.6823908059747775E-002
         143   1.5533910856057149E-002
         144   1.7154026037604055E-002
         145   1.5111070348703102E-002
         146   1.4462388555243297E-002
         147   1.4377689637899127E-002
         148   1.3926814501154617E-002
         149   1.4774125113835310E-002
         150   1.2474130542685122E-002
         151   1.2270594665608323E-002
         152   1.2387021083533029E-002
         153   1.2605559089288395E-002
         154   1.1002217124161039E-002
         155   1.0528318672082518E-002
         156   9.7501990267143089E-003
         157   9.3041306617535277E-003
         158   9.4418898972348994E-003
         159   9.6048102590041828E-003
         160   1.1895011948492852E-002
         161   8.6953044212423579E-003
         162   8.9181188168324793E-003
         163   8.4218685846360920E-003
         164   7.7047107221989309E-003
         165   7.0617931811082042E-003
         166   7.9514772740526402E-003
         167   6.4097168084079996E-003
         168   6.4717726887805714E-003
         169   7.0865301010824581E-003
         170   5.6943893308032565E-003
         171   6.4655710952229639E-003
         172   6.0469950445841839E-003
         173   5.4429795958018373E-003
         174   6.7154461161009638E-003
         175   5.3223871781659894E-003
         176   6.4378717463771124E-003
         177   5.5569309921969807E-003
         178   5.4697373917890106E-003
         179   5.1613203901390327E-003
         180   5.8122566512942425E-003
         181   5.1178610858673718E-003
         182   4.8526809634519864E-003
         183   3.6379258470203213E-003
         184   4.3229409092284806E-003
         185   4.0471747165258349E-003
         186   3.7756359411187093E-003
         187   4.4605506730279907E-003
         188   3.6705705168535237E-003
         189   3.6998860712891411E-003
         190   4.2527857638670931E-003
         191   3.3196548996105332E-003
         192   4.1435985353969872E-003
         193   3.2094179561878047E-003
         194   3.6181923102349446E-003
         195   3.7699262295481902E-003
         196   3.1723450670046536E-003
         197   2.2847969960663799E-003
         198   2.9692803213970335E-003
         199   2.2990625769744827E-003
         200   2.4746674251817430E-003
         201   2.7635889298072347E-003
         202   2.4053723979537735E-003
         203   2.0173356444328164E-003
         204   2.4159653756490223E-003
         205   2.7512872781516114E-003
         206   2.8935715744840946E-003
         207   2.3475561580210092E-003
         208   2.4903072215381500E-003
         209   1.8309949551035330E-003
         210   1.7966835649070264E-003
         211   2.1336759976770666E-003
         212   2.0796601725991881E-003
         213   1.8855976848319196E-003
         214   1.9537763263129692E-003
         215   1.2168312042517813E-003
         216   1.3577642750401523E-003
         217   1.4809280430537293E-003
         218   1.5664825934330309E-003
         219   1.5857305840300262E-003
         220   1.6362256053951666E-003
         221   1.6861929443895312E-003
         222   1.6882614692069402E-003
         223   8.9198234790891233E-004
         224   1.1216277052354415E-003
         225   1.4244081228022086E-003
         226   1.2105843897647541E-003
         227   1.1678902103840320E-003
         228   1.3879156667132102E-003
         229   1.1185734988518785E-003
         230   1.0937735940165080E-003
         231   8.7602330546237379E-004
         232   9.7132401332795948E-004
         233   8.1756349400820543E-004
         234   8.9646159508621141E-004
         235   1.0759463523582783E-003
         236   9.3890872227691863E-004
         237   7.0572018947493863E-004
         238   6.9970381362823768E-004
         239   9.9901261810669373E-004
         240   5.2270670238158687E-004
         241   1.0231311695872850E-003
         242   7.9855639199326940E-004
         243   5.7684817503474931E-004
         244   6.3906312424490369E-004
         245   7.3992720965457065E-004
         246   6.5448246065114252E-004
         247   5.1886700602758718E-004
         248   7.3457983974762177E-004
         249   7.4128737346990244E-004
         250   6.0879646823129737E-004
         251   5.6637892563714503E-004
         252   4.6156774272503980E-004
         253   6.1886304959919204E-004
         254   4.4205301062524404E-004
         255   5.1165605040393513E-004
         256   4.8335239721952809E-004
         257   5.2791243986010955E-004
         258   3.5738026659086583E-004
         259   6.2634002804183911E-004
         260   3.8706582608425018E-004
         261   3.9591077944328186E-004
         262   2.6563424890093063E-004
         263   5.3883024325304587E-004
         264   4.5539214799562112E-004
         265   4.5112326667802547E-004
         266   3.5877766748643972E-004
         267   2.8917879223078040E-004
         268   2.8720711880209277E-004
         269   2.6290917976925561E-004
         270   4.1298519841796385E-004
         271   2.9130997117154261E-004
         272   2.3589571793310917E-004
         273   3.5090014214152036E-004
         274   2.6378794610899537E-004
         275   2.3067688970590931E-004
         276   1.1436818072454057E-004
         277   2.2742126428277107E-004
         278   2.8697880733874627E-004
         279   3.4658577552724578E-004
         280   2.2237442371813898E-004
         281   1.4053788251283000E-004
         282   1.2970751467181925E-004
         283   2.4738117856704708E-004
         284   2.4580258381451918E-004
         285   2.5410917798927721E-004
         286   2.3285854371950118E-004
         287   2.6003577285618838E-004
         288   2.3903331999822129E-004
         289   3.6058911547258036E-004
         290   2.7339761594866955E-004
         291   1.4989508019005643E-004
         292   1.3961864671125472E-004
         293   2.1254883300365831E-004
         294   2.1104987711975169E-004
         295   2.1853629410421586E-004
         296   1.5368102343159067E-004
         297   1.8884318790452672E-004
         298   1.0731512881476194E-004
         299   7.9835556628150226E-005
         300   8.8088020441307732E-005
         301   6.1236425363732797E-005
         302   2.4345049217912955E-004
         303   9.5029465327055792E-005
         304   1.8877362350264526E-004
         305   1.3646880799824846E-004
         306   6.7707451243605979E-005
         307   1.5164341005313205E-004
         308   1.0036936108348385E-004
         309   9.1389896710226026E-005
         310   1.3203299738560203E-004
         311   1.6406925327820139E-004
         312   7.3379828066231663E-005
         313   5.6694381970680288E-005
         314   8.8435538080595464E-005
         315   1.0388386687977887E-004
         316   9.5364963951634880E-005
         317   9.4811175800732611E-005
         318   7.8485001070580929E-006
         319   1.0138103545937918E-004
         320   3.0962398701049931E-005
         321   6.1564715707184295E-005
         322   5.3464266839112806E-005
         323   3.8005371757332295E-005
         324   3.0235891742724233E-005
         325   8.2562457818324917E-005
         326   4.4744729821387857E-005
         327   6.6779843088602355E-005
         328   7.3619939822868998E-006
         329   2.9305366392322282E-005
         330   1.2386948566676186E-004
         331   4.3437144039735547E-005
         332   2.1606247956929558E-005
         333   4.2942511471717616E-005
         334   2.8463406972839507E-005
         335   5.6495556500309769E-005
         336   3.5159082213587995E-005
         337   5.5866549163250617E-005
         338   4.1671890059308369E-005
         339   6.9033635807652188E-005
         340   4.1175466218346479E-005
         341   3.4086246596788052E-005
         342   3.3851682197660706E-005
         343   3.3703188498978781E-005
         344   3.3480005022994436E-005
         345   4.6677554619216188E-005
         346   2.6531791300168566E-005
         347   1.9758482336521401E-005
         348   6.5555016847858729E-006
         349   2.6080640018654046E-005
         350   0.0000000000000000E+000
         351   1.9305269037187120E-005
         352   1.2842405026913350E-005
         353   0.0000000000000000E+000
         354   1.8994115490342483E-005
         355   1.2574025524596239E-005
         356   3.1326082913358787E-005
         357   1.2457434242893215E-005
         358   2.4775355797416841E-005
         359   1.2328798442572329E-005
         360   5.5040579944323157E-005
         361   4.8672473043977318E-005
         362   2.4228461240554789E-005
         363   1.2031071939893814E-005
         364   2.9960005569064339E-005
         365   0.0000000000000000E+000
         366   1.1831765162092975E-005
         367   5.9072633965400233E-006
         368   5.8488314833250258E-006
         369   1.7486997520175536E-005
         370   0.0000000000000000E+000
         371   5.7708313453065204E-006
         372   5.7199363330126441E-006
         373   0.0000000000000000E+000
         374   0.0000000000000000E+000
         375   1.6934151824362534E-005
         376   1.1215782255463325E-005
         377   1.6736291270877962E-005
         378   1.6654639859339179E-005
         379   5.5235069001942430E-006
         380   1.1002120034583302E-005
         381   5.4616660474005110E-006
         382   0.0000000000000000E+000
         383   3.2424114809256245E-005
         384   0.0000000000000000E+000
         385   0.0000000000000000E+000
         386   0.0000000000000000E+000
         387   0.0000000000000000E+000
         388   1.0523637912965240E-005
         389   1.5730464318223176E-005
         390   5.2151461378191370E-006
         391   0.0000000000000000E+000
         392   5.1590175388315661E-006
         393   2.5661532557571424E-005
         394   0.0000000000000000E+000
         395   1.5267436877562407E-005
         396   0.0000000000000000E+000
         397   5.0239312115003806E-006
         398   0.0000000000000000E+000
         399   4.9825050782029340E-006
         400   0.0000000000000000E+000
         401   0.0000000000000000E+000
         402   0.0000000000000000E+000
         403   4.8879710153872364E-006
         404   0.0000000000000000E+000
         405   4.8433958885262476E-006
         406   0.0000000000000000E+000
         407   0.0000000000000000E+000
         408   9.5422153320685597E-006
         409   2.3737754137404044E-005
         410   4.7332964708439550E-006
         411   0.0000000000000000E+000
         412   9.3414243796922568E-006
         413   0.0000000000000000E+000
         414   0.0000000000000000E+000
         415   2.7662196529219423E-005
         416   4.5824816788666879E-006
         417   0.0000000000000000E+000
         418   0.0000000000000000E+000
         419   0.0000000000000000E+000
         420   1.3524456199501985E-005
         421   0.0000000000000000E+000
         422   4.4647665732913520E-006
         423   4.4358665147203139E-006
         424   0.0000000000000000E+000
         425   0.0000000000000000E+000
         426   0.0000000000000000E+000
         427   0.0000000000000000E+000
         428   0.0000000000000000E+000
         429   8.6454488514306524E-006
         430   0.0000000000000000E+000
         431   0.0000000000000000E+000
         432   0.0000000000000000E+000
         433   1.2711736170934504E-005
         434   0.0000000000000000E+000
         435   0.0000000000000000E+000
         436   0.0000000000000000E+000
         437   4.1557756374405813E-006
         438   4.1353408557327518E-006
         439   1.2368881508761218E-005
         440   0.0000000000000000E+000
         441   0.0000000000000000E+000
         442   0.0000000000000000E+000
         443   0.0000000000000000E+000
         444   4.0228866678240530E-006
         445   0.0000000000000000E+000
         446   0.0000000000000000E+000
         447   0.0000000000000000E+000
         448   0.0000000000000000E+000
         449   0.0000000000000000E+000
         450   0.0000000000000000E+000
         451   0.0000000000000000E+000
         452   0.0000000000000000E+000
         453   7.7440070845695972E-006
         454   0.0000000000000000E+000
         455   0.0000000000000000E+000
         456   0.0000000000000000E+000
         457   0.0000000000000000E+000
         458   0.0000000000000000E+000
         459   0.0000000000000000E+000
         460   0.0000000000000000E+000
         461   0.0000000000000000E+000
         462   0.0000000000000000E+000
         463   0.0000000000000000E+000
         464   0.0000000000000000E+000
         465   0.0000000000000000E+000
         466   0.0000000000000000E+000
         467   0.0000000000000000E+000
         468   0.0000000000000000E+000
         469   0.0000000000000000E+000
         470   0.0000000000000000E+000
         471   0.0000000000000000E+000
         472   0.0000000000000000E+000
         473   0.0000000000000000E+000
         474   0.0000000000000000E+000
         475   0.0000000000000000E+000
         476   0.0000000000000000E+000
         477   0.0000000000000000E+000
         478   0.0000000000000000E+000
         479   0.0000000000000000E+000
         480   0.0000000000000000E+000
         481   0.0000000000000000E+000
         482   0.0000000000000000E+000
         483   0.0000000000000000E+000
         484   0.0000000000000000E+000
         485   0.0000000000000000E+000
         486   0.0000000000000000E+000
         487   0.0000000000000000E+000
         488   0.0000000000000000E+000
         489   0.0000000000000000E+000
         490   0.0000000000000000E+000
         491   0.0000000000000000E+000
         492   0.0000000000000000E+000
         493   0.0000000000000000E+000
         494   0.0000000000000000E+000
         495   0.0000000000000000E+000
         496   0.0000000000000000E+000
         497   0.0000000000000000E+000
         498   0.0000000000000000E+000
         499   0.0000000000000000E+000
         500   0.0000000000000000E+000
         501   0.0000000000000000E+000
         502   0.0000000000000000E+000
         503   0.0000000000000000E+000
         504   0.0000000000000000E+000
         505   0.0000000000000000E+000
         506   0.0000000000000000E+000
         507   0.0000000000000000E+000
         508   0.0000000000000000E+000
         509   0.0000000000000000E+000
         510   0.0000000000000000E+000
         511   0.0000000000000000E+000
         512   0.0000000000000000E+000
         513   0.0000000000000000E+000
         514   0.0000000000000000E+000
         515   0.0000000000000000E+000
         516   0.0000000000000000E+000
         517   0.0000000000000000E+000
         518   0.0000000000000000E+000
         519   0.0000000000000000E+000
         520   0.0000000000000000E+000
         521   0.0000000000000000E+000
         522   0.0000000000000000E+000
         523   0.0000000000000000E+000
         524   0.0000000000000000E+000
         525   0.0000000000000000E+000
         526   0.0000000000000000E+000
         527   0.0000000000000000E+000
         528   0.0000000000000000E+000
         529   0.0000000000000000E+000
         530   0.0000000000000000E+000
         531   0.0000000000000000E+000
         532   0.0000000000000000E+000
         533   0.0000000000000000E+000
         534   0.0000000000000000E+000
         535   0.0000000000000000E+000
         536   0.0000000000000000E+000
         537   0.0000000000000000E+000
         538   0.0000000000000000E+000
         539   0.0000000000000000E+000
         540   0.0000000000000000E+000
         541   0.0000000000000000E+000
         542   0.0000000000000000E+000
         543   0.0000000000000000E+000
         544   0.0000000000000000E+000
         545   0.0000000000000000E+000
         546   0.0000000000000000E+000
         547   0.0000000000000000E+000
         548   0.0000000000000000E+000
         549   0.0000000000000000E+000
         550   0.0000000000000000E+000
         551   0.0000000000000000E+000
         552   0.0000000000000000E+000
         553   0.0000000000000000E+000
         554   0.0000000000000000E+000
         555   0.0000000000000000E+000
         556   0.0000000000000000E+000
         557   0.0000000000000000E+000
         558   0.0000000000000000E+000
         559   0.0000000000000000E+000
         560   0.0000000000000000E+000
         561   0.0000000000000000E+000
         562   0.0000000000000000E+000
         563   0.0000000000000000E+000
         564   0.0000000000000000E+000
         565   0.0000000000000000E+000
         566   0.0000000000000000E+000
         567   0.0000000000000000E+000
         568   0.0000000000000000E+000
         569   0.0000000000000000E+000
         570   0.0000000000000000E+000
         571   0.0000000000000000E+000
         572   0.0000000000000000E+000
         573   0.0000000000000000E+000
         574   0.0000000000000000E+000
         575   0.0000000000000000E+000
         576   0.0000000000000000E+000
         577   0.0000000000000000E+000
         578   0.0000000000000000E+000
         579   0.0000000000000000E+000
         580   0.0000000000000000E+000
         581   0.0000000000000000E+000
         582   0.0000000000000000E+000
         583   0.0000000000000000E+000
         584   0.0000000000000000E+000
         585   0.0000000000000000E+000
         586   0.0000000000000000E+000
         587   0.0000000000000000E+000
         588   0.0000000000000000E+000
         589   0.0000000000000000E+000
         590   0.0000000000000000E+000
         591   0.0000000000000000E+000
         592   0.0000000000000000E+000
         593   0.0000000000000000E+000
         594   0.0000000000000000E+000
         595   0.0000000000000000E+000
         596   0.0000000000000000E+000
         597   0.0000000000000000E+000
         598   0.0000000000000000E+000
         599   0.0000000000000000E+000
         600   0.0000000000000000E+000
         601   0.0000000000000000E+000
         602   0.0000000000000000E+000
         603   0.0000000000000000E+000
         604   0.0000000000000000E+000
         605   0.0000000000000000E+000
         606   0.0000000000000000E+000
         607   0.0000000000000000E+000
         608   0.0000000000000000E+000
         609   0.0000000000000000E+000
         610   0.0000000000000000E+000
         611   0.0000000000000000E+000
         612   0.0000000000000000E+000
         613   0.0000000000000000E+000
         614   0.0000000000000000E+000
         615   0.0000000000000000E+000
         616   0.0000000000000000E+000
         617   0.0000000000000000E+000
         618   0.0000000000000000E+000
         619   0.0000000000000000E+000
         620   0.0000000000000000E+000
         621   0.0000000000000000E+000
         622   0.0000000000000000E+000
         623   0.0000000000000000E+000
         624   0.0000000000000000E+000
         625   0.0000000000000000E+000
         626   0.0000000000000000E+000
         627   0.0000000000000000E+000
         628   0.0000000000000000E+000
         629   0.0000000000000000E+000
         630   0.0000000000000000E+000
         631   0.0000000000000000E+000
         632   0.0000000000000000E+000
         633   0.0000000000000000E+000
         634   0.0000000000000000E+000
         635   0.0000000000000000E+000
         636   0.0000000000000000E+000
         637   0.0000000000000000E+000
         638   0.0000000000000000E+000
         639   0.0000000000000000E+000
         640   0.0000000000000000E+000
         641   0.0000000000000000E+000
         642   0.0000000000000000E+000
         643   0.0000000000000000E+000
         644   0.0000000000000000E+000
         645   0.0000000000000000E+000
         646   0.0000000000000000E+000
         647   0.0000000000000000E+000
         648   0.0000000000000000E+000
         649   0.0000000000000000E+000
         650   0.0000000000000000E+000
         651   0.0000000000000000E+000
         652   0.0000000000000000E+000
         653   0.0000000000000000E+000
         654   0.0000000000000000E+000
         655   0.0000000000000000E+000
         656   0.0000000000000000E+000
         657   0.0000000000000000E+000
         658   0.0000000000000000E+000
         659   0.0000000000000000E+000
         660   0.0000000000000000E+000
         661   0.0000000000000000E+000
         662   0.0000000000000000E+000
         663   0.0000000000000000E+000
         664   0.0000000000000000E+000
         665   0.0000000000000000E+000
         666   0.0000000000000000E+000
         667   0.0000000000000000E+000
         668   0.0000000000000000E+000
         669   0.0000000000000000E+000
         670   0.0000000000000000E+000
         671   0.0000000000000000E+000
         672   0.0000000000000000E+000
         673   0.0000000000000000E+000
         674   0.0000000000000000E+000
         675   0.0000000000000000E+000
         676   0.0000000000000000E+000
         677   0.0000000000000000E+000
         678   0.0000000000000000E+000
         679   0.0000000000000000E+000
         680   0.0000000000000000E+000
         681   0.0000000000000000E+000
         682   0.0000000000000000E+000
         683   0.0000000000000000E+000
         684   0.0000000000000000E+000
         685   0.0000000000000000E+000
         686   0.0000000000000000E+000
         687   0.0000000000000000E+000
         688   0.0000000000000000E+000
         689   0.0000000000000000E+000
         690   0.0000000000000000E+000
         691   0.0000000000000000E+000
         692   0.0000000000000000E+000
         693   0.0000000000000000E+000
         694   0.0000000000000000E+000
         695   0.0000000000000000E+000
         696   0.0000000000000000E+000
         697   0.0000000000000000E+000
         698   0.0000000000000000E+000
         699   0.0000000000000000E+000
         700   0.0000000000000000E+000
         701   0.0000000000000000E+000
         702   0.0000000000000000E+000
         703   0.0000000000000000E+000
         704   0.0000000000000000E+000
         705   0.0000000000000000E+000
         706   0.0000000000000000E+000
         707   0.0000000000000000E+000
         708   0.0000000000000000E+000
         709   0.0000000000000000E+000
         710   0.0000000000000000E+000
         711   0.0000000000000000E+000
         712   0.0000000000000000E+000
         713   0.0000000000000000E+000
         714   0.0000000000000000E+000
         715   0.0000000000000000E+000
         716   0.0000000000000000E+000
         717   0.0000000000000000E+000
         718   0.0000000000000000E+000
         719   0.0000000000000000E+000
         720   0.0000000000000000E+000
         721   0.0000000000000000E+000
         722   0.0000000000000000E+000
         723   0.0000000000000000E+000
         724   0.0000000000000000E+000
         725   0.0000000000000000E+000
         726   0.0000000000000000E+000
         727   0.0000000000000000E+000
         728   0.0000000000000000E+000
         729   0.0000000000000000E+000
         730   0.0000000000000000E+000
         731   0.0000000000000000E+000
         732   0.0000000000000000E+000
         733   0.0000000000000000E+000
         734   0.0000000000000000E+000
         735   0.0000000000000000E+000
         736   0.0000000000000000E+000
         737   0.0000000000000000E+000
         738   0.0000000000000000E+000
         739   0.0000000000000000E+000
         740   0.0000000000000000E+000
         741   0.0000000000000000E+000
         742   0.0000000000000000E+000
         743   0.0000000000000000E+000
         744   0.0000000000000000E+000
         745   0.0000000000000000E+000
         746   0.0000000000000000E+000
         747   0.0000000000000000E+000
         748   0.0000000000000000E+000
         749   0.0000000000000000E+000
         750   0.0000000000000000E+000
         751   0.0000000000000000E+000
         752   0.0000000000000000E+000
         753   0.0000000000000000E+000
         754   0.0000000000000000E+000
         755   0.0000000000000000E+000
         756   0.0000000000000000E+000
         757   0.0000000000000000E+000
         758   0.0000000000000000E+000
         759   0.0000000000000000E+000
         760   0.0000000000000000E+000
         761   0.0000000000000000E+000
         762   0.0000000000000000E+000
         763   0.0000000000000000E+000
         764   0.0000000000000000E+000
         765   0.0000000000000000E+000
         766   0.0000000000000000E+000
         767   0.0000000000000000E+000
         768   0.0000000000000000E+000
         769   0.0000000000000000E+000
         770   0.0000000000000000E+000
         771   0.0000000000000000E+000
         772   0.0000000000000000E+000
         773   0.0000000000000000E+000
         774   0.0000000000000000E+000
         775   0.0000000000000000E+000
         776   0.0000000000000000E+000
         777   0.0000000000000000E+000
         778   0.0000000000000000E+000
         779   0.0000000000000000E+000
         780   0.0000000000000000E+000
         781   0.0000000000000000E+000
         782   0.0000000000000000E+000
         783   0.0000000000000000E+000
         784   0.0000000000000000E+000
         785   0.0000000000000000E+000
         786   0.0000000000000000E+000
         787   0.0000000000000000E+000
         788   0.0000000000000000E+000
         789   0.0000000000000000E+000
         790   0.0000000000000000E+000
         791   0.0000000000000000E+000
         792   0.0000000000000000E+000
         793   0.0000000000000000E+000
         794   0.0000000000000000E+000
         795   0.0000000000000000E+000
         796   0.0000000000000000E+000
         797   0.0000000000000000E+000
         798   0.0000000000000000E+000
         799   0.0000000000000000E+000
         800   0.0000000000000000E+000
         801   0.0000000000000000E+000
         802   0.0000000000000000E+000
         803   0.0000000000000000E+000
         804   0.0000000000000000E+000
         805   0.0000000000000000E+000
         806   0.0000000000000000E+000
         807   0.0000000000000000E+000
         808   0.0000000000000000E+000
         809   0.0000000000000000E+000
         810   0.0000000000000000E+000
         811   0.0000000000000000E+000
         812   0.0000000000000000E+000
         813   0.0000000000000000E+000
         814   0.0000000000000000E+000
         815   0.0000000000000000E+000
         816   0.0000000000000000E+000
         817   0.0000000000000000E+000
         818   0.0000000000000000E+000
         819   0.0000000000000000E+000
         820   0.0000000000000000E+000
         821   0.0000000000000000E+000
         822   0.0000000000000000E+000
         823   0.0000000000000000E+000
         824   0.0000000000000000E+000
         825   0.0000000000000000E+000
         826   0.0000000000000000E+000
         827   0.0000000000000000E+000
         828   0.0000000000000000E+000
         829   0.0000000000000000E+000
         830   0.0000000000000000E+000
         831   0.0000000000000000E+000
         832   0.0000000000000000E+000
         833   0.0000000000000000E+000
         834   0.0000000000000000E+000
         835   0.0000000000000000E+000
         836   0.0000000000000000E+000
         837   0.0000000000000000E+000
         838   0.0000000000000000E+000
         839   0.0000000000000000E+000
         840   0.0000000000000000E+000
         841   0.0000000000000000E+000
         842   0.0000000000000000E+000
         843   0.0000000000000000E+000
         844   0.0000000000000000E+000
         845   0.0000000000000000E+000
         846   0.0000000000000000E+000
         847   0.0000000000000000E+000
         848   0.0000000000000000E+000
         849   0.0000000000000000E+000
         850   0.0000000000000000E+000
         851   0.0000000000000000E+000
         852   0.0000000000000000E+000
         853   0.0000000000000000E+000
         854   0.0000000000000000E+000
         855   0.0000000000000000E+000
         856   0.0000000000000000E+000
         857   0.0000000000000000E+000
         858   0.0000000000000000E+000
         859   0.0000000000000000E+000
         860   0.0000000000000000E+000
         861   0.0000000000000000E+000
         862   0.0000000000000000E+000
         863   0.0000000000000000E+000
         864   0.0000000000000000E+000
         865   0.0000000000000000E+000
         866   0.0000000000000000E+000
         867   0.0000000000000000E+000
         868   0.0000000000000000E+000
         869   0.0000000000000000E+000
         870   0.0000000000000000E+000
         871   0.0000000000000000E+000
         872   0.0000000000000000E+000
         873   0.0000000000000000E+000
         874   0.0000000000000000E+000
         875   0.0000000000000000E+000
         876   0.0000000000000000E+000
         877   0.0000000000000000E+000
         878   0.0000000000000000E+000
         879   0.0000000000000000E+000
         880   0.0000000000000000E+000
         881   0.0000000000000000E+000
         882   0.0000000000000000E+000
         883   0.0000000000000000E+000
         884   0.0000000000000000E+000
         885   0.0000000000000000E+000
         886   0.0000000000000000E+000
         887   0.0000000000000000E+000
         888   0.0000000000000000E+000
         889   0.0000000000000000E+000
         890   0.0000000000000000E+000
         891   0.0000000000000000E+000
         892   0.0000000000000000E+000
         893   0.0000000000000000E+000
         894   0.0000000000000000E+000
         895   0.0000000000000000E+000
         896   0.0000000000000000E+000
         897   0.0000000000000000E+000
         898   0.0000000000000000E+000
         899   0.0000000000000000E+000
         900   0.0000000000000000E+000
         901   0.0000000000000000E+000
         902   0.0000000000000000E+000
         903   0.0000000000000000E+000
         904   0.0000000000000000E+000
         905   0.0000000000000000E+000
         906   0.0000000000000000E+000
         907   0.0000000000000000E+000
         908   0.0000000000000000E+000
         909   0.0000000000000000E+000
         910   0.0000000000000000E+000
         911   0.0000000000000000E+000
         912   0.0000000000000000E+000
         913   0.0000000000000000E+000
         914   0.0000000000000000E+000
         915   0.0000000000000000E+000
         916   0.0000000000000000E+000
         917   0.0000000000000000E+000
         918   0.0000000000000000E+000
         919   0.0000000000000000E+000
         920   0.0000000000000000E+000
         921   0.0000000000000000E+000
         922   0.0000000000000000E+000
         923   0.0000000000000000E+000
         924   0.0000000000000000E+000
         925   0.0000000000000000E+000
         926   0.0000000000000000E+000
         927   0.0000000000000000E+000
         928   0.0000000000000000E+000
         929   0.0000000000000000E+000
         930   0.0000000000000000E+000
         931   0.0000000000000000E+000
         932   0.0000000000000000E+000
         933   0.0000000000000000E+000
         934   0.0000000000000000E+000
         935   0.0000000000000000E+000
         936   0.0000000000000000E+000
         937   0.0000000000000000E+000
         938   0.0000000000000000E+000
         939   0.0000000000000000E+000
         940   0.0000000000000000E+000
         941   0.0000000000000000E+000
         942   0.0000000000000000E+000
         943   0.0000000000000000E+000
         944   0.0000000000000000E+000
         945   0.0000000000000000E+000
         946   0.0000000000000000E+000
         947   0.0000000000000000E+000
         948   0.0000000000000000E+000
         949   0.0000000000000000E+000
         950   0.0000000000000000E+000
         951   0.0000000000000000E+000
         952   0.0000000000000000E+000
         953   0.0000000000000000E+000
         954   0.0000000000000000E+000
         955   0.0000000000000000E+000
         956   0.0000000000000000E+000
         957   0.0000000000000000E+000
         958   0.0000000000000000E+000
         959   0.0000000000000000E+000
         960   0.0000000000000000E+000
         961   0.0000000000000000E+000
         962   0.0000000000000000E+000
         963   0.0000000000000000E+000
         964   0.0000000000000000E+000
         965   0.0000000000000000E+000
         966   0.0000000000000000E+000
         967   0.0000000000000000E+000
         968   0.0000000000000000E+000
         969   0.0000000000000000E+000
         970   0.0000000000000000E+000
         971   0.0000000000000000E+000
         972   0.0000000000000000E+000
         973   0.0000000000000000E+000
         974   0.0000000000000000E+000
         975   0.0000000000000000E+000
         976   0.0000000000000000E+000
         977   0.0000000000000000E+000
         978   0.0000000000000000E+000
         979   0.0000000000000000E+000
         980   0.0000000000000000E+000
         981   0.0000000000000000E+000
         982   0.0000000000000000E+000
         983   0.0000000000000000E+000
         984   0.0000000000000000E+000
         985   0.0000000000000000E+000
         986   0.0000000000000000E+000
         987   0.0000000000000000E+000
         988   0.0000000000000000E+000
         989   0.0000000000000000E+000
         990   0.0000000000000000E+000
         991   0.0000000000000000E+000
         992   0.0000000000000000E+000
         993   0.0000000000000000E+000
         994   0.0000000000000000E+000
         995   0.0000000000000000E+000
         996   0.0000000000000000E+000
         997   0.0000000000000000E+000
         998   0.0000000000000000E+000
         999   0.0000000000000000E+000
        1000   0.0000000000000000E+000
