           1   1.4356805484325437     
           2   0.0000000000000000E+000
           3  0.60098961561451059     
           4  0.39627464999722833     
           5  0.30693112770922004     
           6  0.31691918176972000     
           7  0.16415698806570950     
           8  0.13750559259599196     
           9  0.30847111364942698     
          10  0.17994172064407954     
          11  0.21408703918276903     
          12  0.23739218708699444     
          13  0.25368196765041606     
          14  0.17987629220058571     
          15  0.17976984549725999     
          16  0.16315779075980696     
          17  0.21011830244646301     
          18  0.21966426536427552     
          19  0.28445180522595487     
          20  0.26577138449079796     
          21  0.18467185897680877     
          22  0.19531111779459731     
          23  0.21735515998948790     
          24  0.25903064287489130     
          25  0.16634992945666902     
          26  0.18973349145633650     
          27  0.18242705893023783     
          28  0.22835535576294297     
          29  0.19439740563911284     
          30  0.17991176152387273     
          31  0.18579414126230617     
          32  0.19642046233868388     
          33  0.14932387772763342     
          34  0.18882081400234546     
          35  0.15527344655663014     
          36  0.15824086961203562     
          37  0.16104283795839563     
          38  0.16182455445527422     
          39  0.15039025753853125     
          40  0.14559399835647316     
          41  0.14056598012815241     
          42  0.14118633050674106     
          43  0.12652935624277914     
          44  0.12421470307447166     
          45  0.12348966509801458     
          46  0.14440689166687115     
          47  0.11604514353436417     
          48  0.12696364014936770     
          49  0.12240136728672865     
          50  0.11880886116491091     
          51  0.12126294305700629     
          52  0.11989344051524201     
          53  0.11557884604465629     
          54  0.10174654299517805     
          55   9.6542843201026893E-002
          56  0.11137081674208828     
          57  0.10591235162832210     
          58  0.11215092620432648     
          59   9.1229483813009452E-002
          60   9.8544095027482556E-002
          61  0.10658944860241110     
          62  0.10100707555100870     
          63   8.7413859348917697E-002
          64   8.0905363708730707E-002
          65   8.1784378261640728E-002
          66   8.2460726398746687E-002
          67   7.4415700446047076E-002
          68   8.7007311628503559E-002
          69   8.1361449932028485E-002
          70   7.1775033287339224E-002
          71   7.7025164232263660E-002
          72   7.5200563947529359E-002
          73   7.8854631406749517E-002
          74   7.6447692421752644E-002
          75   6.2549018302831980E-002
          76   7.0112967900733666E-002
          77   6.9286977246594661E-002
          78   6.5437020602652260E-002
          79   6.4100346294201221E-002
          80   5.9308683494312078E-002
          81   6.7327096500115327E-002
          82   6.0693470731337032E-002
          83   5.6621525077784424E-002
          84   6.4200969864604093E-002
          85   5.7789105542715685E-002
          86   5.3579840218516993E-002
          87   5.2712476751351635E-002
          88   5.5163991115663051E-002
          89   5.0130854454681538E-002
          90   5.4778830104898001E-002
          91   5.3887898415740411E-002
          92   5.1146139893906685E-002
          93   4.7069316489806959E-002
          94   4.5199269248818508E-002
          95   4.9116334056411790E-002
          96   4.9385930976390338E-002
          97   4.5449991468735462E-002
          98   4.4629672042390801E-002
          99   4.8872959635612445E-002
         100   4.3440841109094436E-002
         101   4.5200990516041005E-002
         102   4.0561939018449941E-002
         103   3.9541268073320091E-002
         104   4.0651589486633700E-002
         105   3.4540507456628441E-002
         106   3.8790318203642316E-002
         107   3.9666489124275811E-002
         108   3.5363193178585717E-002
         109   3.4249720973258985E-002
         110   3.7991842706833166E-002
         111   3.5016221200517700E-002
         112   3.5776577306329993E-002
         113   3.2679755871086826E-002
         114   3.2520908530050761E-002
         115   3.1801024306521569E-002
         116   2.9965574185557398E-002
         117   3.0842142166181970E-002
         118   2.9789754998893005E-002
         119   2.7195821428167229E-002
         120   2.6634262474486650E-002
         121   2.9217603187422638E-002
         122   2.7689370376397297E-002
         123   2.8338220870202768E-002
         124   2.5836137726640594E-002
         125   2.4653355096987413E-002
         126   2.4859454356696550E-002
         127   2.5455506748576912E-002
         128   2.4420482147083422E-002
         129   2.3064917405875185E-002
         130   2.5804717580652625E-002
         131   2.1351118947115728E-002
         132   2.3804850879046463E-002
         133   2.1484241002669522E-002
         134   2.0452565780192215E-002
         135   2.0543228091071206E-002
         136   2.2122056018176954E-002
         137   2.1129306513149267E-002
         138   2.0574491090207501E-002
         139   1.9707124667564288E-002
         140   2.0359638597498449E-002
         141   1.8361026019459326E-002
         142   1.9319249985302007E-002
         143   1.8981875524383341E-002
         144   1.6766810217125297E-002
         145   1.8039793131466003E-002
         146   1.7021300081655439E-002
         147   1.7339177543313086E-002
         148   1.6778172359391278E-002
         149   1.5741058122476052E-002
         150   1.7382040176387534E-002
         151   1.4799025585384649E-002
         152   1.5539639684988968E-002
         153   1.3508203753119940E-002
         154   1.3405039614229092E-002
         155   1.4013705792221692E-002
         156   1.3840272925632681E-002
         157   1.5043760043723785E-002
         158   1.3237951225925424E-002
         159   1.2447975110623569E-002
         160   1.3224484684549540E-002
         161   1.1867469954457522E-002
         162   1.1693474090822508E-002
         163   1.1073575303958350E-002
         164   1.1264213302254638E-002
         165   9.5290931685428990E-003
         166   1.1511855302773688E-002
         167   1.1087408227522281E-002
         168   1.0989101541102442E-002
         169   1.0246234186621876E-002
         170   1.1059339180914814E-002
         171   9.6856051501994257E-003
         172   9.8154322859702933E-003
         173   9.0396349281837013E-003
         174   9.9056977769118211E-003
         175   9.9211258273547483E-003
         176   8.9428844217779302E-003
         177   8.9196274844890438E-003
         178   8.0157651869678121E-003
         179   7.6803868395604671E-003
         180   8.4997959437494320E-003
         181   8.6965616977819540E-003
         182   7.6929203106481329E-003
         183   7.2541586148915736E-003
         184   8.0629937905100819E-003
         185   7.0959969096592440E-003
         186   8.1683693706396353E-003
         187   7.7198156712807078E-003
         188   7.6614365516465902E-003
         189   6.9363244018713684E-003
         190   7.1475838306512864E-003
         191   6.3794170171303684E-003
         192   6.0766864495512369E-003
         193   6.1403016328915238E-003
         194   6.1025849375534354E-003
         195   6.0608179004979779E-003
         196   7.1320915698933314E-003
         197   5.9152854578065532E-003
         198   5.7993938860546072E-003
         199   6.4598541102233306E-003
         200   5.6803448772952273E-003
         201   5.8212462221830822E-003
         202   5.3564307903989075E-003
         203   5.6308829486921659E-003
         204   5.1756012488143894E-003
         205   5.1436954583956107E-003
         206   5.1896256370168158E-003
         207   5.0274200320726417E-003
         208   4.5566183859226455E-003
         209   4.9688838905189679E-003
         210   4.7057759887085800E-003
         211   4.3577750652577969E-003
         212   4.8097335153919063E-003
         213   3.9447213754529994E-003
         214   4.6169951127749747E-003
         215   4.0253947285131394E-003
         216   4.1249800298720531E-003
         217   3.7157811071291623E-003
         218   3.6008560733554341E-003
         219   3.5187298057113214E-003
         220   3.7309999326096831E-003
         221   3.6974780978257997E-003
         222   3.6975656685401623E-003
         223   3.5041112206016991E-003
         224   3.9156448475107077E-003
         225   3.8642897791156578E-003
         226   2.7923188296270006E-003
         227   3.3679751343634245E-003
         228   3.3214988068679305E-003
         229   3.7320474208651336E-003
         230   3.5201461076167207E-003
         231   2.9703108131303923E-003
         232   3.4742080868191754E-003
         233   2.7726309978916932E-003
         234   3.2698203215628910E-003
         235   2.7108212552089789E-003
         236   3.0159981256623189E-003
         237   2.6795039426549738E-003
         238   2.9241267027993508E-003
         239   2.6910539913406238E-003
         240   2.3116284911437915E-003
         241   2.9331447135211653E-003
         242   2.0972705488132037E-003
         243   2.2550252088634972E-003
         244   2.4485494574631463E-003
         245   2.3242620522271194E-003
         246   2.3307650395159121E-003
         247   2.5588233849735088E-003
         248   2.3714611638670775E-003
         249   2.6079281650811434E-003
         250   1.9400002041990033E-003
         251   2.4902444029271183E-003
         252   1.9715334561793392E-003
         253   2.6753253986757011E-003
         254   1.7447601313961075E-003
         255   1.9753375364950998E-003
         256   1.9473081315661289E-003
         257   1.9211580662641730E-003
         258   1.5834450587010253E-003
         259   2.0084106394618008E-003
         260   1.6301195107713943E-003
         261   1.7108146202404481E-003
         262   1.6974513900430935E-003
         263   1.5817392440403760E-003
         264   1.7857597616716681E-003
         265   1.7274124637666670E-003
         266   1.4004593124783554E-003
         267   1.3115187371471964E-003
         268   1.5351405551199387E-003
         269   1.3260676874641269E-003
         270   1.5223804933941027E-003
         271   1.3605839602311715E-003
         272   1.2538844807154024E-003
         273   1.4468770876109533E-003
         274   1.1301247174080732E-003
         275   1.2061269374538538E-003
         276   1.1660974008580564E-003
         277   1.3850393177806035E-003
         278   1.1387675695811660E-003
         279   1.2632123298614111E-003
         280   1.2235423035189322E-003
         281   1.0544063068554787E-003
         282   9.9737665953132919E-004
         283   1.0198169884469961E-003
         284   1.0123808022702021E-003
         285   9.7639598079978299E-004
         286   1.2019750007361658E-003
         287   1.0009856512153740E-003
         288   8.6069422597645983E-004
         289   8.6395993772222395E-004
         290   1.0374967734834771E-003
         291   6.2714049576985571E-004
         292   7.6260164798675162E-004
         293   7.4837932916255970E-004
         294   8.2573807975279455E-004
         295   1.0204667070187606E-003
         296   8.5084337234445399E-004
         297   7.6428997492397632E-004
         298   8.4853448482171019E-004
         299   7.7172139906937819E-004
         300   7.7555038004909036E-004
         301   7.7923774527435699E-004
         302   7.6494794077495347E-004
         303   6.6541473155399145E-004
         304   7.7243634368075599E-004
         305   6.1380524085975568E-004
         306   7.1148048124583031E-004
         307   6.0583071133981932E-004
         308   6.7764375071164369E-004
         309   6.8929303980557019E-004
         310   6.5206935470651624E-004
         311   5.1662554381896408E-004
         312   6.0306783125198596E-004
         313   6.9645893648552959E-004
         314   5.7903500959740305E-004
         315   6.1525964717256602E-004
         316   5.6375034564474071E-004
         317   4.7379851664410152E-004
         318   4.9436551215975284E-004
         319   5.0660890363205240E-004
         320   6.5093483850104891E-004
         321   4.7740016792007872E-004
         322   4.4362580662576511E-004
         323   6.3884644309030727E-004
         324   4.8355106826437146E-004
         325   5.4847854632530393E-004
         326   5.2999419412785658E-004
         327   5.1940038720233025E-004
         328   4.2769911579310283E-004
         329   4.0314999290891627E-004
         330   3.8619859165418347E-004
         331   4.0562033634145901E-004
         332   3.2379604281396060E-004
         333   5.2231518006579222E-004
         334   4.0546428060922229E-004
         335   3.6045463731190709E-004
         336   3.3728040769514676E-004
         337   4.7508938137242685E-004
         338   4.1656042314878360E-004
         339   3.1758817146017602E-004
         340   3.7047787922135980E-004
         341   3.4095217989280161E-004
         342   4.1371101682250415E-004
         343   3.9774237532212497E-004
         344   2.2783879585847538E-004
         345   3.0671039076832544E-004
         346   1.7885884876124475E-004
         347   2.1733675509473782E-004
         348   4.3248043676194362E-004
         349   2.0858554418933995E-004
         350   2.9794772564931365E-004
         351   3.4132029688965863E-004
         352   2.2412995858586687E-004
         353   3.0570649178518125E-004
         354   2.0894561763412002E-004
         355   2.2026172745864616E-004
         356   2.0671353425421807E-004
         357   2.4904953462678029E-004
         358   1.3002695100933714E-004
         359   2.6475743346171217E-004
         360   2.3260924399474462E-004
         361   2.0104734625740484E-004
         362   1.9984636619532563E-004
         363   1.9878547224964763E-004
         364   2.3357920993235075E-004
         365   2.2043241267683889E-004
         366   1.8952303576438086E-004
         367   1.8257867989861641E-004
         368   1.8171603592239484E-004
         369   2.5067679850717100E-004
         370   2.6080512465491841E-004
         371   1.4415237892616601E-004
         372   1.9493289790316665E-004
         373   1.3695003417407803E-004
         374   1.6453572418772324E-004
         375   1.9761831309549798E-004
         376   1.7965396691666956E-004
         377   1.4511713512078517E-004
         378   2.0545639738242549E-004
         379   1.1054350184404510E-004
         380   1.7595846547584912E-004
         381   9.2983576161223577E-005
         382   1.5775732342607454E-004
         383   1.7321237963289368E-004
         384   1.4539169218089504E-004
         385   9.6400552211519023E-005
         386   9.0537928529491174E-005
         387   1.0066158670860485E-004
         388   1.9503470051924658E-004
         389   8.3947825830213744E-005
         390   9.9098979617154613E-005
         391   1.2973363074584204E-004
         392   8.2641962605352806E-005
         393   1.3365186349694179E-004
         394   8.6923275759568779E-005
         395   6.6126710088161065E-005
         396   1.2151405671095706E-004
         397   5.0357780036030179E-005
         398   9.5224495409497546E-005
         399   8.4831767067682120E-005
         400   9.4209467621456279E-005
         401   4.9337421181102343E-005
         402   1.1295490404935728E-004
         403   6.3557820797935507E-005
         404   6.8112812499008924E-005
         405   8.7131781198327560E-005
         406   8.1795103720244035E-005
         407   9.0994505244073131E-005
         408   1.1917581102900041E-004
         409   7.1146418827512493E-005
         410   9.4450068247608579E-005
         411   3.7595018857207247E-005
         412   6.5496231739212575E-005
         413   6.0509851683061891E-005
         414   7.8681653955366476E-005
         415   5.5316657631093736E-005
         416   6.4230228936657731E-005
         417   4.1085406629306639E-005
         418   4.5401479868590415E-005
         419   7.2320296549878118E-005
         420   4.9509042464935895E-005
         421   7.1613248174433905E-005
         422   7.5847288303114367E-005
         423   6.6528275157573617E-005
         424   4.8594422187444932E-005
         425   2.6401028430632848E-005
         426   4.8083734169886167E-005
         427   7.4044816871619769E-005
         428   3.4702185903986453E-005
         429   6.0409452294098174E-005
         430   3.8667020015081878E-005
         431   4.2785015365770631E-005
         432   5.5310128798607322E-005
         433   5.9298188596323455E-005
         434   5.0554733883726126E-005
         435   4.6170978763935378E-005
         436   3.7635184479420267E-005
         437   5.4023519412183756E-005
         438   3.3138138693170284E-005
         439   5.3542070106746983E-005
         440   4.0991534922589088E-005
         441   3.6748500704134270E-005
         442   2.8444489330914951E-005
         443   4.8535559382638566E-005
         444   2.0132429981280341E-005
         445   6.0177558741756249E-005
         446   6.3868449157806020E-005
         447   3.9753785268060555E-005
         448   7.5180990406864046E-005
         449   5.1209256021530382E-005
         450   3.9188907321019557E-005
         451   3.9054561962539358E-005
         452   2.3314474304978238E-005
         453   3.4802572914738880E-005
         454   3.4633621234932785E-005
         455   2.3004997316507972E-005
         456   2.6717260189696410E-005
         457   3.4223251384016197E-005
         458   3.0301959043783557E-005
         459   4.5240376130800524E-005
         460   3.0021684026250070E-005
         461   7.4625570636590112E-006
         462   2.6022810703096999E-005
         463   2.9627635942167476E-005
         464   2.5821332907500841E-005
         465   1.4673387451034367E-005
         466   7.3036800935196307E-006
         467   1.0918466456345378E-005
         468   1.8110885904034130E-005
         469   3.6105853588264078E-005
         470   2.8754194316303397E-005
         471   2.8629624512181752E-005
         472   1.4257750624799184E-005
         473   2.1301505744323453E-005
         474   2.8252073442775024E-005
         475   7.0325006677595590E-006
         476   1.4016905998217524E-005
         477   4.1920096608207374E-005
         478   3.4779110071063581E-006
         479   2.0764007655555141E-005
         480   2.4114266974550933E-005
         481   1.0288184783572540E-005
         482   2.0501654668882841E-005
         483   3.3997126274100431E-006
         484   2.0327259158555581E-005
         485   2.0241467675482327E-005
         486   2.0169175758663997E-005
         487   1.3386992624096629E-005
         488   0.0000000000000000E+000
         489   1.6591507509332354E-005
         490   2.3159736105185740E-005
         491   1.9751169526114586E-005
         492   2.9529600114841960E-005
         493   9.7925250647347775E-006
         494   2.2772738485978300E-005
         495   9.7339233754259219E-006
         496   2.5828242978263632E-005
         497   0.0000000000000000E+000
         498   1.2807098578742913E-005
         499   3.8295234431559728E-005
         500   1.2711327554242918E-005
         501   2.8469636414657201E-005
         502   3.1459966341651108E-006
         503   9.4136735994757918E-006
         504   3.1252760780921866E-006
         505   9.3444071937876881E-006
         506   1.8613788172640170E-005
         507   3.0923927882638854E-006
         508   3.0808859623159273E-006
         509   3.0671935815627106E-006
         510   1.2214393964409496E-005
         511   1.8249129426007761E-005
         512   6.0563016880412489E-006
         513   1.8118708539965359E-005
         514   6.0130696291584222E-006
         515   1.4978188749968234E-005
         516   0.0000000000000000E+000
         517   2.9735333304310470E-006
         518   2.9567784876991967E-006
         519   5.8994652931989522E-006
         520   2.9427223338794407E-006
         521   5.8476068010759349E-006
         522   1.4583272658766771E-005
         523   2.3228426799478739E-005
         524   1.1571402839605477E-005
         525   5.7657909556627493E-006
         526   8.6024976046155528E-006
         527   2.8638695670744869E-006
         528   2.8450831176225321E-006
         529   2.2694931776810555E-005
         530   1.6962446550187670E-005
         531   8.4427248480560617E-006
         532   8.4253416896647349E-006
         533   2.2380711113765521E-005
         534   8.3601303428380713E-006
         535   1.1099008923297900E-005
         536   8.3024991957662627E-006
         537   1.9292525055753949E-005
         538   5.4900658105740863E-006
         539   1.6417410364127315E-005
         540   2.7236453710282841E-006
         541   5.4278832066745656E-006
         542   1.3509404866474275E-005
         543   1.0779312195672457E-005
         544   8.0665262091581752E-006
         545   5.3472752094238441E-006
         546   7.9880224312390820E-006
         547   1.0620142884580873E-005
         548   5.2858135459396075E-006
         549   7.8964212041760403E-006
         550   7.8801402043710105E-006
         551   2.6135549979777441E-006
         552   7.8220843716005000E-006
         553   1.0390275329393779E-005
         554   0.0000000000000000E+000
         555   5.1603783720017606E-006
         556   1.0273046165107093E-005
         557   0.0000000000000000E+000
         558   2.5482822443354053E-006
         559   1.0163436590433322E-005
         560   5.0633347249210150E-006
         561   5.0488719724328631E-006
         562   2.5147578510730597E-006
         563   1.2524420099390031E-005
         564   4.9939767644961639E-006
         565   4.9787587523167767E-006
         566   2.4817091470467746E-006
         567   4.9404306059290377E-006
         568   2.4659837375957339E-006
         569   0.0000000000000000E+000
         570   2.4460444634915044E-006
         571   0.0000000000000000E+000
         572   4.8547026503331046E-006
         573   7.2561199788337770E-006
         574   1.6877048171543087E-005
         575   0.0000000000000000E+000
         576   7.1861988139072483E-006
         577   4.7744299380868348E-006
         578   2.3808373382812415E-006
         579   4.7372732721870579E-006
         580   0.0000000000000000E+000
         581   2.3542564844250159E-006
         582   7.0412453468215453E-006
         583   7.0152694731778110E-006
         584   2.3255932845088199E-006
         585   2.3191674682525419E-006
         586   0.0000000000000000E+000
         587   0.0000000000000000E+000
         588   4.5986644295734254E-006
         589   2.2880676244604044E-006
         590   0.0000000000000000E+000
         591   0.0000000000000000E+000
         592   4.5327379744254508E-006
         593   0.0000000000000000E+000
         594   0.0000000000000000E+000
         595   2.2433003497635990E-006
         596   2.2364847460329467E-006
         597   0.0000000000000000E+000
         598   0.0000000000000000E+000
         599   0.0000000000000000E+000
         600   0.0000000000000000E+000
         601   4.3991184500015786E-006
         602   0.0000000000000000E+000
         603   4.3656372284618957E-006
         604   0.0000000000000000E+000
         605   2.1694217751259388E-006
         606   0.0000000000000000E+000
         607   8.6259400285414504E-006
         608   0.0000000000000000E+000
         609   0.0000000000000000E+000
         610   2.1380494660341432E-006
         611   2.1311538768137492E-006
         612   0.0000000000000000E+000
         613   2.1167899702032100E-006
         614   2.1064218512886896E-006
         615   0.0000000000000000E+000
         616   0.0000000000000000E+000
         617   0.0000000000000000E+000
         618   0.0000000000000000E+000
         619   2.0711164891403232E-006
         620   2.0650876821677743E-006
         621   2.0601206728100786E-006
         622   8.2094416595078608E-006
         623   0.0000000000000000E+000
         624   0.0000000000000000E+000
         625   0.0000000000000000E+000
         626   2.0273951998741324E-006
         627   0.0000000000000000E+000
         628   0.0000000000000000E+000
         629   0.0000000000000000E+000
         630   2.0039373633004838E-006
         631   1.9957039733013893E-006
         632   0.0000000000000000E+000
         633   0.0000000000000000E+000
         634   0.0000000000000000E+000
         635   1.9708406883099934E-006
         636   0.0000000000000000E+000
         637   0.0000000000000000E+000
         638   0.0000000000000000E+000
         639   0.0000000000000000E+000
         640   0.0000000000000000E+000
         641   0.0000000000000000E+000
         642   0.0000000000000000E+000
         643   0.0000000000000000E+000
         644   1.9159951465795106E-006
         645   0.0000000000000000E+000
         646   0.0000000000000000E+000
         647   0.0000000000000000E+000
         648   0.0000000000000000E+000
         649   0.0000000000000000E+000
         650   0.0000000000000000E+000
         651   0.0000000000000000E+000
         652   0.0000000000000000E+000
         653   1.8613532838183930E-006
         654   5.5794295411953510E-006
         655   0.0000000000000000E+000
         656   0.0000000000000000E+000
         657   0.0000000000000000E+000
         658   0.0000000000000000E+000
         659   0.0000000000000000E+000
         660   0.0000000000000000E+000
         661   0.0000000000000000E+000
         662   0.0000000000000000E+000
         663   0.0000000000000000E+000
         664   1.8010294129931264E-006
         665   0.0000000000000000E+000
         666   0.0000000000000000E+000
         667   0.0000000000000000E+000
         668   0.0000000000000000E+000
         669   0.0000000000000000E+000
         670   0.0000000000000000E+000
         671   0.0000000000000000E+000
         672   0.0000000000000000E+000
         673   0.0000000000000000E+000
         674   0.0000000000000000E+000
         675   0.0000000000000000E+000
         676   0.0000000000000000E+000
         677   0.0000000000000000E+000
         678   0.0000000000000000E+000
         679   0.0000000000000000E+000
         680   0.0000000000000000E+000
         681   0.0000000000000000E+000
         682   0.0000000000000000E+000
         683   0.0000000000000000E+000
         684   0.0000000000000000E+000
         685   0.0000000000000000E+000
         686   0.0000000000000000E+000
         687   0.0000000000000000E+000
         688   0.0000000000000000E+000
         689   0.0000000000000000E+000
         690   0.0000000000000000E+000
         691   0.0000000000000000E+000
         692   0.0000000000000000E+000
         693   0.0000000000000000E+000
         694   0.0000000000000000E+000
         695   0.0000000000000000E+000
         696   0.0000000000000000E+000
         697   0.0000000000000000E+000
         698   0.0000000000000000E+000
         699   0.0000000000000000E+000
         700   0.0000000000000000E+000
         701   0.0000000000000000E+000
         702   0.0000000000000000E+000
         703   0.0000000000000000E+000
         704   0.0000000000000000E+000
         705   0.0000000000000000E+000
         706   0.0000000000000000E+000
         707   0.0000000000000000E+000
         708   0.0000000000000000E+000
         709   0.0000000000000000E+000
         710   0.0000000000000000E+000
         711   0.0000000000000000E+000
         712   0.0000000000000000E+000
         713   0.0000000000000000E+000
         714   0.0000000000000000E+000
         715   0.0000000000000000E+000
         716   0.0000000000000000E+000
         717   0.0000000000000000E+000
         718   0.0000000000000000E+000
         719   0.0000000000000000E+000
         720   0.0000000000000000E+000
         721   0.0000000000000000E+000
         722   0.0000000000000000E+000
         723   0.0000000000000000E+000
         724   0.0000000000000000E+000
         725   0.0000000000000000E+000
         726   0.0000000000000000E+000
         727   0.0000000000000000E+000
         728   0.0000000000000000E+000
         729   0.0000000000000000E+000
         730   0.0000000000000000E+000
         731   0.0000000000000000E+000
         732   0.0000000000000000E+000
         733   0.0000000000000000E+000
         734   0.0000000000000000E+000
         735   0.0000000000000000E+000
         736   0.0000000000000000E+000
         737   0.0000000000000000E+000
         738   0.0000000000000000E+000
         739   0.0000000000000000E+000
         740   0.0000000000000000E+000
         741   0.0000000000000000E+000
         742   0.0000000000000000E+000
         743   0.0000000000000000E+000
         744   0.0000000000000000E+000
         745   0.0000000000000000E+000
         746   0.0000000000000000E+000
         747   0.0000000000000000E+000
         748   0.0000000000000000E+000
         749   0.0000000000000000E+000
         750   0.0000000000000000E+000
         751   0.0000000000000000E+000
         752   0.0000000000000000E+000
         753   0.0000000000000000E+000
         754   0.0000000000000000E+000
         755   0.0000000000000000E+000
         756   0.0000000000000000E+000
         757   0.0000000000000000E+000
         758   0.0000000000000000E+000
         759   0.0000000000000000E+000
         760   0.0000000000000000E+000
         761   0.0000000000000000E+000
         762   0.0000000000000000E+000
         763   0.0000000000000000E+000
         764   0.0000000000000000E+000
         765   0.0000000000000000E+000
         766   0.0000000000000000E+000
         767   0.0000000000000000E+000
         768   0.0000000000000000E+000
         769   0.0000000000000000E+000
         770   0.0000000000000000E+000
         771   0.0000000000000000E+000
         772   0.0000000000000000E+000
         773   0.0000000000000000E+000
         774   0.0000000000000000E+000
         775   0.0000000000000000E+000
         776   0.0000000000000000E+000
         777   0.0000000000000000E+000
         778   0.0000000000000000E+000
         779   0.0000000000000000E+000
         780   0.0000000000000000E+000
         781   0.0000000000000000E+000
         782   0.0000000000000000E+000
         783   0.0000000000000000E+000
         784   0.0000000000000000E+000
         785   0.0000000000000000E+000
         786   0.0000000000000000E+000
         787   0.0000000000000000E+000
         788   0.0000000000000000E+000
         789   0.0000000000000000E+000
         790   0.0000000000000000E+000
         791   0.0000000000000000E+000
         792   0.0000000000000000E+000
         793   0.0000000000000000E+000
         794   0.0000000000000000E+000
         795   0.0000000000000000E+000
         796   0.0000000000000000E+000
         797   0.0000000000000000E+000
         798   0.0000000000000000E+000
         799   0.0000000000000000E+000
         800   0.0000000000000000E+000
         801   0.0000000000000000E+000
         802   0.0000000000000000E+000
         803   0.0000000000000000E+000
         804   0.0000000000000000E+000
         805   0.0000000000000000E+000
         806   0.0000000000000000E+000
         807   0.0000000000000000E+000
         808   0.0000000000000000E+000
         809   0.0000000000000000E+000
         810   0.0000000000000000E+000
         811   0.0000000000000000E+000
         812   0.0000000000000000E+000
         813   0.0000000000000000E+000
         814   0.0000000000000000E+000
         815   0.0000000000000000E+000
         816   0.0000000000000000E+000
         817   0.0000000000000000E+000
         818   0.0000000000000000E+000
         819   0.0000000000000000E+000
         820   0.0000000000000000E+000
         821   0.0000000000000000E+000
         822   0.0000000000000000E+000
         823   0.0000000000000000E+000
         824   0.0000000000000000E+000
         825   0.0000000000000000E+000
         826   0.0000000000000000E+000
         827   0.0000000000000000E+000
         828   0.0000000000000000E+000
         829   0.0000000000000000E+000
         830   0.0000000000000000E+000
         831   0.0000000000000000E+000
         832   0.0000000000000000E+000
         833   0.0000000000000000E+000
         834   0.0000000000000000E+000
         835   0.0000000000000000E+000
         836   0.0000000000000000E+000
         837   0.0000000000000000E+000
         838   0.0000000000000000E+000
         839   0.0000000000000000E+000
         840   0.0000000000000000E+000
         841   0.0000000000000000E+000
         842   0.0000000000000000E+000
         843   0.0000000000000000E+000
         844   0.0000000000000000E+000
         845   0.0000000000000000E+000
         846   0.0000000000000000E+000
         847   0.0000000000000000E+000
         848   0.0000000000000000E+000
         849   0.0000000000000000E+000
         850   0.0000000000000000E+000
         851   0.0000000000000000E+000
         852   0.0000000000000000E+000
         853   0.0000000000000000E+000
         854   0.0000000000000000E+000
         855   0.0000000000000000E+000
         856   0.0000000000000000E+000
         857   0.0000000000000000E+000
         858   0.0000000000000000E+000
         859   0.0000000000000000E+000
         860   0.0000000000000000E+000
         861   0.0000000000000000E+000
         862   0.0000000000000000E+000
         863   0.0000000000000000E+000
         864   0.0000000000000000E+000
         865   0.0000000000000000E+000
         866   0.0000000000000000E+000
         867   0.0000000000000000E+000
         868   0.0000000000000000E+000
         869   0.0000000000000000E+000
         870   0.0000000000000000E+000
         871   0.0000000000000000E+000
         872   0.0000000000000000E+000
         873   0.0000000000000000E+000
         874   0.0000000000000000E+000
         875   0.0000000000000000E+000
         876   0.0000000000000000E+000
         877   0.0000000000000000E+000
         878   0.0000000000000000E+000
         879   0.0000000000000000E+000
         880   0.0000000000000000E+000
         881   0.0000000000000000E+000
         882   0.0000000000000000E+000
         883   0.0000000000000000E+000
         884   0.0000000000000000E+000
         885   0.0000000000000000E+000
         886   0.0000000000000000E+000
         887   0.0000000000000000E+000
         888   0.0000000000000000E+000
         889   0.0000000000000000E+000
         890   0.0000000000000000E+000
         891   0.0000000000000000E+000
         892   0.0000000000000000E+000
         893   0.0000000000000000E+000
         894   0.0000000000000000E+000
         895   0.0000000000000000E+000
         896   0.0000000000000000E+000
         897   0.0000000000000000E+000
         898   0.0000000000000000E+000
         899   0.0000000000000000E+000
         900   0.0000000000000000E+000
         901   0.0000000000000000E+000
         902   0.0000000000000000E+000
         903   0.0000000000000000E+000
         904   0.0000000000000000E+000
         905   0.0000000000000000E+000
         906   0.0000000000000000E+000
         907   0.0000000000000000E+000
         908   0.0000000000000000E+000
         909   0.0000000000000000E+000
         910   0.0000000000000000E+000
         911   0.0000000000000000E+000
         912   0.0000000000000000E+000
         913   0.0000000000000000E+000
         914   0.0000000000000000E+000
         915   0.0000000000000000E+000
         916   0.0000000000000000E+000
         917   0.0000000000000000E+000
         918   0.0000000000000000E+000
         919   0.0000000000000000E+000
         920   0.0000000000000000E+000
         921   0.0000000000000000E+000
         922   0.0000000000000000E+000
         923   0.0000000000000000E+000
         924   0.0000000000000000E+000
         925   0.0000000000000000E+000
         926   0.0000000000000000E+000
         927   0.0000000000000000E+000
         928   0.0000000000000000E+000
         929   0.0000000000000000E+000
         930   0.0000000000000000E+000
         931   0.0000000000000000E+000
         932   0.0000000000000000E+000
         933   0.0000000000000000E+000
         934   0.0000000000000000E+000
         935   0.0000000000000000E+000
         936   0.0000000000000000E+000
         937   0.0000000000000000E+000
         938   0.0000000000000000E+000
         939   0.0000000000000000E+000
         940   0.0000000000000000E+000
         941   0.0000000000000000E+000
         942   0.0000000000000000E+000
         943   0.0000000000000000E+000
         944   0.0000000000000000E+000
         945   0.0000000000000000E+000
         946   0.0000000000000000E+000
         947   0.0000000000000000E+000
         948   0.0000000000000000E+000
         949   0.0000000000000000E+000
         950   0.0000000000000000E+000
         951   0.0000000000000000E+000
         952   0.0000000000000000E+000
         953   0.0000000000000000E+000
         954   0.0000000000000000E+000
         955   0.0000000000000000E+000
         956   0.0000000000000000E+000
         957   0.0000000000000000E+000
         958   0.0000000000000000E+000
         959   0.0000000000000000E+000
         960   0.0000000000000000E+000
         961   0.0000000000000000E+000
         962   0.0000000000000000E+000
         963   0.0000000000000000E+000
         964   0.0000000000000000E+000
         965   0.0000000000000000E+000
         966   0.0000000000000000E+000
         967   0.0000000000000000E+000
         968   0.0000000000000000E+000
         969   0.0000000000000000E+000
         970   0.0000000000000000E+000
         971   0.0000000000000000E+000
         972   0.0000000000000000E+000
         973   0.0000000000000000E+000
         974   0.0000000000000000E+000
         975   0.0000000000000000E+000
         976   0.0000000000000000E+000
         977   0.0000000000000000E+000
         978   0.0000000000000000E+000
         979   0.0000000000000000E+000
         980   0.0000000000000000E+000
         981   0.0000000000000000E+000
         982   0.0000000000000000E+000
         983   0.0000000000000000E+000
         984   0.0000000000000000E+000
         985   0.0000000000000000E+000
         986   0.0000000000000000E+000
         987   0.0000000000000000E+000
         988   0.0000000000000000E+000
         989   0.0000000000000000E+000
         990   0.0000000000000000E+000
         991   0.0000000000000000E+000
         992   0.0000000000000000E+000
         993   0.0000000000000000E+000
         994   0.0000000000000000E+000
         995   0.0000000000000000E+000
         996   0.0000000000000000E+000
         997   0.0000000000000000E+000
         998   0.0000000000000000E+000
         999   0.0000000000000000E+000
        1000   0.0000000000000000E+000
