           1   0.0000000000000000E+000
           2   0.0000000000000000E+000
           3   0.0000000000000000E+000
           4   7.4731830323853110E-002
           5  0.11875703010018737     
           6   7.0001371595582590E-002
           7  0.24531312330919497     
           8   7.7678728425305793E-002
           9  0.10535641633953508     
          10  0.16678047538671723     
          11  0.13353595539995447     
          12   9.4764472317990373E-002
          13  0.10355353024663921     
          14  0.15287403306779698     
          15  0.20457896422106939     
          16  0.16196771264504012     
          17  0.12718443949769204     
          18   9.7409787451704463E-002
          19   9.7145495550456692E-002
          20  0.14072930940225106     
          21  0.10350065055486526     
          22  0.11169301443098748     
          23  0.14855021942384758     
          24   9.8480386819540286E-002
          25  0.11486712817145711     
          26  0.10259813261310943     
          27  0.10537763822892557     
          28  0.11030955138730651     
          29  0.10758419690950834     
          30  0.10342012220280508     
          31   8.9181032547806571E-002
          32   9.3686438163893812E-002
          33   9.9440543641354184E-002
          34  0.12960767003747761     
          35   9.7821416143211243E-002
          36   8.8276279047846254E-002
          37   9.4569957992332698E-002
          38   9.7050692598726715E-002
          39   8.8151070606494547E-002
          40   9.8872687986976446E-002
          41   9.6670188605232160E-002
          42   8.9922323099890747E-002
          43   9.1198923534340920E-002
          44   8.6700856306752144E-002
          45   8.6427983455500873E-002
          46   9.3894560870437710E-002
          47   9.8824070993707214E-002
          48   7.3053040599943761E-002
          49   7.5094937394315456E-002
          50   8.7174002111334761E-002
          51   7.8289804827233883E-002
          52   9.0650008587610117E-002
          53   7.4248053595362809E-002
          54   7.3993198994148829E-002
          55   6.6586421473996113E-002
          56   7.1995527327032210E-002
          57   7.4400747917353433E-002
          58   6.6951734508593194E-002
          59   7.2571547549956400E-002
          60   6.8420790139975526E-002
          61   6.6485405397489761E-002
          62   6.7252949563340839E-002
          63   6.2213947375908511E-002
          64   6.2749897765509446E-002
          65   5.7697879278107114E-002
          66   5.8859967327016476E-002
          67   6.1615752526901227E-002
          68   5.7812200518069796E-002
          69   5.7206112543365301E-002
          70   5.6368313887907695E-002
          71   5.3954279799312083E-002
          72   5.6492301026905022E-002
          73   6.1546289263870839E-002
          74   5.8610088324271080E-002
          75   5.8900244733464460E-002
          76   4.9916716760444971E-002
          77   5.3416985468006863E-002
          78   4.7915315336837655E-002
          79   4.8473431091852107E-002
          80   4.7165682717198495E-002
          81   4.6007740835464730E-002
          82   5.2507016066950046E-002
          83   4.4145543832385038E-002
          84   4.4690443546169592E-002
          85   4.3569600661418989E-002
          86   4.3307105691361023E-002
          87   4.9586532727539219E-002
          88   4.0135464788407224E-002
          89   4.2881347289461358E-002
          90   4.3143619702612823E-002
          91   4.2875303062789943E-002
          92   3.7671244592022597E-002
          93   4.0767030873058926E-002
          94   3.8411332070896455E-002
          95   3.7701153353529873E-002
          96   3.5642672295841032E-002
          97   3.7325986154515330E-002
          98   3.6351380354388146E-002
          99   3.7894493358594440E-002
         100   3.8517390520608631E-002
         101   3.7695890559614566E-002
         102   3.3474284678293921E-002
         103   3.3651806448336354E-002
         104   3.3094065823491621E-002
         105   3.3377074680383173E-002
         106   3.2771787584328887E-002
         107   3.2504088363930712E-002
         108   3.1692143172715716E-002
         109   3.0923381307670701E-002
         110   3.0058859746898602E-002
         111   2.9523044596527895E-002
         112   2.8233014916132924E-002
         113   2.7500806094898793E-002
         114   2.5315057172027203E-002
         115   2.6785609655556309E-002
         116   2.3743810878810303E-002
         117   2.8926903863702745E-002
         118   2.6232286575020875E-002
         119   2.3076883739383644E-002
         120   2.5374903344379116E-002
         121   2.6300329641201752E-002
         122   2.3278455008925725E-002
         123   2.2019431744681225E-002
         124   2.2943028416565085E-002
         125   2.3545679184051677E-002
         126   2.3024790739772403E-002
         127   2.2655899061376012E-002
         128   2.2406586625736944E-002
         129   2.3963978489950997E-002
         130   2.0093347276683923E-002
         131   2.2312845751850319E-002
         132   2.2994197933859883E-002
         133   2.2279545482046883E-002
         134   1.9522545849336315E-002
         135   2.0592137726676028E-002
         136   2.1527550205175813E-002
         137   1.7805654985098469E-002
         138   1.7920387959420706E-002
         139   1.9952124011037020E-002
         140   1.9519990051819803E-002
         141   1.7957086714943143E-002
         142   1.6067716518039454E-002
         143   1.8778594328710867E-002
         144   1.8628746250580270E-002
         145   1.7820357233751378E-002
         146   1.7983499705606597E-002
         147   1.4267542705814132E-002
         148   1.6425108016648909E-002
         149   1.6880367241006521E-002
         150   1.7040947579795709E-002
         151   1.4910750492410760E-002
         152   1.4611320827200862E-002
         153   1.3169801065415475E-002
         154   1.3464746315359910E-002
         155   1.4510557197557178E-002
         156   1.3580532069394956E-002
         157   1.4145341375560269E-002
         158   1.3556486858149346E-002
         159   1.2639562468740116E-002
         160   1.4606967729252764E-002
         161   1.2872734173127540E-002
         162   1.2598083491800647E-002
         163   1.2710659646273458E-002
         164   1.4208442575418577E-002
         165   1.2200896677649941E-002
         166   1.1567100872625994E-002
         167   1.0949201307852856E-002
         168   1.1071347935190351E-002
         169   1.0665954543303567E-002
         170   1.1880739503777256E-002
         171   1.0825477409290950E-002
         172   1.0165242128804252E-002
         173   1.0894086414179287E-002
         174   1.0769125032190378E-002
         175   1.0487750009240633E-002
         176   9.6819355381893395E-003
         177   9.8259509490084516E-003
         178   9.6911114511649687E-003
         179   1.0843473527960650E-002
         180   8.6953709439778221E-003
         181   9.0371149911696799E-003
         182   1.0107353661350753E-002
         183   7.7500367799822299E-003
         184   8.0159665561011541E-003
         185   8.2131846373752378E-003
         186   8.8536709439620935E-003
         187   8.0817147111983175E-003
         188   8.1533651235362881E-003
         189   8.0192574756869171E-003
         190   7.6297301675816486E-003
         191   6.8135975685384605E-003
         192   7.5162360716345151E-003
         193   7.2491332184694774E-003
         194   6.9209889837494546E-003
         195   8.4113292104734325E-003
         196   6.9683483638690322E-003
         197   7.3022285739031178E-003
         198   6.7039331959933245E-003
         199   6.7411447107723742E-003
         200   5.9383888432025800E-003
         201   6.5463105719885811E-003
         202   6.4435325927402120E-003
         203   6.0704783385576947E-003
         204   5.9756166638388359E-003
         205   6.6302511116100435E-003
         206   5.3012737194211628E-003
         207   5.6736815018867161E-003
         208   5.7296585371688800E-003
         209   5.8752158152831340E-003
         210   5.4776134933664103E-003
         211   5.7971444845496684E-003
         212   5.2327634701353903E-003
         213   5.0264397751749569E-003
         214   4.6352279588523625E-003
         215   5.6389909409573120E-003
         216   4.9736039702040942E-003
         217   4.9799305915750958E-003
         218   4.6505799194729979E-003
         219   5.2197798650326357E-003
         220   4.2891892605731825E-003
         221   5.1424947662358144E-003
         222   4.5321814400026417E-003
         223   4.5233762334998505E-003
         224   5.0376342508111323E-003
         225   4.1473703080245521E-003
         226   3.5676600065679014E-003
         227   3.9519511083338796E-003
         228   4.0375847329375833E-003
         229   4.1695852256790943E-003
         230   4.3135669242203127E-003
         231   3.6832661979617968E-003
         232   3.5327339981631174E-003
         233   3.4004203020131735E-003
         234   3.8648994789168747E-003
         235   3.7586557915455059E-003
         236   3.1733773426440952E-003
         237   3.9919141651170130E-003
         238   3.4144066810055398E-003
         239   3.0794810062676715E-003
         240   3.1509292823633057E-003
         241   3.5063966858282667E-003
         242   2.8695474377980097E-003
         243   3.3154355347237985E-003
         244   3.0080807968048515E-003
         245   2.4824905960943336E-003
         246   2.7629678214550727E-003
         247   3.1192084422303526E-003
         248   2.9124854990029980E-003
         249   2.7219850890843004E-003
         250   2.9422656568953158E-003
         251   2.5413689683249090E-003
         252   3.0454451282130209E-003
         253   2.6252964114061319E-003
         254   2.3709342205798863E-003
         255   2.4504614328480665E-003
         256   2.6370742464554512E-003
         257   2.2923531823116840E-003
         258   2.3095571144116579E-003
         259   2.4707354047798879E-003
         260   2.4151640719228310E-003
         261   2.4090728816865614E-003
         262   2.2180051969114571E-003
         263   2.4061173755207123E-003
         264   2.0816561311112862E-003
         265   1.8516699212896882E-003
         266   1.8603643758844282E-003
         267   2.2027493822910499E-003
         268   1.9433189149702711E-003
         269   1.9506081259212256E-003
         270   2.1538284956438797E-003
         271   1.9964999283813736E-003
         272   2.0994862540634996E-003
         273   1.7870294056250870E-003
         274   2.0487509383469347E-003
         275   1.9708184948209616E-003
         276   1.8737137274333017E-003
         277   1.9013672009558036E-003
         278   1.5803923127518582E-003
         279   1.9047290611481150E-003
         280   1.7390094874735029E-003
         281   1.7878749381313151E-003
         282   1.8349183825947569E-003
         283   1.5242915958057364E-003
         284   1.7801563618899004E-003
         285   1.6599966744708994E-003
         286   1.6579795686253328E-003
         287   1.5022524502786268E-003
         288   1.4724330746261659E-003
         289   1.3393898852408948E-003
         290   1.5653636072735125E-003
         291   1.5547480361030833E-003
         292   1.3300876960156572E-003
         293   1.4684452740466930E-003
         294   1.4309121656882104E-003
         295   1.3213272257094053E-003
         296   1.1407100012690227E-003
         297   1.3398576556309843E-003
         298   1.1695082569984677E-003
         299   1.2772842118613952E-003
         300   1.1806279463191509E-003
         301   1.1205033401394220E-003
         302   8.3504166554328554E-004
         303   9.1617393230627845E-004
         304   1.0217886177800786E-003
         305   1.2194137036843366E-003
         306   1.1859024893305344E-003
         307   1.1614464631848908E-003
         308   1.0033122036740769E-003
         309   1.0216727546983014E-003
         310   8.5843111437512720E-004
         311   9.8412113830494640E-004
         312   9.1268748657082380E-004
         313   9.9615114405168575E-004
         314   8.7663008341474125E-004
         315   8.6340045094090133E-004
         316   9.5333337287543019E-004
         317   9.0029318236623012E-004
         318   8.3144544176611088E-004
         319   8.2637505494358935E-004
         320   7.6698072417446183E-004
         321   7.6994537960281930E-004
         322   9.2596496606003637E-004
         323   6.9937667009884006E-004
         324   7.5577836513687747E-004
         325   6.8364742061750600E-004
         326   8.1355154157488827E-004
         327   7.1214131905079382E-004
         328   6.4874492253822922E-004
         329   7.8403305237770651E-004
         330   6.9244625988310743E-004
         331   6.7381772176073609E-004
         332   6.0477882491730855E-004
         333   6.5114722281535105E-004
         334   5.5469468101091205E-004
         335   6.0802683504280022E-004
         336   6.3277558140006831E-004
         337   7.4751100603373402E-004
         338   6.0429270878794683E-004
         339   6.0761675137067006E-004
         340   5.8334956344371284E-004
         341   5.0491233937895424E-004
         342   5.2226031864917061E-004
         343   4.1160945960344965E-004
         344   4.8282578271011042E-004
         345   5.5317882025745612E-004
         346   4.8386161430578488E-004
         347   4.2837011579799627E-004
         348   5.2424663889689667E-004
         349   5.5379337591455753E-004
         350   5.8308785630349158E-004
         351   5.2159798430405130E-004
         352   4.3553086922667691E-004
         353   4.3936644487016784E-004
         354   4.6865980293079061E-004
         355   3.7148960112239244E-004
         356   2.8802908169383868E-004
         357   4.2344953339299585E-004
         358   4.0249137391519275E-004
         359   3.2643136275300718E-004
         360   3.3683406596938311E-004
         361   3.9577326448244477E-004
         362   3.0884503500288636E-004
         363   2.9523512328998339E-004
         364   3.6524598326834564E-004
         365   4.1091708274061304E-004
         366   4.1475451658604638E-004
         367   4.8913806464018304E-004
         368   4.1007671256276134E-004
         369   3.3229772948286599E-004
         370   3.9999258345518478E-004
         371   3.2280237940681929E-004
         372   3.7284954912510549E-004
         373   3.1385936402217264E-004
         374   2.6094444505729027E-004
         375   3.2738739898795005E-004
         376   3.0319211890911539E-004
         377   2.8471396997839580E-004
         378   3.3335642033855138E-004
         379   2.7624388894129006E-004
         380   2.8022472506625083E-004
         381   3.7159324355116061E-004
         382   1.9572090833892852E-004
         383   2.8137890821272485E-004
         384   2.9073787149833395E-004
         385   2.3577734866629300E-004
         386   1.9706255430432647E-004
         387   2.7042166644755433E-004
         388   2.8463895767132807E-004
         389   2.3079516312237694E-004
         390   2.3483204321427548E-004
         391   2.0768517420307958E-004
         392   2.8928703544038055E-004
         393   2.7245895153595013E-004
         394   2.0456704363424466E-004
         395   2.4921383984346525E-004
         396   2.4298226556034646E-004
         397   2.2158168655427482E-004
         398   2.1553062127313072E-004
         399   1.3963148906701836E-004
         400   1.9335752163679982E-004
         401   1.3822044624054263E-004
         402   2.2109611583871622E-004
         403   1.4653316080789805E-004
         404   1.2644634997691846E-004
         405   1.9360704525038760E-004
         406   2.3595752924347827E-004
         407   1.2466693974908771E-004
         408   2.2896884403022074E-004
         409   1.6600468926849417E-004
         410   1.5111243746396397E-004
         411   2.1144260074405999E-004
         412   1.4492440571618786E-004
         413   1.3958643110332706E-004
         414   1.5289290070715720E-004
         415   1.3365992687340347E-004
         416   1.6064616805887269E-004
         417   1.6887047486201825E-004
         418   9.5365419844624716E-005
         419   2.2603479964529528E-004
         420   8.5528905560595408E-005
         421   2.0598323739203991E-004
         422   1.4259440272940677E-004
         423   1.6415011854265232E-004
         424   1.5008484734318562E-004
         425   1.3184777131761269E-004
         426   1.3115741358734302E-004
         427   9.5812183801664437E-005
         428   1.9510921827263505E-004
         429   9.9238168096444575E-005
         430   1.0304142640806616E-004
         431   8.1211828807859087E-005
         432   1.4462267588719678E-004
         433   1.1434998465279359E-004
         434   8.8512356714083695E-005
         435   1.0494095926635658E-004
         436   1.0854194214336636E-004
         437   1.0395516010833736E-004
         438   1.1584034801163314E-004
         439   1.6066072478771823E-004
         440   8.6115686955802652E-005
         441   5.3066980559717187E-005
         442   8.1267696864391963E-005
         443   5.6668081814521819E-005
         444   9.2589589218393739E-005
         445   1.0427215697277029E-004
         446   5.9866696177039301E-005
         447   5.9633944062852988E-005
         448   1.0287102959262018E-004
         449   1.0634831131332067E-004
         450   1.0193921123792913E-004
         451   5.0730800028238424E-005
         452   5.8340488178859926E-005
         453   7.7363726277240128E-005
         454   4.6234279627845162E-005
         455   2.6841818062823523E-005
         456   5.3507765148410751E-005
         457   7.5986309859700602E-005
         458   5.2995347175109424E-005
         459   9.0427511987566973E-005
         460   1.0506644591910713E-004
         461   5.9790133215213954E-005
         462   3.7215823583735263E-005
         463   5.1861643303017522E-005
         464   4.7953838261636997E-005
         465   4.4072095005586502E-005
         466   9.1440441321425061E-005
         467   7.6430066895280316E-005
         468   6.5248234273588873E-005
         469   6.8611736876946991E-005
         470   4.6730355575437212E-005
         471   4.2932095843699888E-005
         472   7.4856465330228346E-005
         473   4.9697916859833236E-005
         474   4.5931168252358468E-005
         475   7.0375220900623344E-005
         476   4.2047096590033266E-005
         477   5.9322761625483220E-005
         478   6.2542695757239919E-005
         479   4.1532662769573010E-005
         480   6.2058583626366793E-005
         481   5.4954929193903030E-005
         482   6.8361162905478310E-005
         483   4.4274219300135177E-005
         484   3.3913187518902782E-005
         485   5.4041362461867839E-005
         486   6.0541999514385268E-005
         487   4.3531066269510645E-005
         488   4.6694738648298360E-005
         489   2.6568244203057468E-005
         490   2.9748851873233613E-005
         491   2.6339108650530142E-005
         492   5.5734926319833812E-005
         493   5.2298372748932950E-005
         494   7.1616925084793084E-005
         495   4.8615971829224870E-005
         496   2.9074778359561147E-005
         497   6.4307299070756542E-005
         498   5.1258053969309378E-005
         499   3.5082369627275667E-005
         500   3.1770420390514340E-005
         501   3.1638041668417188E-005
         502   4.0988054330835242E-005
         503   3.4507353541031344E-005
         504   2.1891020370220899E-005
         505   1.8668463722967579E-005
         506   1.5503832632162948E-005
         507   2.7812216329113911E-005
         508   3.3846896142294690E-005
         509   2.4543181787266523E-005
         510   4.5802597209207983E-005
         511   3.0418060199654776E-005
         512   3.6347521819086086E-005
         513   3.6241802106741853E-005
         514   3.9075202251363174E-005
         515   2.3946294304359119E-005
         516   8.9457766375314562E-006
         517   2.6750953757934673E-005
         518   3.2567968145857593E-005
         519   2.3577244640704956E-005
         520   3.2280061814314446E-005
         521   2.6345064980576281E-005
         522   1.7504701637422896E-005
         523   2.3240079188326965E-005
         524   2.8916542081475928E-005
         525   1.4398455760639042E-005
         526   1.4354681206984159E-005
         527   3.1459766425798909E-005
         528   2.8488975684377569E-005
         529   1.9875975984266314E-005
         530   1.4129415746463341E-005
         531   3.6623135076767735E-005
         532   3.0853984910839088E-005
         533   1.9575550674009083E-005
         534   1.6720158377997013E-005
         535   5.5583395965184577E-006
         536   1.6593027137760702E-005
         537   1.6522088800369952E-005
         538   5.4933452156905027E-006
         539   2.7344651796450351E-005
         540   1.6338906550068932E-005
         541   1.8984181556994306E-005
         542   2.1645467043163428E-005
         543   1.0769540475933192E-005
         544   2.6851565295912095E-005
         545   2.9418182225526235E-005
         546   3.7280557841193894E-005
         547   3.9821675380501108E-005
         548   1.8527834448675502E-005
         549   2.1083769112046702E-005
         550   3.4122658860247565E-005
         551   3.4004925338603649E-005
         552   2.3445903865028325E-005
         553   2.5943553036226258E-006
         554   2.3296803070005608E-005
         555   1.5472361603766763E-005
         556   2.3110759511635470E-005
         557   2.3036726216776277E-005
         558   2.2945050214773005E-005
         559   1.5247035906070187E-005
         560   1.2651626755436016E-005
         561   7.5728786987836693E-006
         562   2.5151501982393821E-005
         563   1.5028886580470347E-005
         564   4.9969406064577913E-006
         565   3.2350165222514700E-005
         566   1.9847493320350368E-005
         567   2.9645445040117543E-005
         568   4.9171141112292384E-006
         569   1.4728522645088692E-005
         570   1.9548091573284007E-005
         571   9.7624776627784840E-006
         572   7.2880921448031956E-006
         573   4.8393158224850979E-006
         574   1.2056587627623421E-005
         575   9.6181601364642951E-006
         576   1.1981082730863084E-005
         577   1.1931193249068052E-005
         578   1.6645429500726940E-005
         579   7.1085668011699624E-006
         580   0.0000000000000000E+000
         581   1.4116084621772673E-005
         582   9.3781915282379960E-006
         583   1.6361053090329592E-005
         584   2.3275027462536832E-006
         585   6.9647235462834190E-006
         586   1.3892238993874280E-005
         587   4.6161963381883005E-006
         588   1.1492993441786203E-005
         589   1.8327605438323308E-005
         590   1.3696647463630447E-005
         591   1.5925641411976911E-005
         592   1.8129075082677965E-005
         593   1.3553931455460626E-005
         594   6.7559348120947784E-006
         595   4.4949333003603482E-006
         596   2.0134684124081028E-005
         597   8.9200992722856359E-006
         598   8.8779737297107270E-006
         599   8.8587745526540676E-006
         600   6.6255611421204815E-006
         601   6.6012875432853739E-006
         602   1.0972526235447786E-005
         603   1.3118821399692625E-005
         604   6.5270599332091604E-006
         605   4.3398092614734804E-006
         606   6.4904048726736932E-006
         607   1.0788357569177574E-005
         608   4.2970691274224732E-006
         609   1.0713138128128177E-005
         610   6.4086313901114268E-006
         611   1.0633355101324421E-005
         612   1.6973614188556413E-005
         613   1.9024554070991574E-005
         614   6.3166479610284913E-006
         615   0.0000000000000000E+000
         616   0.0000000000000000E+000
         617   8.3482644883678919E-006
         618   4.1601831104837019E-006
         619   2.0752188127642894E-006
         620   2.0651519092854904E-006
         621   2.0603777073497280E-006
         622   0.0000000000000000E+000
         623   1.0221755967653257E-005
         624   2.0409413242061511E-006
         625   4.0729998973805750E-006
         626   0.0000000000000000E+000
         627   4.0468829450763444E-006
         628   4.0244499097940286E-006
         629   4.0184405004973941E-006
         630   4.0036148395669287E-006
         631   7.9743799318057668E-006
         632   0.0000000000000000E+000
         633   0.0000000000000000E+000
         634   7.9033930821451930E-006
         635   9.8391761544395731E-006
         636   1.9640394744677066E-006
         637   1.9574614552387929E-006
         638   7.8003294068083877E-006
         639   1.9479592705324619E-006
         640   1.9418840795998526E-006
         641   3.8681841890565460E-006
         642   0.0000000000000000E+000
         643   3.8424311544098148E-006
         644   7.6613418306290153E-006
         645   0.0000000000000000E+000
         646   0.0000000000000000E+000
         647   1.8960618045895234E-006
         648   5.6700883455758635E-006
         649   0.0000000000000000E+000
         650   1.8789064894705832E-006
         651   1.8744058405865263E-006
         652   1.8715377603262362E-006
         653   5.5947705155994699E-006
         654   3.7167314963512830E-006
         655   3.7068248502223821E-006
         656   5.5413752707051976E-006
         657   0.0000000000000000E+000
         658   1.8362932092408902E-006
         659   7.3141932112902200E-006
         660   3.6443793029003040E-006
         661   3.6353039277280715E-006
         662   0.0000000000000000E+000
         663   0.0000000000000000E+000
         664   7.2140976110648184E-006
         665   0.0000000000000000E+000
         666   3.5848342165138746E-006
         667   7.1513584932130152E-006
         668   1.0676288638961472E-005
         669   5.3249552140150960E-006
         670   5.3113918407017623E-006
         671   3.5274329139725058E-006
         672   8.7962432890535337E-006
         673   0.0000000000000000E+000
         674   6.9940505603990388E-006
         675   3.4840722626005228E-006
         676   3.4802743983250989E-006
         677   0.0000000000000000E+000
         678   6.9232092796872126E-006
         679   1.7251442442283690E-006
         680   1.7160222017541237E-006
         681   0.0000000000000000E+000
         682   1.7078386924182068E-006
         683   1.7039504162621110E-006
         684   1.7000726543190125E-006
         685   1.6913056866317329E-006
         686   1.6870030581979037E-006
         687   3.3666677987615988E-006
         688   0.0000000000000000E+000
         689   1.6740412002048923E-006
         690   0.0000000000000000E+000
         691   0.0000000000000000E+000
         692   1.6578060477283819E-006
         693   3.3119063845981119E-006
         694   0.0000000000000000E+000
         695   1.6474592734878214E-006
         696   4.9160773574152157E-006
         697   1.6373319180524522E-006
         698   1.6309086943387496E-006
         699   0.0000000000000000E+000
         700   3.2433513300163418E-006
         701   0.0000000000000000E+000
         702   1.6132459437288257E-006
         703   1.6086736819894155E-006
         704   0.0000000000000000E+000
         705   0.0000000000000000E+000
         706   0.0000000000000000E+000
         707   0.0000000000000000E+000
         708   0.0000000000000000E+000
         709   0.0000000000000000E+000
         710   0.0000000000000000E+000
         711   0.0000000000000000E+000
         712   0.0000000000000000E+000
         713   0.0000000000000000E+000
         714   3.1172605675020784E-006
         715   0.0000000000000000E+000
         716   0.0000000000000000E+000
         717   0.0000000000000000E+000
         718   1.5435234984044885E-006
         719   4.6121560805608184E-006
         720   0.0000000000000000E+000
         721   4.5861631121274796E-006
         722   1.5246832301157417E-006
         723   0.0000000000000000E+000
         724   4.5499988885373389E-006
         725   0.0000000000000000E+000
         726   0.0000000000000000E+000
         727   0.0000000000000000E+000
         728   1.5011079321183469E-006
         729   0.0000000000000000E+000
         730   2.9851160416300842E-006
         731   0.0000000000000000E+000
         732   1.4828401113382782E-006
         733   0.0000000000000000E+000
         734   0.0000000000000000E+000
         735   0.0000000000000000E+000
         736   0.0000000000000000E+000
         737   0.0000000000000000E+000
         738   1.4604067676428234E-006
         739   0.0000000000000000E+000
         740   0.0000000000000000E+000
         741   0.0000000000000000E+000
         742   0.0000000000000000E+000
         743   1.4379710694939816E-006
         744   0.0000000000000000E+000
         745   0.0000000000000000E+000
         746   4.2819936150743272E-006
         747   0.0000000000000000E+000
         748   0.0000000000000000E+000
         749   1.4170375235967464E-006
         750   1.4116041719407912E-006
         751   2.8206765382097365E-006
         752   0.0000000000000000E+000
         753   0.0000000000000000E+000
         754   1.3972801536447603E-006
         755   0.0000000000000000E+000
         756   0.0000000000000000E+000
         757   1.3876879820259384E-006
         758   1.3849532578159287E-006
         759   0.0000000000000000E+000
         760   2.7552437978840901E-006
         761   0.0000000000000000E+000
         762   1.3702197329083048E-006
         763   4.0944095871845340E-006
         764   1.3612867718368251E-006
         765   0.0000000000000000E+000
         766   0.0000000000000000E+000
         767   1.3500399562025233E-006
         768   0.0000000000000000E+000
         769   0.0000000000000000E+000
         770   0.0000000000000000E+000
         771   0.0000000000000000E+000
         772   1.3327280955005782E-006
         773   1.3291579349003611E-006
         774   0.0000000000000000E+000
         775   1.3234556683286056E-006
         776   0.0000000000000000E+000
         777   0.0000000000000000E+000
         778   1.3128226495471850E-006
         779   0.0000000000000000E+000
         780   0.0000000000000000E+000
         781   1.3029847963505905E-006
         782   5.1977920586736506E-006
         783   1.2959685669850536E-006
         784   0.0000000000000000E+000
         785   0.0000000000000000E+000
         786   0.0000000000000000E+000
         787   0.0000000000000000E+000
         788   1.2797296565495154E-006
         789   1.2751625431011489E-006
         790   0.0000000000000000E+000
         791   5.0803516592916154E-006
         792   0.0000000000000000E+000
         793   0.0000000000000000E+000
         794   1.2596236460003748E-006
         795   1.2581588447742617E-006
         796   1.2552984025507304E-006
         797   2.5048659680018369E-006
         798   1.2479381673032073E-006
         799   0.0000000000000000E+000
         800   1.2409354457478333E-006
         801   0.0000000000000000E+000
         802   0.0000000000000000E+000
         803   0.0000000000000000E+000
         804   0.0000000000000000E+000
         805   0.0000000000000000E+000
         806   0.0000000000000000E+000
         807   0.0000000000000000E+000
         808   0.0000000000000000E+000
         809   0.0000000000000000E+000
         810   0.0000000000000000E+000
         811   1.2087134714926062E-006
         812   1.2067560825078561E-006
         813   0.0000000000000000E+000
         814   0.0000000000000000E+000
         815   0.0000000000000000E+000
         816   0.0000000000000000E+000
         817   0.0000000000000000E+000
         818   0.0000000000000000E+000
         819   0.0000000000000000E+000
         820   0.0000000000000000E+000
         821   0.0000000000000000E+000
         822   0.0000000000000000E+000
         823   0.0000000000000000E+000
         824   0.0000000000000000E+000
         825   0.0000000000000000E+000
         826   0.0000000000000000E+000
         827   0.0000000000000000E+000
         828   0.0000000000000000E+000
         829   0.0000000000000000E+000
         830   0.0000000000000000E+000
         831   0.0000000000000000E+000
         832   0.0000000000000000E+000
         833   0.0000000000000000E+000
         834   0.0000000000000000E+000
         835   0.0000000000000000E+000
         836   0.0000000000000000E+000
         837   0.0000000000000000E+000
         838   0.0000000000000000E+000
         839   0.0000000000000000E+000
         840   0.0000000000000000E+000
         841   0.0000000000000000E+000
         842   0.0000000000000000E+000
         843   0.0000000000000000E+000
         844   0.0000000000000000E+000
         845   0.0000000000000000E+000
         846   0.0000000000000000E+000
         847   0.0000000000000000E+000
         848   0.0000000000000000E+000
         849   0.0000000000000000E+000
         850   0.0000000000000000E+000
         851   0.0000000000000000E+000
         852   0.0000000000000000E+000
         853   0.0000000000000000E+000
         854   0.0000000000000000E+000
         855   0.0000000000000000E+000
         856   0.0000000000000000E+000
         857   0.0000000000000000E+000
         858   0.0000000000000000E+000
         859   0.0000000000000000E+000
         860   0.0000000000000000E+000
         861   0.0000000000000000E+000
         862   0.0000000000000000E+000
         863   0.0000000000000000E+000
         864   0.0000000000000000E+000
         865   0.0000000000000000E+000
         866   0.0000000000000000E+000
         867   0.0000000000000000E+000
         868   0.0000000000000000E+000
         869   0.0000000000000000E+000
         870   0.0000000000000000E+000
         871   0.0000000000000000E+000
         872   0.0000000000000000E+000
         873   0.0000000000000000E+000
         874   0.0000000000000000E+000
         875   0.0000000000000000E+000
         876   0.0000000000000000E+000
         877   0.0000000000000000E+000
         878   0.0000000000000000E+000
         879   0.0000000000000000E+000
         880   0.0000000000000000E+000
         881   0.0000000000000000E+000
         882   0.0000000000000000E+000
         883   0.0000000000000000E+000
         884   0.0000000000000000E+000
         885   0.0000000000000000E+000
         886   0.0000000000000000E+000
         887   0.0000000000000000E+000
         888   0.0000000000000000E+000
         889   0.0000000000000000E+000
         890   0.0000000000000000E+000
         891   0.0000000000000000E+000
         892   0.0000000000000000E+000
         893   0.0000000000000000E+000
         894   0.0000000000000000E+000
         895   0.0000000000000000E+000
         896   0.0000000000000000E+000
         897   0.0000000000000000E+000
         898   0.0000000000000000E+000
         899   0.0000000000000000E+000
         900   0.0000000000000000E+000
         901   0.0000000000000000E+000
         902   0.0000000000000000E+000
         903   0.0000000000000000E+000
         904   0.0000000000000000E+000
         905   0.0000000000000000E+000
         906   0.0000000000000000E+000
         907   0.0000000000000000E+000
         908   0.0000000000000000E+000
         909   0.0000000000000000E+000
         910   0.0000000000000000E+000
         911   0.0000000000000000E+000
         912   0.0000000000000000E+000
         913   0.0000000000000000E+000
         914   0.0000000000000000E+000
         915   0.0000000000000000E+000
         916   0.0000000000000000E+000
         917   0.0000000000000000E+000
         918   0.0000000000000000E+000
         919   0.0000000000000000E+000
         920   0.0000000000000000E+000
         921   0.0000000000000000E+000
         922   0.0000000000000000E+000
         923   0.0000000000000000E+000
         924   0.0000000000000000E+000
         925   0.0000000000000000E+000
         926   0.0000000000000000E+000
         927   0.0000000000000000E+000
         928   0.0000000000000000E+000
         929   0.0000000000000000E+000
         930   0.0000000000000000E+000
         931   0.0000000000000000E+000
         932   0.0000000000000000E+000
         933   0.0000000000000000E+000
         934   0.0000000000000000E+000
         935   0.0000000000000000E+000
         936   0.0000000000000000E+000
         937   0.0000000000000000E+000
         938   0.0000000000000000E+000
         939   0.0000000000000000E+000
         940   0.0000000000000000E+000
         941   0.0000000000000000E+000
         942   0.0000000000000000E+000
         943   0.0000000000000000E+000
         944   0.0000000000000000E+000
         945   0.0000000000000000E+000
         946   0.0000000000000000E+000
         947   0.0000000000000000E+000
         948   0.0000000000000000E+000
         949   0.0000000000000000E+000
         950   0.0000000000000000E+000
         951   0.0000000000000000E+000
         952   0.0000000000000000E+000
         953   0.0000000000000000E+000
         954   0.0000000000000000E+000
         955   0.0000000000000000E+000
         956   0.0000000000000000E+000
         957   0.0000000000000000E+000
         958   0.0000000000000000E+000
         959   0.0000000000000000E+000
         960   0.0000000000000000E+000
         961   0.0000000000000000E+000
         962   0.0000000000000000E+000
         963   0.0000000000000000E+000
         964   0.0000000000000000E+000
         965   0.0000000000000000E+000
         966   0.0000000000000000E+000
         967   0.0000000000000000E+000
         968   0.0000000000000000E+000
         969   0.0000000000000000E+000
         970   0.0000000000000000E+000
         971   0.0000000000000000E+000
         972   0.0000000000000000E+000
         973   0.0000000000000000E+000
         974   0.0000000000000000E+000
         975   0.0000000000000000E+000
         976   0.0000000000000000E+000
         977   0.0000000000000000E+000
         978   0.0000000000000000E+000
         979   0.0000000000000000E+000
         980   0.0000000000000000E+000
         981   0.0000000000000000E+000
         982   0.0000000000000000E+000
         983   0.0000000000000000E+000
         984   0.0000000000000000E+000
         985   0.0000000000000000E+000
         986   0.0000000000000000E+000
         987   0.0000000000000000E+000
         988   0.0000000000000000E+000
         989   0.0000000000000000E+000
         990   0.0000000000000000E+000
         991   0.0000000000000000E+000
         992   0.0000000000000000E+000
         993   0.0000000000000000E+000
         994   0.0000000000000000E+000
         995   0.0000000000000000E+000
         996   0.0000000000000000E+000
         997   0.0000000000000000E+000
         998   0.0000000000000000E+000
         999   0.0000000000000000E+000
        1000   0.0000000000000000E+000
