           1   0.0000000000000000E+000
           2   0.0000000000000000E+000
           3  0.80100896698374924     
           4  0.18058062373809658     
           5  0.37974009387037272     
           6  0.48425986377876934     
           7  0.45093153471579389     
           8  0.46401744677664086     
           9  0.29491798262957503     
          10  0.46400090220888413     
          11  0.19912577447499807     
          12  0.22165796626506540     
          13  0.28629426481795478     
          14  0.19418684074994286     
          15  0.27249157487390180     
          16  0.27619800536327582     
          17  0.27298722129328140     
          18  0.31786248892790203     
          19  0.28122923461534372     
          20  0.23356726256428140     
          21  0.30909024691303832     
          22  0.34167605007513191     
          23  0.23162727679233011     
          24  0.19186036049156888     
          25  0.24558400658324347     
          26  0.28886090282924687     
          27  0.21101754162830447     
          28  0.19283879105217402     
          29  0.24007115772458967     
          30  0.17969586730937492     
          31  0.21797105465110919     
          32  0.19289303470817584     
          33  0.19644002012885972     
          34  0.15451511481895724     
          35  0.19356331266004823     
          36  0.18180379426802298     
          37  0.17686669554101253     
          38  0.18754940683429336     
          39  0.14275268585468387     
          40  0.15521407643013618     
          41  0.17779638746484364     
          42  0.14994219538493261     
          43  0.16940691063928276     
          44  0.13089759028940681     
          45  0.15803917836277195     
          46  0.14880988635269571     
          47  0.13320662912981623     
          48  0.15322896036046585     
          49  0.14652097716982948     
          50  0.12917670426645667     
          51  0.12965560410573032     
          52  0.13168807848742989     
          53  0.12977433320140816     
          54  0.13257360631813903     
          55  0.12223080785838063     
          56  0.12391740897641741     
          57  0.10353800043693240     
          58  0.12107625491647474     
          59  0.11616419288539620     
          60  0.12104714359468365     
          61   9.5370389323587101E-002
          62  0.10096944205990302     
          63  0.10462121498979698     
          64  0.10865241293783058     
          65  0.11809811549593346     
          66   9.3137984461634404E-002
          67   9.1905412066281930E-002
          68   9.3785520284129495E-002
          69   9.4098158622390071E-002
          70   9.0469268314523565E-002
          71   9.4220641083990836E-002
          72   8.6016165177276602E-002
          73   8.5281933254246503E-002
          74   8.1865601538552490E-002
          75   8.7617491185162946E-002
          76   7.7769016748976044E-002
          77   7.6160749388768420E-002
          78   8.0344765200418666E-002
          79   6.9259668424317494E-002
          80   7.2337676912407958E-002
          81   7.4369496808706040E-002
          82   6.9132670206688548E-002
          83   6.6867033210163532E-002
          84   6.8127899036164466E-002
          85   6.2882246543942130E-002
          86   6.2222442248205681E-002
          87   5.7097753648132132E-002
          88   6.5135198443015893E-002
          89   5.3876019620640980E-002
          90   5.2569801279738211E-002
          91   5.9909644201514595E-002
          92   5.8974668544260679E-002
          93   5.2791637761561289E-002
          94   4.7413827921127132E-002
          95   5.1035021598393078E-002
          96   5.4506271393385632E-002
          97   5.2333652500877334E-002
          98   4.9761071957566946E-002
          99   5.1127195293561599E-002
         100   4.5851937884247927E-002
         101   4.8823027286949081E-002
         102   4.1728125465666933E-002
         103   4.7710649380910825E-002
         104   4.4088162330946597E-002
         105   4.1186028861952009E-002
         106   4.4335630592878081E-002
         107   4.2552855109857804E-002
         108   3.8578984489478531E-002
         109   3.9275768430782808E-002
         110   4.0774066582232496E-002
         111   3.7370670668138345E-002
         112   3.7019357291642234E-002
         113   3.8048352404080894E-002
         114   3.3684139841717899E-002
         115   3.7344932050266587E-002
         116   3.3240105786042459E-002
         117   3.2393677137273549E-002
         118   3.3643899120358534E-002
         119   3.4942024585194909E-002
         120   3.1744930794655249E-002
         121   3.3465476716948751E-002
         122   2.8624343129641287E-002
         123   2.8215306282639446E-002
         124   2.7915572512915297E-002
         125   2.7885593372453926E-002
         126   2.4928071120299742E-002
         127   2.6099063878573830E-002
         128   2.6981904617702130E-002
         129   2.4952196672862616E-002
         130   2.1823875981031297E-002
         131   2.3799070094613461E-002
         132   2.2669915251567432E-002
         133   2.3305934670055463E-002
         134   2.2170374028580398E-002
         135   2.3576348986369036E-002
         136   2.0970090402425031E-002
         137   2.1052253599395186E-002
         138   1.9503023071660099E-002
         139   2.0533002279350194E-002
         140   2.0482544309124523E-002
         141   1.9625771281560327E-002
         142   1.9679210375954957E-002
         143   1.8471775258233555E-002
         144   1.8255432060533643E-002
         145   1.8235524711590508E-002
         146   1.6495665667522062E-002
         147   1.8584743941712091E-002
         148   1.6956826239611866E-002
         149   1.8979089757919503E-002
         150   1.6053362014442654E-002
         151   1.7538612086286594E-002
         152   1.4957313630059810E-002
         153   1.5741537388266714E-002
         154   1.3903754545054589E-002
         155   1.4216668486922851E-002
         156   1.4296508745419982E-002
         157   1.3951517361714834E-002
         158   1.4860964605370437E-002
         159   1.3452226763558688E-002
         160   1.2820805022548745E-002
         161   1.2843523940234358E-002
         162   1.3445362863114823E-002
         163   1.1555333059127228E-002
         164   1.1173904248642582E-002
         165   1.1071020146738277E-002
         166   1.1162164690874323E-002
         167   1.0780914563623794E-002
         168   1.2272348871712758E-002
         169   1.0080529430427868E-002
         170   1.0209417340238102E-002
         171   1.0554589728776841E-002
         172   9.6800058451557165E-003
         173   9.8351332377619345E-003
         174   9.3558802860008328E-003
         175   8.6072291610974211E-003
         176   9.1712892311239923E-003
         177   1.0201012721966232E-002
         178   9.2433225863801614E-003
         179   9.1126978705765877E-003
         180   8.0321531942958956E-003
         181   7.8520049635661879E-003
         182   7.6932561240988968E-003
         183   8.4390772605132391E-003
         184   7.3401955900075713E-003
         185   8.3940567273448966E-003
         186   6.1556413754042354E-003
         187   6.9460546819563942E-003
         188   6.0886601108648044E-003
         189   6.5595744662831097E-003
         190   6.2517262424641581E-003
         191   6.2495011022907125E-003
         192   6.8297442247323660E-003
         193   6.5676328740864980E-003
         194   6.6701989965716087E-003
         195   5.6416506735693442E-003
         196   5.5451112655256667E-003
         197   5.5508135033725675E-003
         198   5.1921939516489700E-003
         199   5.2985438753112906E-003
         200   5.4647018785500857E-003
         201   5.3106469685042712E-003
         202   6.1329799196589594E-003
         203   5.5733718567846993E-003
         204   4.5854478086124239E-003
         205   4.8432151200579884E-003
         206   4.3309512698496647E-003
         207   4.1946643180049816E-003
         208   4.8870738508520785E-003
         209   3.7534392355330929E-003
         210   3.8626486841432284E-003
         211   4.4302861931325528E-003
         212   3.7528410916878481E-003
         213   4.3123334591707221E-003
         214   3.6315844012952785E-003
         215   3.7190497921775647E-003
         216   3.5818746792810560E-003
         217   3.4983822160831960E-003
         218   3.1509305076122128E-003
         219   3.6171995184515835E-003
         220   3.4880157153398426E-003
         221   3.0983740930052880E-003
         222   2.8611938105744840E-003
         223   3.3939799283195121E-003
         224   3.4242389521438265E-003
         225   2.9578991669996385E-003
         226   2.5753051889255197E-003
         227   3.0443680347560518E-003
         228   3.0638915259732142E-003
         229   2.2659429106321603E-003
         230   2.6213286633898322E-003
         231   2.5245129864368459E-003
         232   2.4450243255252808E-003
         233   2.2625230395726414E-003
         234   2.8216856809184037E-003
         235   2.6827294571668248E-003
         236   2.1193256551645906E-003
         237   2.6801132028018378E-003
         238   2.5604662246378638E-003
         239   1.9694342625064688E-003
         240   2.1879667850537173E-003
         241   1.7187546686229288E-003
         242   2.0170409544177357E-003
         243   2.0119830049369694E-003
         244   1.8629084173153671E-003
         245   2.1656953769524164E-003
         246   2.0432997986802688E-003
         247   1.8964995282149324E-003
         248   1.9457926267841446E-003
         249   1.6880205791569968E-003
         250   1.6994677303850483E-003
         251   1.5599406919052621E-003
         252   1.5480109352319609E-003
         253   1.4738479188652570E-003
         254   1.8800367545098035E-003
         255   1.6211641519475032E-003
         256   1.3668491497214228E-003
         257   1.2242985895079006E-003
         258   1.7864571741322180E-003
         259   1.1931186934325654E-003
         260   1.2427188620408734E-003
         261   1.1410088748404110E-003
         262   1.1548726156791077E-003
         263   1.3643697806091691E-003
         264   1.1378705486811325E-003
         265   1.0721161816975820E-003
         266   1.0199212823227058E-003
         267   1.3452019692347236E-003
         268   8.9403004236419590E-004
         269   8.3296643604869973E-004
         270   8.4839604869505327E-004
         271   9.9338783510424149E-004
         272   9.6450259643022888E-004
         273   1.0964383558462131E-003
         274   9.5046459336513040E-004
         275   7.3384204242114609E-004
         276   8.1226072853094865E-004
         277   8.2717042873757518E-004
         278   8.9250737647533968E-004
         279   8.2488047726048694E-004
         280   9.3080649118991107E-004
         281   7.3318002665742794E-004
         282   5.3854259773961684E-004
         283   8.1242320253732420E-004
         284   8.6538844063280165E-004
         285   6.6398252165994378E-004
         286   7.0737424608355521E-004
         287   6.0666889513804982E-004
         288   5.9265111314671284E-004
         289   6.4576219024698529E-004
         290   8.2934812140839727E-004
         291   5.9950114247685963E-004
         292   4.7439638276768981E-004
         293   6.1873735056229269E-004
         294   6.5157921643300954E-004
         295   4.0089211049648362E-004
         296   5.6095109237863931E-004
         297   4.0473244529232280E-004
         298   5.8935196244524254E-004
         299   3.4610458807120834E-004
         300   7.0496520414207499E-004
         301   4.2895401922772239E-004
         302   5.5681898774449247E-004
         303   4.4069546870390144E-004
         304   3.5188775838168238E-004
         305   4.8604596195858299E-004
         306   4.1510207844992287E-004
         307   4.2077503121368151E-004
         308   2.6760546646920048E-004
         309   3.8238636318988845E-004
         310   3.2213891478088946E-004
         311   3.6064225673998988E-004
         312   2.8540703805642791E-004
         313   3.2389793662947598E-004
         314   3.3818542592261913E-004
         315   3.4370545001923572E-004
         316   4.5293938228110973E-004
         317   2.2897321839534312E-004
         318   4.2357682705446045E-004
         319   2.5715924195204929E-004
         320   3.9500671013891056E-004
         321   3.0031197336977995E-004
         322   3.2124708630819571E-004
         323   3.6512664560228616E-004
         324   2.3433084911971715E-004
         325   2.5556945565378888E-004
         326   2.3143080996654056E-004
         327   3.2663033357687072E-004
         328   2.7263908008073087E-004
         329   3.0074885782508412E-004
         330   2.1119149444886879E-004
         331   1.9557084668973829E-004
         332   2.3769699641806689E-004
         333   2.6467166911048969E-004
         334   2.7044025921309705E-004
         335   2.5456980287375859E-004
         336   2.2479870512764660E-004
         337   1.9566090059674782E-004
         338   2.7781261084753835E-004
         339   2.1405758399274595E-004
         340   2.2655966626654265E-004
         341   1.2954146527930239E-004
         342   9.4964357727423876E-005
         343   1.6866937694870747E-004
         344   2.3475813418639347E-004
         345   1.4669928503006165E-004
         346   2.5207487540106828E-004
         347   1.2523458406499369E-004
         348   9.1700430097014393E-005
         349   1.3030695039791844E-004
         350   7.7728853590708301E-005
         351   1.5470958783255203E-004
         352   1.7284578528911792E-004
         353   7.6356420452161909E-005
         354   1.4562438315219914E-004
         355   1.1340251555792550E-004
         356   1.0016743484548752E-004
         357   1.0580197277113929E-004
         358   1.1764876202588102E-004
         359   1.2327925349997506E-004
         360   1.5317849538314248E-004
         361   6.0933949696137636E-005
         362   1.1501229176191048E-004
         363   1.4443617760708535E-004
         364   1.0783533621118927E-004
         365   1.0131313987665777E-004
         366   8.2947898229034748E-005
         367   1.0022541262835779E-004
         368   9.3674156263348233E-005
         369   1.0493067315598632E-004
         370   6.9591164287789771E-005
         371   8.6524672294988492E-005
         372   1.7226218653698199E-005
         373   1.4265559391199946E-004
         374   5.6724059446301595E-005
         375   1.3557909387536723E-004
         376   5.0496608792028839E-005
         377   8.3717215532408529E-005
         378   5.5547152756731427E-005
         379   6.6265655936116908E-005
         380   8.2457860234019353E-005
         381   1.0934078301143773E-005
         382   5.9851372009668201E-005
         383   8.1099074192719016E-005
         384   3.2261975573238318E-005
         385   4.2847499914345575E-005
         386   5.8614743188368192E-005
         387   3.7138157397805844E-005
         388   6.3241850831829931E-005
         389   4.7182372251708831E-005
         390   2.6114362142964258E-005
         391   4.6720561577304387E-005
         392   6.2059748567567507E-005
         393   5.1359324739172289E-006
         394   1.0205002474596404E-005
         395   8.1427685632581395E-005
         396   4.0502666842730618E-005
         397   1.5117516284695425E-005
         398   4.0087219461169260E-005
         399   2.9899958432131222E-005
         400   2.4803882118810373E-005
         401   7.4039348117135433E-005
         402   4.4257162888943063E-005
         403   3.4193604232260800E-005
         404   1.4590867480590054E-005
         405   9.6787907508970342E-006
         406   3.3728363839005419E-005
         407   4.3114154275203365E-005
         408   2.3836770236696299E-005
         409   1.8982145182438732E-005
         410   1.4154668554806593E-005
         411   9.4094386206159268E-006
         412   1.4035082155814966E-005
         413   4.1878834666680357E-005
         414   9.2837664415961626E-006
         415   1.8429849261619260E-005
         416   2.7506397543646308E-005
         417   0.0000000000000000E+000
         418   4.5374262415783987E-006
         419   2.7131996150691142E-005
         420   3.1532160986715680E-005
         421   0.0000000000000000E+000
         422   4.4517942334832645E-006
         423   3.1023953597878339E-005
         424   1.7669873125672965E-005
         425   8.7749485110872147E-006
         426   3.0593223032343431E-005
         427   8.6898925633158660E-006
         428   1.7335836689312722E-005
         429   4.3062141784755327E-006
         430   0.0000000000000000E+000
         431   4.2781187031318249E-006
         432   0.0000000000000000E+000
         433   4.2407093372660566E-006
         434   0.0000000000000000E+000
         435   8.3915888963857589E-006
         436   0.0000000000000000E+000
         437   1.6656547155135183E-005
         438   4.1335485559908942E-006
         439   4.1123271371773408E-006
         440   0.0000000000000000E+000
         441   4.0750754319169840E-006
         442   0.0000000000000000E+000
         443   0.0000000000000000E+000
         444   4.0206804258569770E-006
         445   0.0000000000000000E+000
         446   2.7941263624305270E-005
         447   7.9430299175980874E-006
         448   0.0000000000000000E+000
         449   2.3668629489739409E-005
         450   0.0000000000000000E+000
         451   0.0000000000000000E+000
         452   1.5522454622003270E-005
         453   3.8619248095856749E-006
         454   0.0000000000000000E+000
         455   0.0000000000000000E+000
         456   0.0000000000000000E+000
         457   0.0000000000000000E+000
         458   0.0000000000000000E+000
         459   0.0000000000000000E+000
         460   7.5185848715914782E-006
         461   0.0000000000000000E+000
         462   0.0000000000000000E+000
         463   0.0000000000000000E+000
         464   0.0000000000000000E+000
         465   0.0000000000000000E+000
         466   0.0000000000000000E+000
         467   0.0000000000000000E+000
         468   0.0000000000000000E+000
         469   0.0000000000000000E+000
         470   0.0000000000000000E+000
         471   0.0000000000000000E+000
         472   0.0000000000000000E+000
         473   0.0000000000000000E+000
         474   0.0000000000000000E+000
         475   0.0000000000000000E+000
         476   0.0000000000000000E+000
         477   0.0000000000000000E+000
         478   0.0000000000000000E+000
         479   0.0000000000000000E+000
         480   0.0000000000000000E+000
         481   0.0000000000000000E+000
         482   0.0000000000000000E+000
         483   0.0000000000000000E+000
         484   0.0000000000000000E+000
         485   0.0000000000000000E+000
         486   0.0000000000000000E+000
         487   0.0000000000000000E+000
         488   0.0000000000000000E+000
         489   0.0000000000000000E+000
         490   0.0000000000000000E+000
         491   0.0000000000000000E+000
         492   0.0000000000000000E+000
         493   0.0000000000000000E+000
         494   0.0000000000000000E+000
         495   0.0000000000000000E+000
         496   0.0000000000000000E+000
         497   0.0000000000000000E+000
         498   0.0000000000000000E+000
         499   0.0000000000000000E+000
         500   0.0000000000000000E+000
         501   0.0000000000000000E+000
         502   0.0000000000000000E+000
         503   0.0000000000000000E+000
         504   0.0000000000000000E+000
         505   0.0000000000000000E+000
         506   0.0000000000000000E+000
         507   0.0000000000000000E+000
         508   0.0000000000000000E+000
         509   0.0000000000000000E+000
         510   0.0000000000000000E+000
         511   0.0000000000000000E+000
         512   0.0000000000000000E+000
         513   0.0000000000000000E+000
         514   0.0000000000000000E+000
         515   0.0000000000000000E+000
         516   0.0000000000000000E+000
         517   0.0000000000000000E+000
         518   0.0000000000000000E+000
         519   0.0000000000000000E+000
         520   0.0000000000000000E+000
         521   0.0000000000000000E+000
         522   0.0000000000000000E+000
         523   0.0000000000000000E+000
         524   0.0000000000000000E+000
         525   0.0000000000000000E+000
         526   0.0000000000000000E+000
         527   0.0000000000000000E+000
         528   0.0000000000000000E+000
         529   0.0000000000000000E+000
         530   0.0000000000000000E+000
         531   0.0000000000000000E+000
         532   0.0000000000000000E+000
         533   0.0000000000000000E+000
         534   0.0000000000000000E+000
         535   0.0000000000000000E+000
         536   0.0000000000000000E+000
         537   0.0000000000000000E+000
         538   0.0000000000000000E+000
         539   0.0000000000000000E+000
         540   0.0000000000000000E+000
         541   0.0000000000000000E+000
         542   0.0000000000000000E+000
         543   0.0000000000000000E+000
         544   0.0000000000000000E+000
         545   0.0000000000000000E+000
         546   0.0000000000000000E+000
         547   0.0000000000000000E+000
         548   0.0000000000000000E+000
         549   0.0000000000000000E+000
         550   0.0000000000000000E+000
         551   0.0000000000000000E+000
         552   0.0000000000000000E+000
         553   0.0000000000000000E+000
         554   0.0000000000000000E+000
         555   0.0000000000000000E+000
         556   0.0000000000000000E+000
         557   0.0000000000000000E+000
         558   0.0000000000000000E+000
         559   0.0000000000000000E+000
         560   0.0000000000000000E+000
         561   0.0000000000000000E+000
         562   0.0000000000000000E+000
         563   0.0000000000000000E+000
         564   0.0000000000000000E+000
         565   0.0000000000000000E+000
         566   0.0000000000000000E+000
         567   0.0000000000000000E+000
         568   0.0000000000000000E+000
         569   0.0000000000000000E+000
         570   0.0000000000000000E+000
         571   0.0000000000000000E+000
         572   0.0000000000000000E+000
         573   0.0000000000000000E+000
         574   0.0000000000000000E+000
         575   0.0000000000000000E+000
         576   0.0000000000000000E+000
         577   0.0000000000000000E+000
         578   0.0000000000000000E+000
         579   0.0000000000000000E+000
         580   0.0000000000000000E+000
         581   0.0000000000000000E+000
         582   0.0000000000000000E+000
         583   0.0000000000000000E+000
         584   0.0000000000000000E+000
         585   0.0000000000000000E+000
         586   0.0000000000000000E+000
         587   0.0000000000000000E+000
         588   0.0000000000000000E+000
         589   0.0000000000000000E+000
         590   0.0000000000000000E+000
         591   0.0000000000000000E+000
         592   0.0000000000000000E+000
         593   0.0000000000000000E+000
         594   0.0000000000000000E+000
         595   0.0000000000000000E+000
         596   0.0000000000000000E+000
         597   0.0000000000000000E+000
         598   0.0000000000000000E+000
         599   0.0000000000000000E+000
         600   0.0000000000000000E+000
         601   0.0000000000000000E+000
         602   0.0000000000000000E+000
         603   0.0000000000000000E+000
         604   0.0000000000000000E+000
         605   0.0000000000000000E+000
         606   0.0000000000000000E+000
         607   0.0000000000000000E+000
         608   0.0000000000000000E+000
         609   0.0000000000000000E+000
         610   0.0000000000000000E+000
         611   0.0000000000000000E+000
         612   0.0000000000000000E+000
         613   0.0000000000000000E+000
         614   0.0000000000000000E+000
         615   0.0000000000000000E+000
         616   0.0000000000000000E+000
         617   0.0000000000000000E+000
         618   0.0000000000000000E+000
         619   0.0000000000000000E+000
         620   0.0000000000000000E+000
         621   0.0000000000000000E+000
         622   0.0000000000000000E+000
         623   0.0000000000000000E+000
         624   0.0000000000000000E+000
         625   0.0000000000000000E+000
         626   0.0000000000000000E+000
         627   0.0000000000000000E+000
         628   0.0000000000000000E+000
         629   0.0000000000000000E+000
         630   0.0000000000000000E+000
         631   0.0000000000000000E+000
         632   0.0000000000000000E+000
         633   0.0000000000000000E+000
         634   0.0000000000000000E+000
         635   0.0000000000000000E+000
         636   0.0000000000000000E+000
         637   0.0000000000000000E+000
         638   0.0000000000000000E+000
         639   0.0000000000000000E+000
         640   0.0000000000000000E+000
         641   0.0000000000000000E+000
         642   0.0000000000000000E+000
         643   0.0000000000000000E+000
         644   0.0000000000000000E+000
         645   0.0000000000000000E+000
         646   0.0000000000000000E+000
         647   0.0000000000000000E+000
         648   0.0000000000000000E+000
         649   0.0000000000000000E+000
         650   0.0000000000000000E+000
         651   0.0000000000000000E+000
         652   0.0000000000000000E+000
         653   0.0000000000000000E+000
         654   0.0000000000000000E+000
         655   0.0000000000000000E+000
         656   0.0000000000000000E+000
         657   0.0000000000000000E+000
         658   0.0000000000000000E+000
         659   0.0000000000000000E+000
         660   0.0000000000000000E+000
         661   0.0000000000000000E+000
         662   0.0000000000000000E+000
         663   0.0000000000000000E+000
         664   0.0000000000000000E+000
         665   0.0000000000000000E+000
         666   0.0000000000000000E+000
         667   0.0000000000000000E+000
         668   0.0000000000000000E+000
         669   0.0000000000000000E+000
         670   0.0000000000000000E+000
         671   0.0000000000000000E+000
         672   0.0000000000000000E+000
         673   0.0000000000000000E+000
         674   0.0000000000000000E+000
         675   0.0000000000000000E+000
         676   0.0000000000000000E+000
         677   0.0000000000000000E+000
         678   0.0000000000000000E+000
         679   0.0000000000000000E+000
         680   0.0000000000000000E+000
         681   0.0000000000000000E+000
         682   0.0000000000000000E+000
         683   0.0000000000000000E+000
         684   0.0000000000000000E+000
         685   0.0000000000000000E+000
         686   0.0000000000000000E+000
         687   0.0000000000000000E+000
         688   0.0000000000000000E+000
         689   0.0000000000000000E+000
         690   0.0000000000000000E+000
         691   0.0000000000000000E+000
         692   0.0000000000000000E+000
         693   0.0000000000000000E+000
         694   0.0000000000000000E+000
         695   0.0000000000000000E+000
         696   0.0000000000000000E+000
         697   0.0000000000000000E+000
         698   0.0000000000000000E+000
         699   0.0000000000000000E+000
         700   0.0000000000000000E+000
         701   0.0000000000000000E+000
         702   0.0000000000000000E+000
         703   0.0000000000000000E+000
         704   0.0000000000000000E+000
         705   0.0000000000000000E+000
         706   0.0000000000000000E+000
         707   0.0000000000000000E+000
         708   0.0000000000000000E+000
         709   0.0000000000000000E+000
         710   0.0000000000000000E+000
         711   0.0000000000000000E+000
         712   0.0000000000000000E+000
         713   0.0000000000000000E+000
         714   0.0000000000000000E+000
         715   0.0000000000000000E+000
         716   0.0000000000000000E+000
         717   0.0000000000000000E+000
         718   0.0000000000000000E+000
         719   0.0000000000000000E+000
         720   0.0000000000000000E+000
         721   0.0000000000000000E+000
         722   0.0000000000000000E+000
         723   0.0000000000000000E+000
         724   0.0000000000000000E+000
         725   0.0000000000000000E+000
         726   0.0000000000000000E+000
         727   0.0000000000000000E+000
         728   0.0000000000000000E+000
         729   0.0000000000000000E+000
         730   0.0000000000000000E+000
         731   0.0000000000000000E+000
         732   0.0000000000000000E+000
         733   0.0000000000000000E+000
         734   0.0000000000000000E+000
         735   0.0000000000000000E+000
         736   0.0000000000000000E+000
         737   0.0000000000000000E+000
         738   0.0000000000000000E+000
         739   0.0000000000000000E+000
         740   0.0000000000000000E+000
         741   0.0000000000000000E+000
         742   0.0000000000000000E+000
         743   0.0000000000000000E+000
         744   0.0000000000000000E+000
         745   0.0000000000000000E+000
         746   0.0000000000000000E+000
         747   0.0000000000000000E+000
         748   0.0000000000000000E+000
         749   0.0000000000000000E+000
         750   0.0000000000000000E+000
         751   0.0000000000000000E+000
         752   0.0000000000000000E+000
         753   0.0000000000000000E+000
         754   0.0000000000000000E+000
         755   0.0000000000000000E+000
         756   0.0000000000000000E+000
         757   0.0000000000000000E+000
         758   0.0000000000000000E+000
         759   0.0000000000000000E+000
         760   0.0000000000000000E+000
         761   0.0000000000000000E+000
         762   0.0000000000000000E+000
         763   0.0000000000000000E+000
         764   0.0000000000000000E+000
         765   0.0000000000000000E+000
         766   0.0000000000000000E+000
         767   0.0000000000000000E+000
         768   0.0000000000000000E+000
         769   0.0000000000000000E+000
         770   0.0000000000000000E+000
         771   0.0000000000000000E+000
         772   0.0000000000000000E+000
         773   0.0000000000000000E+000
         774   0.0000000000000000E+000
         775   0.0000000000000000E+000
         776   0.0000000000000000E+000
         777   0.0000000000000000E+000
         778   0.0000000000000000E+000
         779   0.0000000000000000E+000
         780   0.0000000000000000E+000
         781   0.0000000000000000E+000
         782   0.0000000000000000E+000
         783   0.0000000000000000E+000
         784   0.0000000000000000E+000
         785   0.0000000000000000E+000
         786   0.0000000000000000E+000
         787   0.0000000000000000E+000
         788   0.0000000000000000E+000
         789   0.0000000000000000E+000
         790   0.0000000000000000E+000
         791   0.0000000000000000E+000
         792   0.0000000000000000E+000
         793   0.0000000000000000E+000
         794   0.0000000000000000E+000
         795   0.0000000000000000E+000
         796   0.0000000000000000E+000
         797   0.0000000000000000E+000
         798   0.0000000000000000E+000
         799   0.0000000000000000E+000
         800   0.0000000000000000E+000
         801   0.0000000000000000E+000
         802   0.0000000000000000E+000
         803   0.0000000000000000E+000
         804   0.0000000000000000E+000
         805   0.0000000000000000E+000
         806   0.0000000000000000E+000
         807   0.0000000000000000E+000
         808   0.0000000000000000E+000
         809   0.0000000000000000E+000
         810   0.0000000000000000E+000
         811   0.0000000000000000E+000
         812   0.0000000000000000E+000
         813   0.0000000000000000E+000
         814   0.0000000000000000E+000
         815   0.0000000000000000E+000
         816   0.0000000000000000E+000
         817   0.0000000000000000E+000
         818   0.0000000000000000E+000
         819   0.0000000000000000E+000
         820   0.0000000000000000E+000
         821   0.0000000000000000E+000
         822   0.0000000000000000E+000
         823   0.0000000000000000E+000
         824   0.0000000000000000E+000
         825   0.0000000000000000E+000
         826   0.0000000000000000E+000
         827   0.0000000000000000E+000
         828   0.0000000000000000E+000
         829   0.0000000000000000E+000
         830   0.0000000000000000E+000
         831   0.0000000000000000E+000
         832   0.0000000000000000E+000
         833   0.0000000000000000E+000
         834   0.0000000000000000E+000
         835   0.0000000000000000E+000
         836   0.0000000000000000E+000
         837   0.0000000000000000E+000
         838   0.0000000000000000E+000
         839   0.0000000000000000E+000
         840   0.0000000000000000E+000
         841   0.0000000000000000E+000
         842   0.0000000000000000E+000
         843   0.0000000000000000E+000
         844   0.0000000000000000E+000
         845   0.0000000000000000E+000
         846   0.0000000000000000E+000
         847   0.0000000000000000E+000
         848   0.0000000000000000E+000
         849   0.0000000000000000E+000
         850   0.0000000000000000E+000
         851   0.0000000000000000E+000
         852   0.0000000000000000E+000
         853   0.0000000000000000E+000
         854   0.0000000000000000E+000
         855   0.0000000000000000E+000
         856   0.0000000000000000E+000
         857   0.0000000000000000E+000
         858   0.0000000000000000E+000
         859   0.0000000000000000E+000
         860   0.0000000000000000E+000
         861   0.0000000000000000E+000
         862   0.0000000000000000E+000
         863   0.0000000000000000E+000
         864   0.0000000000000000E+000
         865   0.0000000000000000E+000
         866   0.0000000000000000E+000
         867   0.0000000000000000E+000
         868   0.0000000000000000E+000
         869   0.0000000000000000E+000
         870   0.0000000000000000E+000
         871   0.0000000000000000E+000
         872   0.0000000000000000E+000
         873   0.0000000000000000E+000
         874   0.0000000000000000E+000
         875   0.0000000000000000E+000
         876   0.0000000000000000E+000
         877   0.0000000000000000E+000
         878   0.0000000000000000E+000
         879   0.0000000000000000E+000
         880   0.0000000000000000E+000
         881   0.0000000000000000E+000
         882   0.0000000000000000E+000
         883   0.0000000000000000E+000
         884   0.0000000000000000E+000
         885   0.0000000000000000E+000
         886   0.0000000000000000E+000
         887   0.0000000000000000E+000
         888   0.0000000000000000E+000
         889   0.0000000000000000E+000
         890   0.0000000000000000E+000
         891   0.0000000000000000E+000
         892   0.0000000000000000E+000
         893   0.0000000000000000E+000
         894   0.0000000000000000E+000
         895   0.0000000000000000E+000
         896   0.0000000000000000E+000
         897   0.0000000000000000E+000
         898   0.0000000000000000E+000
         899   0.0000000000000000E+000
         900   0.0000000000000000E+000
         901   0.0000000000000000E+000
         902   0.0000000000000000E+000
         903   0.0000000000000000E+000
         904   0.0000000000000000E+000
         905   0.0000000000000000E+000
         906   0.0000000000000000E+000
         907   0.0000000000000000E+000
         908   0.0000000000000000E+000
         909   0.0000000000000000E+000
         910   0.0000000000000000E+000
         911   0.0000000000000000E+000
         912   0.0000000000000000E+000
         913   0.0000000000000000E+000
         914   0.0000000000000000E+000
         915   0.0000000000000000E+000
         916   0.0000000000000000E+000
         917   0.0000000000000000E+000
         918   0.0000000000000000E+000
         919   0.0000000000000000E+000
         920   0.0000000000000000E+000
         921   0.0000000000000000E+000
         922   0.0000000000000000E+000
         923   0.0000000000000000E+000
         924   0.0000000000000000E+000
         925   0.0000000000000000E+000
         926   0.0000000000000000E+000
         927   0.0000000000000000E+000
         928   0.0000000000000000E+000
         929   0.0000000000000000E+000
         930   0.0000000000000000E+000
         931   0.0000000000000000E+000
         932   0.0000000000000000E+000
         933   0.0000000000000000E+000
         934   0.0000000000000000E+000
         935   0.0000000000000000E+000
         936   0.0000000000000000E+000
         937   0.0000000000000000E+000
         938   0.0000000000000000E+000
         939   0.0000000000000000E+000
         940   0.0000000000000000E+000
         941   0.0000000000000000E+000
         942   0.0000000000000000E+000
         943   0.0000000000000000E+000
         944   0.0000000000000000E+000
         945   0.0000000000000000E+000
         946   0.0000000000000000E+000
         947   0.0000000000000000E+000
         948   0.0000000000000000E+000
         949   0.0000000000000000E+000
         950   0.0000000000000000E+000
         951   0.0000000000000000E+000
         952   0.0000000000000000E+000
         953   0.0000000000000000E+000
         954   0.0000000000000000E+000
         955   0.0000000000000000E+000
         956   0.0000000000000000E+000
         957   0.0000000000000000E+000
         958   0.0000000000000000E+000
         959   0.0000000000000000E+000
         960   0.0000000000000000E+000
         961   0.0000000000000000E+000
         962   0.0000000000000000E+000
         963   0.0000000000000000E+000
         964   0.0000000000000000E+000
         965   0.0000000000000000E+000
         966   0.0000000000000000E+000
         967   0.0000000000000000E+000
         968   0.0000000000000000E+000
         969   0.0000000000000000E+000
         970   0.0000000000000000E+000
         971   0.0000000000000000E+000
         972   0.0000000000000000E+000
         973   0.0000000000000000E+000
         974   0.0000000000000000E+000
         975   0.0000000000000000E+000
         976   0.0000000000000000E+000
         977   0.0000000000000000E+000
         978   0.0000000000000000E+000
         979   0.0000000000000000E+000
         980   0.0000000000000000E+000
         981   0.0000000000000000E+000
         982   0.0000000000000000E+000
         983   0.0000000000000000E+000
         984   0.0000000000000000E+000
         985   0.0000000000000000E+000
         986   0.0000000000000000E+000
         987   0.0000000000000000E+000
         988   0.0000000000000000E+000
         989   0.0000000000000000E+000
         990   0.0000000000000000E+000
         991   0.0000000000000000E+000
         992   0.0000000000000000E+000
         993   0.0000000000000000E+000
         994   0.0000000000000000E+000
         995   0.0000000000000000E+000
         996   0.0000000000000000E+000
         997   0.0000000000000000E+000
         998   0.0000000000000000E+000
         999   0.0000000000000000E+000
        1000   0.0000000000000000E+000
