           1  0.94954510557606608     
           2  0.62405744170557464     
           3  0.56169027507217839     
           4  0.61384184170616529     
           5  0.53106470056223798     
           6  0.53540973530575897     
           7  0.52196720205818270     
           8  0.51947279922487721     
           9  0.48445200554995516     
          10  0.46607327451139363     
          11  0.49733476438861174     
          12  0.45796824407786729     
          13  0.44526020380918185     
          14  0.43689759379286963     
          15  0.41777936658582371     
          16  0.40183532350516210     
          17  0.39880884405152528     
          18  0.38478264198761286     
          19  0.38507775729254523     
          20  0.37397831507818036     
          21  0.36019540448641751     
          22  0.36157527361208297     
          23  0.34295372045426986     
          24  0.33482941860029297     
          25  0.32949413306386988     
          26  0.32483337010665303     
          27  0.31274171981758297     
          28  0.30751825944747829     
          29  0.29720334907272911     
          30  0.29331670465893084     
          31  0.28508323314460116     
          32  0.28091618967743948     
          33  0.27031908248645897     
          34  0.26530131358900971     
          35  0.25481751453946511     
          36  0.25598342982468603     
          37  0.24765558431430074     
          38  0.24398563122071912     
          39  0.23512899221344633     
          40  0.23210701901559461     
          41  0.22239205943291732     
          42  0.21800585094568181     
          43  0.21274925622656649     
          44  0.20723829682226583     
          45  0.20362916181046048     
          46  0.20007366047488351     
          47  0.19592527234872165     
          48  0.19059190496607242     
          49  0.18202757563266972     
          50  0.17970661745464109     
          51  0.17549188284416103     
          52  0.17238518008328882     
          53  0.16647860540560189     
          54  0.16248777470448889     
          55  0.15844336532679029     
          56  0.15439858146018026     
          57  0.15150025705282080     
          58  0.14771408277088999     
          59  0.14274033347901532     
          60  0.14086438962750827     
          61  0.13707605343387907     
          62  0.13478100969240564     
          63  0.13026643431428961     
          64  0.12703201938354006     
          65  0.12539289327484526     
          66  0.12110203899905826     
          67  0.11814874959525515     
          68  0.11461611407234353     
          69  0.11326403895063833     
          70  0.11018552855588228     
          71  0.10721497700693949     
          72  0.10489793696042052     
          73  0.10241598100058186     
          74   9.9820716919799560E-002
          75   9.6755097766820675E-002
          76   9.4250960478045709E-002
          77   9.3105344956977920E-002
          78   8.9863781787180408E-002
          79   8.7956477286025236E-002
          80   8.6064747589220031E-002
          81   8.3707621876845231E-002
          82   8.1560325729036556E-002
          83   8.0346519079360815E-002
          84   7.8546559674451552E-002
          85   7.5917701030296117E-002
          86   7.5052153591651710E-002
          87   7.1975926900472206E-002
          88   7.0705591494849895E-002
          89   6.8137270629692978E-002
          90   6.6534106733453557E-002
          91   6.5304687755312230E-002
          92   6.4256043901583584E-002
          93   6.1703222737620460E-002
          94   6.0840044125144974E-002
          95   5.8908939452868826E-002
          96   5.7876161570259245E-002
          97   5.6436428546428739E-002
          98   5.4856299655695134E-002
          99   5.3832134683743739E-002
         100   5.2058020859725392E-002
         101   5.1178934921521799E-002
         102   4.9482355419466183E-002
         103   4.8718821400401464E-002
         104   4.7528603858836442E-002
         105   4.5696903771249749E-002
         106   4.4703027886062369E-002
         107   4.4274421500544538E-002
         108   4.3116345182897843E-002
         109   4.2010626992140802E-002
         110   4.0984722066994363E-002
         111   3.9603558323970285E-002
         112   3.8514770475378948E-002
         113   3.7606766350255762E-002
         114   3.6461625970746252E-002
         115   3.5664238316017824E-002
         116   3.4868244524914528E-002
         117   3.4174019912562976E-002
         118   3.3126685775849631E-002
         119   3.2403742770411567E-002
         120   3.1771692132680621E-002
         121   3.0857457085714066E-002
         122   3.0107994958674378E-002
         123   2.9136773508417972E-002
         124   2.8491870335300228E-002
         125   2.7718359803493502E-002
         126   2.7126534995192509E-002
         127   2.6613212899908759E-002
         128   2.5778210546890272E-002
         129   2.5111304889843714E-002
         130   2.4811765752696766E-002
         131   2.4076297527636275E-002
         132   2.3483691319736773E-002
         133   2.2911209735201620E-002
         134   2.2394889156812061E-002
         135   2.1340598062719464E-002
         136   2.1003068844196653E-002
         137   2.0614785326597905E-002
         138   1.9896069892262089E-002
         139   1.9552739651060670E-002
         140   1.8753533236407615E-002
         141   1.8607603412084037E-002
         142   1.8064387402290334E-002
         143   1.7791403771274396E-002
         144   1.7264833174099090E-002
         145   1.6846890988851868E-002
         146   1.6378817973476352E-002
         147   1.5941528697682734E-002
         148   1.5505250045535534E-002
         149   1.5131550214929615E-002
         150   1.4664560604922473E-002
         151   1.4498915010950967E-002
         152   1.4005043742074844E-002
         153   1.3697011079409821E-002
         154   1.3475786527313072E-002
         155   1.2933491237311259E-002
         156   1.2566751726870357E-002
         157   1.2317124629348371E-002
         158   1.2079524284457577E-002
         159   1.1621197619251091E-002
         160   1.1444364098739701E-002
         161   1.1179631567697032E-002
         162   1.0935835737623918E-002
         163   1.0530571086752743E-002
         164   1.0315515656766040E-002
         165   1.0024500248416666E-002
         166   9.8041128871976697E-003
         167   9.5676432933614122E-003
         168   9.2772632499223233E-003
         169   9.0286220800593602E-003
         170   8.7757266957133994E-003
         171   8.5949309590827739E-003
         172   8.4276074464092049E-003
         173   8.1365202377620335E-003
         174   7.8575940497508674E-003
         175   7.7348862414712031E-003
         176   7.5123511834555992E-003
         177   7.2709107384284202E-003
         178   7.2055265879721123E-003
         179   6.9435073749727202E-003
         180   6.8074428520044777E-003
         181   6.7050618776815620E-003
         182   6.4497108288601073E-003
         183   6.1981075889760325E-003
         184   6.0783409940861873E-003
         185   5.9293543687113388E-003
         186   5.8205027295047769E-003
         187   5.5640463192689112E-003
         188   5.4721084252880511E-003
         189   5.3738990576606494E-003
         190   5.2289948407273348E-003
         191   5.0634707298891028E-003
         192   5.0010488229936820E-003
         193   4.7641795146982835E-003
         194   4.6572171883829455E-003
         195   4.5048828809217947E-003
         196   4.5136026579664793E-003
         197   4.3270846812576780E-003
         198   4.2112932007829498E-003
         199   4.1144279521079987E-003
         200   4.0560195600833791E-003
         201   3.8854853137753934E-003
         202   3.7484425992030394E-003
         203   3.7347380600268568E-003
         204   3.6136654499284151E-003
         205   3.5541133983096407E-003
         206   3.4209315022671188E-003
         207   3.3060884882878455E-003
         208   3.2517085314070458E-003
         209   3.1559609772513048E-003
         210   3.0526853937005933E-003
         211   2.9606203868360109E-003
         212   2.9128936665268391E-003
         213   2.8212602821836214E-003
         214   2.7573335094730261E-003
         215   2.6652787197430847E-003
         216   2.6081227396555565E-003
         217   2.5841855917778716E-003
         218   2.4806286579591385E-003
         219   2.3937136233562113E-003
         220   2.3391680727256358E-003
         221   2.2853666247425117E-003
         222   2.2342160786127494E-003
         223   2.1789094691599229E-003
         224   2.0995089703000503E-003
         225   2.0659430853905269E-003
         226   1.9761532964913246E-003
         227   1.9400809566065590E-003
         228   1.8964186675802474E-003
         229   1.8413747570948534E-003
         230   1.7847802394848615E-003
         231   1.7102839891400402E-003
         232   1.6876253953814102E-003
         233   1.6593493283365130E-003
         234   1.5798825840311066E-003
         235   1.5563964719298531E-003
         236   1.5055461624480008E-003
         237   1.4802748951520202E-003
         238   1.4078052797386106E-003
         239   1.3735884335325218E-003
         240   1.4137646582802453E-003
         241   1.3046367094059861E-003
         242   1.2870385261981665E-003
         243   1.2421403356101966E-003
         244   1.1942620337569189E-003
         245   1.1642838674000607E-003
         246   1.1239803904586757E-003
         247   1.1160431225420478E-003
         248   1.0673819379965100E-003
         249   1.0456073974348425E-003
         250   1.0153321247379111E-003
         251   9.9494841074151508E-004
         252   9.6707038950893367E-004
         253   9.3099507073414456E-004
         254   9.1777049933189066E-004
         255   8.8787298013555263E-004
         256   8.7677859300542801E-004
         257   8.3760096648767925E-004
         258   8.2265043974941946E-004
         259   7.8699131726722824E-004
         260   7.8281907493718843E-004
         261   7.8436291598879538E-004
         262   7.4039425673692394E-004
         263   7.1278255448761058E-004
         264   6.8772646948698807E-004
         265   6.6799184816653445E-004
         266   6.4517369369173467E-004
         267   6.2755863431364974E-004
         268   6.3114464042480470E-004
         269   6.1542667578229717E-004
         270   5.7709282863166011E-004
         271   5.5847523061148966E-004
         272   5.6816933089930686E-004
         273   5.3980965939331830E-004
         274   5.2737449622111687E-004
         275   4.8975412234294232E-004
         276   5.0399898944683249E-004
         277   4.7861806845299207E-004
         278   4.6464786957787520E-004
         279   4.5782930927035540E-004
         280   4.4798372828571916E-004
         281   4.3514862040774607E-004
         282   4.2290142609448939E-004
         283   4.1070626789370878E-004
         284   3.8509319167652836E-004
         285   3.8616478513578742E-004
         286   3.6481164932202864E-004
         287   3.6411584472449606E-004
         288   3.4105193049412867E-004
         289   3.3757117895026649E-004
         290   3.1703354855917143E-004
         291   3.1212157318443059E-004
         292   3.0778841329733790E-004
         293   2.8850203357052158E-004
         294   2.8314421268714647E-004
         295   2.8607707808180858E-004
         296   2.8070898375578046E-004
         297   2.4744356484134109E-004
         298   2.5955855790548392E-004
         299   2.5124452272032332E-004
         300   2.4173046964962082E-004
         301   2.3104091042262426E-004
         302   2.4089875274328556E-004
         303   2.2202864917590000E-004
         304   2.1636761758113440E-004
         305   2.1351641638483690E-004
         306   2.0923073335157464E-004
         307   1.9936670470017262E-004
         308   1.8637823438423252E-004
         309   1.8202242487512293E-004
         310   1.7763812301298205E-004
         311   1.7444156113975381E-004
         312   1.6143427584238568E-004
         313   1.5690742173504624E-004
         314   1.6662357512313477E-004
         315   1.4989797594683292E-004
         316   1.5126393094860635E-004
         317   1.4785211258657843E-004
         318   1.4253545392909424E-004
         319   1.3385364712726252E-004
         320   1.3030670727120076E-004
         321   1.2872299095128620E-004
         322   1.1990587254636595E-004
         323   1.2257280262178009E-004
         324   1.1321355316548018E-004
         325   1.1656546938249756E-004
         326   1.0995218207731345E-004
         327   1.0950524719365933E-004
         328   9.7343276035811185E-005
         329   1.0188193467179261E-004
         330   9.1945776254071833E-005
         331   9.8061640734414942E-005
         332   9.2275576096125279E-005
         333   8.8940718400835794E-005
         334   8.3074098245711152E-005
         335   8.5118342129222651E-005
         336   7.3936368617554983E-005
         337   7.5460506993272206E-005
         338   7.2018618025766537E-005
         339   6.7322191324525684E-005
         340   6.5073965096192597E-005
         341   6.4612290097754613E-005
         342   6.3492174938345339E-005
         343   6.3335709274298273E-005
         344   6.3092947756503593E-005
         345   5.6272978361787384E-005
         346   5.6932412789323722E-005
         347   5.4829297038295910E-005
         348   5.0256955878320928E-005
         349   5.0488029541916787E-005
         350   4.8071482396217360E-005
         351   4.6311092503987357E-005
         352   4.2972949034273918E-005
         353   4.5277594169327631E-005
         354   4.2746455372090818E-005
         355   4.0304576783828143E-005
         356   3.7758243765782374E-005
         357   3.5548723418209348E-005
         358   3.7088093778748006E-005
         359   3.5527076638307890E-005
         360   3.4417227098770825E-005
         361   3.3436007771621233E-005
         362   3.3304139360156422E-005
         363   3.1017845235780257E-005
         364   3.5521830380103350E-005
         365   2.9192428912347453E-005
         366   3.0097278451194943E-005
         367   2.7105208468551594E-005
         368   2.5845018069130624E-005
         369   2.4067493124013993E-005
         370   2.6259648322154209E-005
         371   2.2315657633322936E-005
         372   2.2536660098152770E-005
         373   2.2364642633399248E-005
         374   1.9237171809298870E-005
         375   1.8908192031153324E-005
         376   2.1948911430035865E-005
         377   1.9266114730777669E-005
         378   1.7939229654702955E-005
         379   1.7516887419340309E-005
         380   1.4895680206177862E-005
         381   1.6623599317053985E-005
         382   1.8115096375017703E-005
         383   1.3745575544482361E-005
         384   1.4854839201414469E-005
         385   1.2100651020905563E-005
         386   1.3690293968731439E-005
         387   1.2186422591968822E-005
         388   1.2336278490230375E-005
         389   1.2796301885199748E-005
         390   1.2369858342039433E-005
         391   1.2408665975369438E-005
         392   1.0590197165219002E-005
         393   1.2230906133334929E-005
         394   1.1603520567441369E-005
         395   1.0988253546826896E-005
         396   1.0326517238810589E-005
         397   1.0930312120632390E-005
         398   8.8694890763458852E-006
         399   8.3768245071406702E-006
         400   7.2434748079510528E-006
         401   7.7993243811932737E-006
         402   5.7962760136483961E-006
         403   7.3296033508546856E-006
         404   7.0508435096815190E-006
         405   6.2918304682518708E-006
         406   7.1758732332516103E-006
         407   7.0920889942181702E-006
         408   7.3430904779036979E-006
         409   5.8370756212398941E-006
         410   6.4244012971836154E-006
         411   5.4985633207421712E-006
         412   4.1162109164840097E-006
         413   4.9798485932510340E-006
         414   4.4013538794553522E-006
         415   4.6554817784158130E-006
         416   4.7260509844129358E-006
         417   3.4693152472868120E-006
         418   3.5910947249353350E-006
         419   3.2563115986999385E-006
         420   5.0420881990964055E-006
         421   3.3579943494192373E-006
         422   4.1901371272108083E-006
         423   2.1737273826661508E-006
         424   2.7828879888897337E-006
         425   2.4621815132022220E-006
         426   2.3187078032533107E-006
         427   1.4370710046746868E-006
         428   1.7345803887266015E-006
         429   2.9331165974767744E-006
         430   2.4483015234875543E-006
         431   2.4349311374158063E-006
         432   2.0412241725492391E-006
         433   2.1606627722441847E-006
         434   1.3067039739570651E-006
         435   2.0136443060187479E-006
         436   1.7951941725420564E-006
         437   2.1204937624296273E-006
         438   1.4899287894847123E-006
         439   1.5240281494841711E-006
         440   1.4364309534596207E-006
         441   1.4694562090261140E-006
         442   1.1378080284308793E-006
         443   7.2802700333236977E-007
         444   1.0874485267598631E-006
         445   6.0137375394831739E-007
         446   1.7167257745528126E-006
         447   6.3589235191040469E-007
         448   7.5199950523611220E-007
         449   6.6955300939140198E-007
         450   6.2742377175013223E-007
         451   8.9847323508768258E-007
         452   1.9445818081648229E-007
         453   3.4842684359051975E-007
         454   7.3178132316105944E-007
         455   6.5223216253675394E-007
         456   6.8718407645258538E-007
         457   4.5648105067240225E-007
         458   4.1667467989248904E-007
         459   4.5265096192956981E-007
         460   3.7494360225483821E-007
         461   1.8689848042886809E-007
         462   7.4560607423393024E-008
         463   2.2243827141420742E-007
         464   1.8457984835201959E-007
         465   2.2030350638161856E-007
         466   2.9257333097211704E-007
         467   5.4566902246277400E-007
         468   2.5369967268950555E-007
         469   1.4442426609126982E-007
         470   1.0763596675393567E-007
         471   7.1590877848062092E-008
         472   0.0000000000000000E+000
         473   2.8386974710046589E-007
         474   1.0598779076975669E-007
         475   3.5171573277702688E-008
         476   0.0000000000000000E+000
         477   1.0475061393270761E-007
         478   6.9599767004135178E-008
         479   6.9173654345288756E-008
         480   0.0000000000000000E+000
         481   0.0000000000000000E+000
         482   0.0000000000000000E+000
         483   3.4109833083865475E-008
         484   6.7773454770682231E-008
         485   0.0000000000000000E+000
         486   3.3561701022269979E-008
         487   3.3417252060136469E-008
         488   3.3388772505446135E-008
         489   0.0000000000000000E+000
         490   0.0000000000000000E+000
         491   0.0000000000000000E+000
         492   0.0000000000000000E+000
         493   0.0000000000000000E+000
         494   0.0000000000000000E+000
         495   0.0000000000000000E+000
         496   0.0000000000000000E+000
         497   0.0000000000000000E+000
         498   0.0000000000000000E+000
         499   0.0000000000000000E+000
         500   0.0000000000000000E+000
         501   0.0000000000000000E+000
         502   0.0000000000000000E+000
         503   0.0000000000000000E+000
         504   0.0000000000000000E+000
         505   0.0000000000000000E+000
         506   3.0971071789615157E-008
         507   0.0000000000000000E+000
         508   6.1612023753450524E-008
         509   6.1274580591283984E-008
         510   0.0000000000000000E+000
         511   0.0000000000000000E+000
         512   0.0000000000000000E+000
         513   0.0000000000000000E+000
         514   0.0000000000000000E+000
         515   0.0000000000000000E+000
         516   0.0000000000000000E+000
         517   5.9471014564986991E-008
         518   0.0000000000000000E+000
         519   0.0000000000000000E+000
         520   2.9429015931683550E-008
         521   5.8495760405941003E-008
         522   2.9135056198781133E-008
         523   0.0000000000000000E+000
         524   2.8951827992367689E-008
         525   0.0000000000000000E+000
         526   0.0000000000000000E+000
         527   8.5750862549814897E-008
         528   5.7016357141007120E-008
         529   2.8421852752263642E-008
         530   2.8235990122905035E-008
         531   2.8129880730509598E-008
         532   1.9634828197294285E-007
         533   5.5836630113773724E-008
         534   2.7886402555787810E-008
         535   1.3866462873125424E-007
         536   2.7689514829084411E-008
         537   1.3776001888304540E-007
         538   2.7489651367420871E-008
         539   2.7294216184152327E-008
         540   1.0889457191226537E-007
         541   1.0860251757163248E-007
         542   8.1091363618134179E-008
         543   2.6916906086288128E-008
         544   5.3710014150742100E-008
         545   5.3483464760848065E-008
         546   1.5976748331072970E-007
         547   2.6591858491919921E-008
         548   5.2858954703291127E-008
         549   0.0000000000000000E+000
         550   2.6213911520604833E-008
         551   1.3082421785051515E-007
         552   2.6047673558329875E-008
         553   7.7837919895114636E-008
         554   0.0000000000000000E+000
         555   2.5791810652228426E-007
         556   5.1388329206989169E-008
         557   0.0000000000000000E+000
         558   2.5541185494476880E-008
         559   1.7808446155167089E-007
         560   1.5204002866193436E-007
         561   1.0088668382127152E-007
         562   5.0279881423511288E-008
         563   0.0000000000000000E+000
         564   1.4996598522228125E-007
         565   4.9796881785898540E-008
         566   7.4447064229322218E-008
         567   4.9388231921544076E-008
         568   1.2297865612201481E-007
         569   2.6983935008229138E-007
         570   1.9570023168401783E-007
         571   7.3045457732962299E-008
         572   4.8571888952830417E-008
         573   7.2663140221608593E-008
         574   9.6497586926773465E-008
         575   1.9219789063170080E-007
         576   2.3939219581072874E-007
         577   3.3415610721347410E-007
         578   1.4275456894307307E-007
         579   1.6586640937119470E-007
         580   1.8883363104896294E-007
         581   1.6471480384048494E-007
         582   2.3456763414116194E-007
         583   1.1692122707128536E-007
         584   9.3216735729329803E-008
         585   9.2777884896603262E-008
         586   2.0808756077642081E-007
         587   9.2248564149618816E-008
         588   6.9012825124259837E-008
         589   1.1447860935023657E-007
         590   6.8483829285554137E-008
         591   1.5907053864655968E-007
         592   1.1326529750550134E-007
         593   2.0333758543890510E-007
         594   1.1267342795211430E-007
         595   1.7956229278392765E-007
         596   1.7888271703425047E-007
         597   4.4546134113684696E-008
         598   4.4400869722034783E-008
         599   1.9918716268755435E-007
         600   2.2065887915160580E-007
         601   6.5979507163463261E-008
         602   2.6307078124349599E-007
         603   2.1851861273178339E-007
         604   1.5247614922473788E-007
         605   1.9519140052208470E-007
         606   2.1646851797343487E-008
         607   2.1562032728771450E-007
         608   4.3030683098882717E-008
         609   1.0714922469148827E-007
         610   1.7090301923191523E-007
         611   2.1280718216574508E-007
         612   1.9106216874278659E-007
         613   1.2695952281549403E-007
         614   1.6854969738478364E-007
         615   1.6807271160539876E-007
         616   1.6753734972395246E-007
         617   1.4605275568670949E-007
         618   6.2370951566872397E-008
         619   2.0756241147846201E-008
         620   1.2398458979381995E-007
         621   1.4426962415502764E-007
         622   1.6432097055945592E-007
         623   1.4327732335469740E-007
         624   1.2245220694164679E-007
         625   1.2199904693130750E-007
         626   1.4187971969653455E-007
         627   2.0200632199799186E-008
         628   2.2163650219587635E-007
         629   3.8151165282321988E-007
         630   1.0011286577443957E-007
         631   1.7963567064512425E-007
         632   9.9359487834601008E-008
         633   9.9216246286929075E-008
         634   1.3829278706673129E-007
         635   5.9159336879072387E-008
         636   7.8578962906024517E-008
         637   9.7846383724029471E-008
         638   3.9020529782866914E-008
         639   1.7518517832675633E-007
         640   1.1633091102634195E-007
         641   1.7405631427517385E-007
         642   1.9277461748212469E-007
         643   5.7590758661716609E-008
         644   5.7534534100281384E-008
         645   9.5531202047512965E-008
         646   7.6177086119383724E-008
         647   1.5188759881806999E-007
         648   2.0816787812196149E-007
         649   1.3208435422932638E-007
         650   5.6386313206361912E-008
         651   5.6247187798053774E-008
         652   5.6129006426617654E-008
         653   1.1176700201399213E-007
         654   1.6712748017181370E-007
         655   9.2615279647085783E-008
         656   9.2314185000986302E-008
         657   3.6849390337597554E-008
         658   7.3403527230457619E-008
         659   9.1458675469203364E-008
         660   2.1893967007452809E-007
         661   1.6370625044276541E-007
         662   1.2692326250644870E-007
         663   9.0351417522646980E-008
         664   1.4418937496481651E-007
         665   8.9904535779831157E-008
         666   1.9705715472228505E-007
         667   8.9269692736970120E-008
         668   7.1243619914494377E-008
         669   5.3244140700426170E-008
         670   1.2381950380851259E-007
         671   1.9398199009915607E-007
         672   1.2324912709632404E-007
         673   5.2633647850075314E-008
         674   1.2238301466929864E-007
         675   5.2376566240395614E-008
         676   6.9524396635860779E-008
         677   1.3869520197384349E-007
         678   1.0370699092452004E-007
         679   1.3783672621637981E-007
         680   1.3745777150455516E-007
         681   1.3703232368541550E-007
         682   1.3668036515705574E-007
         683   1.8749273865850499E-007
         684   1.6973704681353789E-007
         685   1.5252568965701022E-007
         686   1.1823242730038264E-007
         687   1.0103659722919243E-007
         688   8.3927917683740585E-008
         689   1.3389747600786222E-007
         690   1.3353824191020336E-007
         691   4.9932075681719427E-008
         692   3.3208567092668079E-008
         693   1.3241000819920069E-007
         694   1.1549672346648658E-007
         695   4.9372936688704736E-008
         696   1.1481674602356993E-007
         697   1.3087590973939322E-007
         698   1.3048843878859085E-007
         699   1.1383768655142142E-007
         700   4.8679711229467519E-008
         701   3.2336089639669089E-008
         702   2.2575251246796260E-007
         703   9.6441419601125725E-008
         704   1.2820237972250261E-007
         705   9.5918695659651967E-008
         706   6.3774963688448989E-008
         707   1.5899539147430901E-008
         708   3.1679697252142044E-008
         709   7.9061737306283695E-008
         710   9.4581799302098858E-008
         711   9.4328254072708942E-008
         712   1.5676273147228973E-008
         713   4.6853306306354725E-008
         714   7.7974954151422532E-008
         715   1.5525117405657170E-008
         716   7.7474355712079357E-008
         717   6.1838381776642478E-008
         718   4.6263450515805120E-008
         719   7.6845928870037531E-008
         720   1.3798658995397924E-007
         721   1.0695756123957766E-007
         722   6.0997309889629674E-008
         723   9.1201016334877324E-008
         724   3.0314771123385834E-008
         725   1.2096414432391727E-007
         726   6.0338750703310238E-008
         727   9.0194454831378785E-008
         728   4.4954634247111172E-008
         729   1.3460480669169988E-007
         730   7.4556221666457650E-008
         731   4.4617345981008945E-008
         732   7.4147121577543206E-008
         733   1.1838112539360209E-007
         734   4.4256961738028709E-008
         735   1.3242787535396141E-007
         736   5.8712847076667326E-008
         737   4.3882824052420441E-008
         738   5.8384767933412439E-008
         739   4.3659102687353188E-008
         740   7.2586870964229516E-008
         741   1.4486810008480305E-008
         742   1.4453339735707463E-008
         743   4.3190158179006751E-008
         744   7.1787468876295431E-008
         745   5.7259674272488560E-008
         746   1.4269061642824245E-008
         747   0.0000000000000000E+000
         748   0.0000000000000000E+000
         749   5.6637043021335023E-008
         750   0.0000000000000000E+000
         751   5.6399029328936570E-008
         752   5.6176171422529208E-008
         753   4.2001187525558563E-008
         754   5.5862656271284475E-008
         755   8.3624901369189681E-008
         756   1.3888182596613333E-008
         757   0.0000000000000000E+000
         758   2.7674673620506396E-008
         759   1.3799944438259085E-008
         760   2.7542396850154472E-008
         761   0.0000000000000000E+000
         762   5.4773012487362549E-008
         763   2.7310280726743480E-008
         764   0.0000000000000000E+000
         765   2.7148827648496304E-008
         766   4.0659894109642037E-008
         767   2.7027903482683718E-008
         768   2.6973041532759427E-008
         769   2.6873400205172331E-008
         770   1.3398422995217455E-008
         771   4.0122487269589828E-008
         772   1.3344398210260629E-008
         773   3.9919621726525336E-008
         774   3.9841288187987784E-008
         775   1.3247606407456708E-008
         776   2.6409251939045391E-008
         777   1.3148554064654977E-008
         778   2.6231381133105091E-008
         779   1.3095611404163556E-008
         780   0.0000000000000000E+000
         781   2.6045079132804279E-008
         782   5.1995853841333462E-008
         783   3.8875636027854334E-008
         784   1.2936439347829032E-008
         785   3.8669162063713573E-008
         786   2.5737018213069530E-008
         787   0.0000000000000000E+000
         788   5.1255349296679775E-008
         789   2.5547519565110978E-008
         790   3.8205029603062454E-008
         791   3.8094053859003227E-008
         792   3.8024582729727385E-008
         793   0.0000000000000000E+000
         794   1.2621223877487275E-008
         795   5.0336671391705510E-008
         796   5.0179383021258206E-008
         797   3.7545735155675347E-008
         798   1.2484734044904251E-008
         799   1.2461689655206088E-008
         800   6.2129859078311431E-008
         801   0.0000000000000000E+000
         802   3.7090208112909767E-008
         803   1.2317994872268010E-008
         804   1.2298651113516751E-008
         805   1.2251272323385583E-008
         806   9.7854236004940048E-008
         807   1.2203420850596860E-008
         808   3.6500083917031968E-008
         809   0.0000000000000000E+000
         810   1.2119379317526736E-008
         811   2.4147323174170099E-008
         812   0.0000000000000000E+000
         813   2.4048342438289626E-008
         814   2.3997053918566895E-008
         815   3.5880943317329320E-008
         816   1.1928220137742761E-008
         817   2.3798835820566814E-008
         818   1.1890633677399810E-008
         819   0.0000000000000000E+000
         820   1.1809992070504515E-008
         821   2.3592023988252829E-008
         822   0.0000000000000000E+000
         823   1.1733097314424393E-008
         824   2.3409506036598107E-008
         825   4.6689022172919350E-008
         826   0.0000000000000000E+000
         827   2.3223185442261612E-008
         828   0.0000000000000000E+000
         829   0.0000000000000000E+000
         830   3.4619103730600715E-008
         831   2.3009689187802609E-008
         832   2.2970936299435796E-008
         833   2.2912485494047030E-008
         834   2.2834528610957259E-008
         835   2.2807001902353606E-008
         836   1.1364393838970558E-008
         837   4.5403726207128500E-008
         838   1.1325258959992416E-008
         839   3.3875491966337152E-008
         840   0.0000000000000000E+000
         841   1.1226010972405246E-008
         842   3.3625949521647358E-008
         843   4.4711138357062398E-008
         844   0.0000000000000000E+000
         845   2.2258031474894508E-008
         846   0.0000000000000000E+000
         847   2.2160876619092175E-008
         848   3.3162380018546241E-008
         849   2.2045027180183947E-008
         850   2.2018656631603176E-008
         851   2.1936885702481636E-008
         852   1.0941384227497674E-008
         853   2.1849362861065281E-008
         854   0.0000000000000000E+000
         855   1.0872432502036052E-008
         856   0.0000000000000000E+000
         857   1.0831997114394653E-008
         858   3.2381603392866051E-008
         859   0.0000000000000000E+000
         860   2.1497166399131951E-008
         861   1.0724605707833784E-008
         862   0.0000000000000000E+000
         863   2.1351273639992311E-008
         864   0.0000000000000000E+000
         865   2.1239325231573716E-008
         866   3.1800161126231152E-008
         867   2.1142221827025499E-008
         868   1.0559016183926449E-008
         869   1.0520799544829517E-008
         870   2.1005724360055608E-008
         871   0.0000000000000000E+000
         872   2.0911870304535592E-008
         873   0.0000000000000000E+000
         874   1.0412751920658279E-008
         875   6.2333687198846474E-008
         876   1.0351784202450105E-008
         877   4.1355688192436088E-008
         878   1.0322674828387958E-008
         879   1.0285085667317133E-008
         880   1.0267930669418531E-008
         881   1.0230355896716881E-008
         882   0.0000000000000000E+000
         883   0.0000000000000000E+000
         884   1.0171671454261455E-008
         885   1.0157770206229671E-008
         886   3.0381859518926621E-008
         887   4.0407955395800195E-008
         888   1.0089824451024406E-008
         889   4.0200800572078574E-008
         890   1.0044417909649778E-008
         891   0.0000000000000000E+000
         892   1.9960280648889178E-008
         893   0.0000000000000000E+000
         894   0.0000000000000000E+000
         895   9.9183490970443847E-009
         896   9.9019794205180513E-009
         897   9.8810527679133526E-009
         898   9.8676912914527711E-009
         899   1.9675528663007517E-008
         900   0.0000000000000000E+000
         901   0.0000000000000000E+000
         902   0.0000000000000000E+000
         903   9.7411411246467741E-009
         904   0.0000000000000000E+000
         905   0.0000000000000000E+000
         906   0.0000000000000000E+000
         907   9.6731382347129134E-009
         908   0.0000000000000000E+000
         909   0.0000000000000000E+000
         910   0.0000000000000000E+000
         911   0.0000000000000000E+000
         912   0.0000000000000000E+000
         913   9.5431299062864501E-009
         914   0.0000000000000000E+000
         915   0.0000000000000000E+000
         916   9.4656348166558801E-009
         917   0.0000000000000000E+000
         918   0.0000000000000000E+000
         919   0.0000000000000000E+000
         920   0.0000000000000000E+000
         921   0.0000000000000000E+000
         922   0.0000000000000000E+000
         923   1.8648912348985832E-008
         924   0.0000000000000000E+000
         925   0.0000000000000000E+000
         926   9.2681051137356181E-009
         927   0.0000000000000000E+000
         928   0.0000000000000000E+000
         929   0.0000000000000000E+000
         930   0.0000000000000000E+000
         931   0.0000000000000000E+000
         932   0.0000000000000000E+000
         933   0.0000000000000000E+000
         934   0.0000000000000000E+000
         935   0.0000000000000000E+000
         936   0.0000000000000000E+000
         937   0.0000000000000000E+000
         938   0.0000000000000000E+000
         939   0.0000000000000000E+000
         940   0.0000000000000000E+000
         941   0.0000000000000000E+000
         942   0.0000000000000000E+000
         943   0.0000000000000000E+000
         944   0.0000000000000000E+000
         945   0.0000000000000000E+000
         946   0.0000000000000000E+000
         947   0.0000000000000000E+000
         948   0.0000000000000000E+000
         949   0.0000000000000000E+000
         950   0.0000000000000000E+000
         951   0.0000000000000000E+000
         952   0.0000000000000000E+000
         953   0.0000000000000000E+000
         954   0.0000000000000000E+000
         955   0.0000000000000000E+000
         956   0.0000000000000000E+000
         957   0.0000000000000000E+000
         958   0.0000000000000000E+000
         959   0.0000000000000000E+000
         960   0.0000000000000000E+000
         961   0.0000000000000000E+000
         962   0.0000000000000000E+000
         963   0.0000000000000000E+000
         964   0.0000000000000000E+000
         965   0.0000000000000000E+000
         966   0.0000000000000000E+000
         967   0.0000000000000000E+000
         968   0.0000000000000000E+000
         969   0.0000000000000000E+000
         970   0.0000000000000000E+000
         971   0.0000000000000000E+000
         972   0.0000000000000000E+000
         973   0.0000000000000000E+000
         974   0.0000000000000000E+000
         975   0.0000000000000000E+000
         976   0.0000000000000000E+000
         977   0.0000000000000000E+000
         978   0.0000000000000000E+000
         979   0.0000000000000000E+000
         980   0.0000000000000000E+000
         981   0.0000000000000000E+000
         982   0.0000000000000000E+000
         983   0.0000000000000000E+000
         984   0.0000000000000000E+000
         985   0.0000000000000000E+000
         986   0.0000000000000000E+000
         987   0.0000000000000000E+000
         988   0.0000000000000000E+000
         989   0.0000000000000000E+000
         990   0.0000000000000000E+000
         991   0.0000000000000000E+000
         992   0.0000000000000000E+000
         993   0.0000000000000000E+000
         994   0.0000000000000000E+000
         995   0.0000000000000000E+000
         996   0.0000000000000000E+000
         997   0.0000000000000000E+000
         998   0.0000000000000000E+000
         999   0.0000000000000000E+000
        1000   0.0000000000000000E+000
