           1  0.17202778470488062     
           2  0.12654202739615827     
           3  0.16702541204886706     
           4  0.17475350338869436     
           5  0.15422706936069616     
           6  0.15343078360645343     
           7  0.13724671671749725     
           8  0.14009543314881195     
           9  0.14917652653953636     
          10  0.13816269019277400     
          11  0.12745589828197079     
          12  0.13144402212347192     
          13  0.14139358997499266     
          14  0.13419543092605893     
          15  0.12611084953017090     
          16  0.12453028941676225     
          17  0.11915915040586218     
          18  0.13072761621779297     
          19  0.12211420670738672     
          20  0.11460450993446458     
          21  0.11616370935753133     
          22  0.11580882622586833     
          23  0.11108503323912472     
          24  0.11151146400868986     
          25  0.11021609806370877     
          26  0.10629615410388299     
          27  0.10533307077403972     
          28  0.10576921603497740     
          29  0.10216696399942704     
          30  0.10270121346630445     
          31   9.8816122681006480E-002
          32   9.8486096070099172E-002
          33   9.5892882643442284E-002
          34   9.4909977908654894E-002
          35   9.2407698830393487E-002
          36   9.0773274373183624E-002
          37   8.9939380832607232E-002
          38   8.8320483725476573E-002
          39   8.6286731457867014E-002
          40   8.6808752117403909E-002
          41   8.5250367731816851E-002
          42   8.2758783608449252E-002
          43   8.0564242595515423E-002
          44   8.1827770509609349E-002
          45   7.9146060765691126E-002
          46   7.8390658495258086E-002
          47   7.6497154358490416E-002
          48   7.5969602744672682E-002
          49   7.4114943572402836E-002
          50   7.3944430005968578E-002
          51   7.2081266830658255E-002
          52   7.0802218887788343E-002
          53   7.1088614891288704E-002
          54   6.8638510494685862E-002
          55   6.7701125428188319E-002
          56   6.6591330381060715E-002
          57   6.5584649532435202E-002
          58   6.3900579702160579E-002
          59   6.3315330789550511E-002
          60   6.1738570963182332E-002
          61   6.1267512635841584E-002
          62   5.9806034864649478E-002
          63   5.8926369816961907E-002
          64   5.7927765113759438E-002
          65   5.7679235483573017E-002
          66   5.6614490250899256E-002
          67   5.5235126058267060E-002
          68   5.5348929430975392E-002
          69   5.3782722576401827E-002
          70   5.2991186582841424E-002
          71   5.2014927491811858E-002
          72   5.0873160391270343E-002
          73   5.0550272900395224E-002
          74   4.9788874895147613E-002
          75   4.8798295045386034E-002
          76   4.8287915364088697E-002
          77   4.6790817963289523E-002
          78   4.6449708335246268E-002
          79   4.5893633600733362E-002
          80   4.5453333593700282E-002
          81   4.4758441431860738E-002
          82   4.3557344708679162E-002
          83   4.3252197368476110E-002
          84   4.2286310546372274E-002
          85   4.1120843642790166E-002
          86   4.0885872718910608E-002
          87   4.0511258375238307E-002
          88   3.9413544204002962E-002
          89   3.9323290056066419E-002
          90   3.8478162782409252E-002
          91   3.7829807234883335E-002
          92   3.7172843068121714E-002
          93   3.6489566777258196E-002
          94   3.6437952782819534E-002
          95   3.5149933921659660E-002
          96   3.4794152940663972E-002
          97   3.4236711501706187E-002
          98   3.3559493758544001E-002
          99   3.3448705751315831E-002
         100   3.2520181732039147E-002
         101   3.2237042421248481E-002
         102   3.1344969760115707E-002
         103   3.0823144195883820E-002
         104   3.0434394327060670E-002
         105   3.0266703474293097E-002
         106   2.9607830917747349E-002
         107   2.9296771012939087E-002
         108   2.8369248086813424E-002
         109   2.8334348988824441E-002
         110   2.7703324539654108E-002
         111   2.7255013475955318E-002
         112   2.7068586031889798E-002
         113   2.6495937964943032E-002
         114   2.5704029367352162E-002
         115   2.5830292627744444E-002
         116   2.5233163103046494E-002
         117   2.4734896643026159E-002
         118   2.4545606618663739E-002
         119   2.4060761266090063E-002
         120   2.3724187080587308E-002
         121   2.3288024291246597E-002
         122   2.2845358163809830E-002
         123   2.2447462901655012E-002
         124   2.1819786301757859E-002
         125   2.1975300762701294E-002
         126   2.1523385037992223E-002
         127   2.1434833883359525E-002
         128   2.0670677827531372E-002
         129   2.0645160525202235E-002
         130   2.0212489033909906E-002
         131   1.9940699160192560E-002
         132   1.9496083513201833E-002
         133   1.9368459724582208E-002
         134   1.8888966326153868E-002
         135   1.8805244832721932E-002
         136   1.8321549963851370E-002
         137   1.8222434289237109E-002
         138   1.7936753423295624E-002
         139   1.7557746414453280E-002
         140   1.7361688621402117E-002
         141   1.6957525044052502E-002
         142   1.6804187850955735E-002
         143   1.6436383413972109E-002
         144   1.6148123085564889E-002
         145   1.5917292653059436E-002
         146   1.5599400011417380E-002
         147   1.5623271434661912E-002
         148   1.5256962365836717E-002
         149   1.4897308938839232E-002
         150   1.4760553811548604E-002
         151   1.4348091730545662E-002
         152   1.4209266634285567E-002
         153   1.3996847538250578E-002
         154   1.3606203699083498E-002
         155   1.3571050764996049E-002
         156   1.3410595149366994E-002
         157   1.2986265710615431E-002
         158   1.2968228414567849E-002
         159   1.2878618444292644E-002
         160   1.2489291043971886E-002
         161   1.2298788061308782E-002
         162   1.2112572126024099E-002
         163   1.1984019127188945E-002
         164   1.1710215816707234E-002
         165   1.1536206816007817E-002
         166   1.1324924892266120E-002
         167   1.1161808112083289E-002
         168   1.1034037040340285E-002
         169   1.0840855603631627E-002
         170   1.0636212947432942E-002
         171   1.0526590502244939E-002
         172   1.0275729042511717E-002
         173   1.0261847636644079E-002
         174   1.0089027374908304E-002
         175   9.8011221593912335E-003
         176   9.7514294268909521E-003
         177   9.5072683873234469E-003
         178   9.3896972974705731E-003
         179   9.2014097965872187E-003
         180   9.0601741125585101E-003
         181   8.9412986256730553E-003
         182   8.8626659214999532E-003
         183   8.6114688772054790E-003
         184   8.5749642592565616E-003
         185   8.3855183747932084E-003
         186   8.1955773571284057E-003
         187   8.0450551445044906E-003
         188   7.9549831876006855E-003
         189   7.9398956249972560E-003
         190   7.6353114561926111E-003
         191   7.6028823154003916E-003
         192   7.4182737586035727E-003
         193   7.3772913265106746E-003
         194   7.3223227531229156E-003
         195   7.1943247768475240E-003
         196   7.0700064666844135E-003
         197   6.8952165767860087E-003
         198   6.7491103492375642E-003
         199   6.6900050887272154E-003
         200   6.6015277732587854E-003
         201   6.4782811277042914E-003
         202   6.3914903435103752E-003
         203   6.2615927753250991E-003
         204   6.1644441304024031E-003
         205   6.1038289684899613E-003
         206   5.9745391838145210E-003
         207   5.8636650457703629E-003
         208   5.7824569335556590E-003
         209   5.7690174811989700E-003
         210   5.6163005916461785E-003
         211   5.4964480132675764E-003
         212   5.4456692995682844E-003
         213   5.3292429685172166E-003
         214   5.2233470261064726E-003
         215   5.1454842681615438E-003
         216   5.0930593890737477E-003
         217   5.0595795309610553E-003
         218   4.9791990328011846E-003
         219   4.8375702450842856E-003
         220   4.8241619710574536E-003
         221   4.7114304342038499E-003
         222   4.6439973232631545E-003
         223   4.5677223730549504E-003
         224   4.4628364219225190E-003
         225   4.4549239533649967E-003
         226   4.3052230286139970E-003
         227   4.2617277221870262E-003
         228   4.1790729426372328E-003
         229   4.1479425428004799E-003
         230   4.0393015660223370E-003
         231   3.9875912341249273E-003
         232   3.8678780943495303E-003
         233   3.8672724274958141E-003
         234   3.8261007591538524E-003
         235   3.7994756895506974E-003
         236   3.7028237962320808E-003
         237   3.6223236240984944E-003
         238   3.4980204687502150E-003
         239   3.5713440475796570E-003
         240   3.4735035268858884E-003
         241   3.4049099001497553E-003
         242   3.3738000432746462E-003
         243   3.3185896859468916E-003
         244   3.2562235656250129E-003
         245   3.2188450061469490E-003
         246   3.0991410925407330E-003
         247   3.1002300792002486E-003
         248   3.0296792438548642E-003
         249   3.0571063917146186E-003
         250   2.9661012114048173E-003
         251   2.9100692034708165E-003
         252   2.8561136873110769E-003
         253   2.8044936843554962E-003
         254   2.7881495431016554E-003
         255   2.7403056067592489E-003
         256   2.7144672630674263E-003
         257   2.6418778806604737E-003
         258   2.6147624511091323E-003
         259   2.5481805347288408E-003
         260   2.5116041225864178E-003
         261   2.4873382378728568E-003
         262   2.4379315110282665E-003
         263   2.4265036969727243E-003
         264   2.3368552479826428E-003
         265   2.3231573164891918E-003
         266   2.2258629969667413E-003
         267   2.2483701410845464E-003
         268   2.2496957102847879E-003
         269   2.1951591770530869E-003
         270   2.1365589679350036E-003
         271   2.0901903675886193E-003
         272   2.0875512764571315E-003
         273   2.0444855437436907E-003
         274   1.9839578535885043E-003
         275   1.9787893975070779E-003
         276   1.9323363880858950E-003
         277   1.9218001872924350E-003
         278   1.9006123960857342E-003
         279   1.8624445316312347E-003
         280   1.8170165200590103E-003
         281   1.7834122897609191E-003
         282   1.7447208580136837E-003
         283   1.7574430463961461E-003
         284   1.7255367351448330E-003
         285   1.6800115258908917E-003
         286   1.6583596524584274E-003
         287   1.6001903344379672E-003
         288   1.6228623788710605E-003
         289   1.6103454043288423E-003
         290   1.5525174248200884E-003
         291   1.5374063244392847E-003
         292   1.5311975861254990E-003
         293   1.4971007183384307E-003
         294   1.4613217026445728E-003
         295   1.4243946443612597E-003
         296   1.4161794530769987E-003
         297   1.3823644171997596E-003
         298   1.3733373112293208E-003
         299   1.3261231559637127E-003
         300   1.3213551416772305E-003
         301   1.2993872020856533E-003
         302   1.2888229085101122E-003
         303   1.2620971617598408E-003
         304   1.2350823676455175E-003
         305   1.2456483853537145E-003
         306   1.2000832088362497E-003
         307   1.1858903544751649E-003
         308   1.1750523649524157E-003
         309   1.1485296059779249E-003
         310   1.1266298117619112E-003
         311   1.1162662459853877E-003
         312   1.0812011335420478E-003
         313   1.0809560356461142E-003
         314   1.0608639018324605E-003
         315   1.0367156535702002E-003
         316   1.0279579546422720E-003
         317   1.0089471458871770E-003
         318   9.7687925582393208E-004
         319   9.6414331856626212E-004
         320   9.6034692737161954E-004
         321   9.5882648446376172E-004
         322   9.3816260339279361E-004
         323   9.0770032114418774E-004
         324   9.1572914987787422E-004
         325   8.8650534287133982E-004
         326   8.7864491224956879E-004
         327   8.5464580125489632E-004
         328   8.4824998623043762E-004
         329   8.2244447789837157E-004
         330   8.3806260066181845E-004
         331   8.0650392746633092E-004
         332   7.9472540131690379E-004
         333   7.7687538480844618E-004
         334   7.6025112386602560E-004
         335   7.5985424526453852E-004
         336   7.5692532769571321E-004
         337   7.2168362042832653E-004
         338   7.2506817889783268E-004
         339   7.1188599096682595E-004
         340   7.0334490084581294E-004
         341   6.7848276421549167E-004
         342   6.8678340921810249E-004
         343   6.7743351782243485E-004
         344   6.5262170561970290E-004
         345   6.5312585946407029E-004
         346   6.3555291760073276E-004
         347   6.2789868263253763E-004
         348   6.0790562093464577E-004
         349   5.9453801120441362E-004
         350   5.9225851522326186E-004
         351   5.8507507656929139E-004
         352   5.6619056794266951E-004
         353   5.7031805696224178E-004
         354   5.5229557276024284E-004
         355   5.5342617985372695E-004
         356   5.3355491557409895E-004
         357   5.2657494404997418E-004
         358   5.2568244481530858E-004
         359   5.1353497699760625E-004
         360   4.9550114351273010E-004
         361   4.9529833018960106E-004
         362   4.9804514281014513E-004
         363   4.8566295894225512E-004
         364   4.7450765201936958E-004
         365   4.7714993354120241E-004
         366   4.6191990331216946E-004
         367   4.5186820211521271E-004
         368   4.5399849054792802E-004
         369   4.3942430456084914E-004
         370   4.3565274196362424E-004
         371   4.2299114624681560E-004
         372   4.1933837632412871E-004
         373   4.0969489906531292E-004
         374   4.0921576896185089E-004
         375   4.0669602713648833E-004
         376   3.9717328095447920E-004
         377   3.8986973157725672E-004
         378   3.7864663181282179E-004
         379   3.5920854758637443E-004
         380   3.7969448243807818E-004
         381   3.5902592150299523E-004
         382   3.5383417960768829E-004
         383   3.4202092069114253E-004
         384   3.4326986714990906E-004
         385   3.3713214906988130E-004
         386   3.4323287552253946E-004
         387   3.3403288522452704E-004
         388   3.1440051870596511E-004
         389   3.1750459313421213E-004
         390   3.2512504183201864E-004
         391   3.1738237924307960E-004
         392   2.9578126987618282E-004
         393   3.0125778160257832E-004
         394   2.8955070676410776E-004
         395   2.9691547285613367E-004
         396   2.7794279147723552E-004
         397   2.8657022705526835E-004
         398   2.6880019212491307E-004
         399   2.7138116019657043E-004
         400   2.6568784803733753E-004
         401   2.6878627878033413E-004
         402   2.5826958234903444E-004
         403   2.5495199860510839E-004
         404   2.5800990401337725E-004
         405   2.4440064308636138E-004
         406   2.4435588986507613E-004
         407   2.3674721077474405E-004
         408   2.4301844209880779E-004
         409   2.3319394590928222E-004
         410   2.2984384711604780E-004
         411   2.2624185811858673E-004
         412   2.1890647293239157E-004
         413   2.1135735136593438E-004
         414   2.1445512183930718E-004
         415   2.2535563265010515E-004
         416   2.0853599739338951E-004
         417   2.0768865489984373E-004
         418   2.0274099705685868E-004
         419   1.9484901643865722E-004
         420   2.0121229429866951E-004
         421   1.8691632783419571E-004
         422   1.8398643156691038E-004
         423   1.8649248538269738E-004
         424   1.8171929677469545E-004
         425   1.7902368338650661E-004
         426   1.7026726227462253E-004
         427   1.7914119144791992E-004
         428   1.7609217986271707E-004
         429   1.7156523390733647E-004
         430   1.6514032573509063E-004
         431   1.5288217860482236E-004
         432   1.6391541063017181E-004
         433   1.5701345122191363E-004
         434   1.5107402855915717E-004
         435   1.4874958467830105E-004
         436   1.4868592554466718E-004
         437   1.4671912145631288E-004
         438   1.4530746935574588E-004
         439   1.4752725043608338E-004
         440   1.4912203475614825E-004
         441   1.4080751703191789E-004
         442   1.3561547205721998E-004
         443   1.3829375934358831E-004
         444   1.3617129931139415E-004
         445   1.3308244499032288E-004
         446   1.3135876964591076E-004
         447   1.3062002613668417E-004
         448   1.2263782261723785E-004
         449   1.2327838031154728E-004
         450   1.2304365740478033E-004
         451   1.1796133744010745E-004
         452   1.1818522899596520E-004
         453   1.1657995842600872E-004
         454   1.1776784917333714E-004
         455   1.1022971345968681E-004
         456   1.1291687517752491E-004
         457   1.0900235927470901E-004
         458   1.0031691574399328E-004
         459   1.0153689546292472E-004
         460   1.0218000929001165E-004
         461   1.0155954402018122E-004
         462   9.9107699497022708E-005
         463   9.7898222873137321E-005
         464   9.6408257515476705E-005
         465   9.8638273559999279E-005
         466   9.6025546108915606E-005
         467   9.2776690485744015E-005
         468   8.9695152803427911E-005
         469   8.8661800746848193E-005
         470   8.5738910601494746E-005
         471   8.7985771852162580E-005
         472   8.8107794062814500E-005
         473   8.1990226832800596E-005
         474   8.5356042994367602E-005
         475   8.0280533272031944E-005
         476   8.3346927552065508E-005
         477   7.2841386780714176E-005
         478   7.8757039410275179E-005
         479   7.5904188017504666E-005
         480   7.3481089510895627E-005
         481   7.3003507049437517E-005
         482   7.0451275949952904E-005
         483   7.1552309026598116E-005
         484   7.0950978234689301E-005
         485   6.8364985883609815E-005
         486   6.9630882456787611E-005
         487   6.7002404380925507E-005
         488   6.6127423993913993E-005
         489   6.4760698873812334E-005
         490   6.5521973430704856E-005
         491   6.1039205169722408E-005
         492   6.1481019241386157E-005
         493   6.0842917272919714E-005
         494   5.8609114110767711E-005
         495   5.9089923655606491E-005
         496   6.0107457174650356E-005
         497   5.7585799142706740E-005
         498   5.6040041778842056E-005
         499   5.3390064267973934E-005
         500   5.4892331866408326E-005
         501   5.3373411808620582E-005
         502   5.2663204949545867E-005
         503   5.1889151419031757E-005
         504   4.8087398541661026E-005
         505   5.0171464718883931E-005
         506   5.2328110238070169E-005
         507   5.1230128533214212E-005
         508   4.8718093287482059E-005
         509   4.7084978711026412E-005
         510   4.5189631972711098E-005
         511   4.7084401449570687E-005
         512   4.4961307847835215E-005
         513   4.3702624016860478E-005
         514   4.3679012800005135E-005
         515   4.1742085275326630E-005
         516   4.1641323395349775E-005
         517   4.4126273666381078E-005
         518   4.1202867007287886E-005
         519   3.7419491107186089E-005
         520   3.9244298315975816E-005
         521   3.9823627914753668E-005
         522   3.6612172876116194E-005
         523   3.7486971468905245E-005
         524   3.5782204270686362E-005
         525   3.5877826117893612E-005
         526   3.4021537358565879E-005
         527   3.4574809869527701E-005
         528   3.2078689185354558E-005
         529   3.4429877461987264E-005
         530   3.1755387173708360E-005
         531   3.1438374153258153E-005
         532   3.0395636922721927E-005
         533   3.2179225485479604E-005
         534   3.2674636117984309E-005
         535   3.2051601328557581E-005
         536   3.1877121332898718E-005
         537   3.0326134839916221E-005
         538   3.0816538112369670E-005
         539   3.0020685637709796E-005
         540   2.6913442690790053E-005
         541   2.7818982901274416E-005
         542   2.8661973781421705E-005
         543   3.0009289549817361E-005
         544   2.6168312007624466E-005
         545   2.6689373705270259E-005
         546   2.5952978450255125E-005
         547   2.6041695370664597E-005
         548   2.5842018195768010E-005
         549   2.2900976568615156E-005
         550   2.3188804291222943E-005
         551   2.3811551307992764E-005
         552   2.2472014215548539E-005
         553   2.3506903550612841E-005
         554   2.3191335939750151E-005
         555   2.2306853221073474E-005
         556   2.2712451993650819E-005
         557   2.2531969308582399E-005
         558   2.1709683480701064E-005
         559   2.1606666156123071E-005
         560   2.1580680728273731E-005
         561   2.1025383960829876E-005
         562   1.9617895715503771E-005
         563   1.8670032661677486E-005
         564   1.9478378177907686E-005
         565   1.8389808077143925E-005
         566   1.9044534199721174E-005
         567   1.7939952297468948E-005
         568   1.8368472184444560E-005
         569   1.7050984841860753E-005
         570   1.7676567033902534E-005
         571   1.6908795355013348E-005
         572   1.6874277972540014E-005
         573   1.5242793478854197E-005
         574   1.7192022497019547E-005
         575   1.8307730855595091E-005
         576   1.5755987988238311E-005
         577   1.5485185437495812E-005
         578   1.6858413816608432E-005
         579   1.4526344305013844E-005
         580   1.4546429549309741E-005
         581   1.3721546954644554E-005
         582   1.6112307125705216E-005
         583   1.3651073889074425E-005
         584   1.3790129147535507E-005
         585   1.2651452279690528E-005
         586   1.2538515034584206E-005
         587   1.2957557185311192E-005
         588   1.2429861717525927E-005
         589   1.2410452946440025E-005
         590   1.2369312515976826E-005
         591   1.2189526966764339E-005
         592   1.2126835245499653E-005
         593   1.1905529058276073E-005
         594   1.1866533259617873E-005
         595   1.1332925336198024E-005
         596   1.1205636741992700E-005
         597   1.0988621913895179E-005
         598   1.0664524496987144E-005
         599   1.0494882521316394E-005
         600   1.0680412312357951E-005
         601   1.1349335467963483E-005
         602   1.0172524055071672E-005
         603   9.4392449715115909E-006
         604   9.5383914488597489E-006
         605   1.0332114486831770E-005
         606   1.0363243391962901E-005
         607   8.9920608409611970E-006
         608   9.2849704422982532E-006
         609   8.1827803803306184E-006
         610   8.2632599243094779E-006
         611   9.0656305137971826E-006
         612   7.6361886051337871E-006
         613   9.0287544131879875E-006
         614   8.3450425233078295E-006
         615   8.4866036833420083E-006
         616   7.1400736839965800E-006
         617   7.9094864451495489E-006
         618   7.1764828426830449E-006
         619   7.8797683452394835E-006
         620   7.7917786959891007E-006
         621   7.5612435001608731E-006
         622   7.4141321574323158E-006
         623   7.1239522042365167E-006
         624   7.5292685191894126E-006
         625   7.1385448260294396E-006
         626   6.9741218858264860E-006
         627   6.0634329378258611E-006
         628   6.0839794328232284E-006
         629   6.0844336355581963E-006
         630   6.5657437448724269E-006
         631   5.6273319497873434E-006
         632   5.9071845881850373E-006
         633   6.0477646829973910E-006
         634   5.0997166435388451E-006
         635   6.4236709259279952E-006
         636   5.0093265871456647E-006
         637   5.4438857086394005E-006
         638   5.0948679799124782E-006
         639   4.9614931649112034E-006
         640   5.1599026033878621E-006
         641   5.6854047890227218E-006
         642   5.2434212058554239E-006
         643   4.9004758944348480E-006
         644   4.8278802743471414E-006
         645   5.5002052111475106E-006
         646   4.4171920740855551E-006
         647   4.8212531301024680E-006
         648   5.3359518766237252E-006
         649   4.5270934272647946E-006
         650   4.6261101427227506E-006
         651   4.8184218439468169E-006
         652   4.6912950067944917E-006
         653   4.0998508284660979E-006
         654   4.7924133706113935E-006
         655   4.2597763052570908E-006
         656   4.1173934058942672E-006
         657   4.2526330970128934E-006
         658   4.0557085137244637E-006
         659   3.5676815834622843E-006
         660   3.7943527601925113E-006
         661   3.4371646505919094E-006
         662   3.9524595541517776E-006
         663   4.1210877828048729E-006
         664   3.1896512218825733E-006
         665   3.9173313061364447E-006
         666   3.3862378982364339E-006
         667   3.5185701677982607E-006
         668   3.1699683660788892E-006
         669   3.2844133542882722E-006
         670   3.4689896121922894E-006
         671   2.8586952214728745E-006
         672   2.9560349027388587E-006
         673   3.4207465712624881E-006
         674   2.5710626340279098E-006
         675   3.1042968503408447E-006
         676   2.5738669945620355E-006
         677   3.1897335126377190E-006
         678   3.0769725914696964E-006
         679   2.9129237048326411E-006
         680   3.3512649631631492E-006
         681   2.7407170663172004E-006
         682   2.2723848320168742E-006
         683   2.9297267957915341E-006
         684   2.2250318922376723E-006
         685   2.8281965272595992E-006
         686   2.1444242158963417E-006
         687   2.5426332115252539E-006
         688   1.8465880640167864E-006
         689   2.0586959623537246E-006
         690   2.3202205442715370E-006
         691   2.2466841904910805E-006
         692   1.8917114672616947E-006
         693   2.1012788172225759E-006
         694   2.2271648253772357E-006
         695   2.3195310935766058E-006
         696   2.0342254677862762E-006
         697   2.0119755111019279E-006
         698   2.1200336382576088E-006
         699   1.8867256985308848E-006
         700   1.8813987639738113E-006
         701   2.1829991367799275E-006
         702   1.8380036465844253E-006
         703   2.0741280652301039E-006
         704   1.9241396694906766E-006
         705   1.8867844310137616E-006
         706   1.7372570200928706E-006
         707   2.0350904336626565E-006
         708   1.2999994268439257E-006
         709   1.7389505554284863E-006
         710   1.4345456292117286E-006
         711   1.5404209293509443E-006
         712   1.7400111617178113E-006
         713   1.6568156966031892E-006
         714   1.9487921402641736E-006
         715   1.5544883191025763E-006
         716   1.4108209612450020E-006
         717   1.7159568756674847E-006
         718   1.5414055742795176E-006
         719   1.7370482682128145E-006
         720   1.1342403303401926E-006
         721   1.3144081463694995E-006
         722   1.4940875640881554E-006
         723   1.4592158691270526E-006
         724   1.1974823174390914E-006
         725   1.4665531453079103E-006
         726   1.3116603596463649E-006
         727   1.1125916319255577E-006
         728   1.2293666303389848E-006
         729   1.3308381300544789E-006
         730   1.2823630646116445E-006
         731   1.2490925008761890E-006
         732   1.3646129127123239E-006
         733   1.3312879630324010E-006
         734   1.2832960089613316E-006
         735   1.3681529847376984E-006
         736   1.0122934966133852E-006
         737   1.1414501248197571E-006
         738   1.1090113245303211E-006
         739   1.1495982933302046E-006
         740   1.1753238307501356E-006
         741   1.1143771662396733E-006
         742   9.5265960478537424E-007
         743   9.6431757468754091E-007
         744   1.0338420676005017E-006
         745   8.8780646158429871E-007
         746   8.8520707805267249E-007
         747   9.4005644215982715E-007
         748   1.0371044666269783E-006
         749   9.0651560474324386E-007
         750   1.0316563811641229E-006
         751   1.0427160818323670E-006
         752   9.5552759861445205E-007
         753   9.1102119009750645E-007
         754   8.8057999151945697E-007
         755   9.3406506918028112E-007
         756   7.2307975956476648E-007
         757   7.6269160098228075E-007
         758   7.7464436115138633E-007
         759   7.0344116355536683E-007
         760   6.1917541274047980E-007
         761   7.6860471777483503E-007
         762   9.0323146487433630E-007
         763   6.8253283594404821E-007
         764   8.3044605855909026E-007
         765   8.4193442419220954E-007
         766   6.5017587064490300E-007
         767   7.5653456594545278E-007
         768   7.2761371062243083E-007
         769   4.5707585125576795E-007
         770   6.8376351125362295E-007
         771   4.5454524720174119E-007
         772   5.7339074631579927E-007
         773   5.8535350723198088E-007
         774   6.2354172379974880E-007
         775   5.1598069755707460E-007
         776   5.6746989302183537E-007
         777   5.2671294668107275E-007
         778   4.8582598714747755E-007
         779   4.0603688058905155E-007
         780   5.3559556380934814E-007
         781   4.3005212830381786E-007
         782   4.4186394776423530E-007
         783   6.6099148576373724E-007
         784   4.2657731481567547E-007
         785   6.3197846634363784E-007
         786   5.6591587827045514E-007
         787   5.0028850671633642E-007
         788   5.5033483915474340E-007
         789   4.3413948105220472E-007
         790   4.3305884288278824E-007
         791   3.9371256576313257E-007
         792   3.4204201873202136E-007
         793   3.9174547276550707E-007
         794   3.9072491156469809E-007
         795   4.2758749883987653E-007
         796   5.8938563257163574E-007
         797   3.3774641813497628E-007
         798   2.9952891021606572E-007
         799   6.9723261964729234E-007
         800   4.7190933139463355E-007
         801   3.7168094569393184E-007
         802   2.3478415311345304E-007
         803   5.3001776288094260E-007
         804   3.6885320214064351E-007
         805   2.2074812837882011E-007
         806   4.6492742936975848E-007
         807   2.8074250496108608E-007
         808   3.5294982136525218E-007
         809   4.3721256766232310E-007
         810   2.7870295065130770E-007
         811   1.9338603551918837E-007
         812   4.7009011068509954E-007
         813   4.2084929387243043E-007
         814   2.5190124008554352E-007
         815   2.5139358595487322E-007
         816   4.5364423277463697E-007
         817   2.0245280670103830E-007
         818   2.7311284516313472E-007
         819   3.1991861786735605E-007
         820   3.7824837930901259E-007
         821   2.4758916375134760E-007
         822   3.1761834632463934E-007
         823   2.9337670710210783E-007
         824   3.1615128771400827E-007
         825   2.6853311062878410E-007
         826   2.5626954362378967E-007
         827   2.6738743369453384E-007
         828   2.3192792929090774E-007
         829   2.4281657160125130E-007
         830   2.5382901076833083E-007
         831   1.9568209660481424E-007
         832   1.7225383920859510E-007
         833   2.4052065854594962E-007
         834   2.1710116048048471E-007
         835   2.7363822554178533E-007
         836   2.6147655864272573E-007
         837   1.3610832962107719E-007
         838   2.4903201142427758E-007
         839   2.1454215770794898E-007
         840   1.0136165417920706E-007
         841   3.1460985508044811E-007
         842   1.6816628409219874E-007
         843   1.9013813330160179E-007
         844   1.2271424756873367E-007
         845   1.7807912724311047E-007
         846   1.5548876312734718E-007
         847   1.2188009979258796E-007
         848   1.8793423098033339E-007
         849   1.7641260784880241E-007
         850   1.8697558629442563E-007
         851   9.8791113242923240E-008
         852   1.5324157087150412E-007
         853   1.7476483789694403E-007
         854   4.3589203787805256E-008
         855   1.8483707602832742E-007
         856   1.1931448609138911E-007
         857   9.7372882495112665E-008
         858   1.0798716461773986E-007
         859   1.2929006402629797E-007
         860   1.6119649833965239E-007
         861   2.6799706957372466E-007
         862   9.6302381519786999E-008
         863   1.1743642596091066E-007
         864   1.0648775587774560E-007
         865   1.1685417098489272E-007
         866   1.4835255199290699E-007
         867   1.6922382418222898E-007
         868   1.1605806684886489E-007
         869   1.4739391305251782E-007
         870   1.5755538480438455E-007
         871   1.6765582136314464E-007
         872   1.0455836378792664E-007
         873   1.2514100385643833E-007
         874   1.1453291215554979E-007
         875   7.2680451895003792E-008
         876   6.2140140208400589E-008
         877   9.2991784234055347E-008
         878   1.0311316345214361E-007
         879   9.2596523567706544E-008
         880   7.1891390345146077E-008
         881   1.6385165141925082E-007
         882   9.1948612726487116E-008
         883   6.1160227113095749E-008
         884   1.1189952572735406E-007
         885   1.9279268674811517E-007
         886   1.3163704651825625E-007
         887   1.2123984457765541E-007
         888   5.0411161618543800E-008
         889   1.5083800619699203E-007
         890   7.0232153908781929E-008
         891   1.1015573148000832E-007
         892   2.9974648908024325E-008
         893   3.9846983203572442E-008
         894   7.9560338709671468E-008
         895   1.0913957183343783E-007
         896   1.0890104977547486E-007
         897   2.9647763494793584E-008
         898   5.9155920014704775E-008
         899   2.9481223479189517E-008
         900   9.8126680887114182E-008
         901   4.8991984057488749E-008
         902   5.8615121920100889E-008
         903   2.9232126072258839E-008
         904   3.8934970019591708E-008
         905   4.8533099985721639E-008
         906   5.8072742748375708E-008
         907   1.2561769853264256E-007
         908   6.7498448589440431E-008
         909   4.8067600531143864E-008
         910   0.0000000000000000E+000
         911   4.7908720057538603E-008
         912   5.7343681251463722E-008
         913   5.7204477648635633E-008
         914   1.9037818191286615E-008
         915   9.4891044188509912E-009
         916   4.7357130560521519E-008
         917   1.0400177828119132E-007
         918   3.7708755562305060E-008
         919   2.8221518336004674E-008
         920   4.6950700148865490E-008
         921   3.7470233952201268E-008
         922   1.8700641405083231E-008
         923   7.4634135491592530E-008
         924   4.6534811753092562E-008
         925   9.2965850788385946E-009
         926   2.7811496330576468E-008
         927   9.2467787215655157E-008
         928   3.6899636120843407E-008
         929   6.4475943727187916E-008
         930   8.2692986306531086E-008
         931   2.7515919914293223E-008
         932   3.6615997573670134E-008
         933   7.3058985506838421E-008
         934   1.8238231661525660E-008
         935   5.4538731389941120E-008
         936   3.6299540300061289E-008
         937   1.8112952339975403E-008
         938   5.4205655707003308E-008
         939   1.8031810205090444E-008
         940   3.5990336473646234E-008
         941   1.7957903347011588E-008
         942   2.6898614012437988E-008
         943   2.6821711722532614E-008
         944   4.4613763862723239E-008
         945   6.2297413357570956E-008
         946   4.4422294184194183E-008
         947   3.5470715930112922E-008
         948   2.6543321865099457E-008
         949   2.6472854300980096E-008
         950   1.7625455129148291E-008
         951   2.6369813435588447E-008
         952   3.5087857946798765E-008
         953   1.7512481701362182E-008
         954   6.9879474792000223E-008
         955   1.7423024221448765E-008
         956   2.6082621945495006E-008
         957   5.2090927931401399E-008
         958   3.4670349914347450E-008
         959   2.5945382456826793E-008
         960   1.7244409024889795E-008
         961   3.4426085204969556E-008
         962   1.7187806153220646E-008
         963   1.7142056828040503E-008
         964   1.7104086317095634E-008
         965   2.5624094456075648E-008
         966   0.0000000000000000E+000
         967   1.7013099805971639E-008
         968   2.5449112174857142E-008
         969   1.6921192797563075E-008
         970   1.6904164886715977E-008
         971   3.3728844768893510E-008
         972   2.5252487176385879E-008
         973   0.0000000000000000E+000
         974   3.3532242426258991E-008
         975   4.1828357677976805E-008
         976   8.3505947590457151E-009
         977   4.9973205952386425E-008
         978   2.4945264177729440E-008
         979   2.4867714274022331E-008
         980   8.2721049504428832E-009
         981   0.0000000000000000E+000
         982   1.6494783066835132E-008
         983   8.2227691931991620E-009
         984   8.2129113689501085E-009
         985   8.1971396939878879E-009
         986   0.0000000000000000E+000
         987   8.1540952011415625E-009
         988   0.0000000000000000E+000
         989   8.1208930068206759E-009
         990   0.0000000000000000E+000
         991   1.6191939210517539E-008
         992   2.4240955800003819E-008
         993   0.0000000000000000E+000
         994   8.0521233158954496E-009
         995   1.6054995616704716E-008
         996   0.0000000000000000E+000
         997   3.9976097699349148E-008
         998   1.5959278174128487E-008
         999   7.9597602120259665E-009
        1000   8.5943666878007670E-007
