           1  0.39376808734943464     
           2  0.29816463368224627     
           3  0.28496196403427576     
           4  0.31169462414962124     
           5  0.31161361820867917     
           6  0.30145185306971334     
           7  0.31844779159581132     
           8  0.30685012190576855     
           9  0.30077761609877207     
          10  0.30685700848536296     
          11  0.30547792555922015     
          12  0.29697678164745195     
          13  0.28993945486989903     
          14  0.28278164226310837     
          15  0.26214246298771582     
          16  0.26379721475948065     
          17  0.26104158685686768     
          18  0.26544800896658449     
          19  0.25561443759817021     
          20  0.24895074959271732     
          21  0.23858532605563235     
          22  0.23654322050214685     
          23  0.23388456432221308     
          24  0.22290554476491506     
          25  0.21999183097483227     
          26  0.21765889358316656     
          27  0.21373720384787245     
          28  0.20825069316237094     
          29  0.20596372962859005     
          30  0.20319213554393320     
          31  0.20069694391109458     
          32  0.19573431553259840     
          33  0.19075295150847713     
          34  0.18500963752420807     
          35  0.18376882636147579     
          36  0.17958453594208368     
          37  0.17630187277840861     
          38  0.17043777360456930     
          39  0.16542681321841310     
          40  0.16401211191812323     
          41  0.15939559621888380     
          42  0.15841189652501508     
          43  0.15533808223871223     
          44  0.15317716384832300     
          45  0.14789741566716935     
          46  0.14719651219975419     
          47  0.14330603052204843     
          48  0.13899909589506715     
          49  0.13754004903635003     
          50  0.13488882908651587     
          51  0.13018024663550168     
          52  0.12817762783681935     
          53  0.12547384893168906     
          54  0.12397611684210871     
          55  0.12197558584991230     
          56  0.11982736269230682     
          57  0.11667722538772782     
          58  0.11398900150023003     
          59  0.11275655097968665     
          60  0.10865132294926091     
          61  0.10706003178710630     
          62  0.10397589621737845     
          63  0.10251529267031212     
          64  0.10097012497822666     
          65   9.8222879295089272E-002
          66   9.6656328688174031E-002
          67   9.4129383756058296E-002
          68   9.2597039911335166E-002
          69   9.0681941130551363E-002
          70   8.8991436059960169E-002
          71   8.6945628446777320E-002
          72   8.5138301792581958E-002
          73   8.3708038132293008E-002
          74   8.2569510974303609E-002
          75   8.0267678190012806E-002
          76   7.8827234173758823E-002
          77   7.6090471476440352E-002
          78   7.5308461801810583E-002
          79   7.3339941845118634E-002
          80   7.2638983188251904E-002
          81   7.0302975097735504E-002
          82   6.9310208593827860E-002
          83   6.7619869927984314E-002
          84   6.5973996828283143E-002
          85   6.5716326645993223E-002
          86   6.3739155980662626E-002
          87   6.2795555221099086E-002
          88   6.1234154527753007E-002
          89   6.0238505704630831E-002
          90   5.8342589064430073E-002
          91   5.7578464487924079E-002
          92   5.6484984255927635E-002
          93   5.5504550884671836E-002
          94   5.4202025798273282E-002
          95   5.2886025153576967E-002
          96   5.1371568611258932E-002
          97   5.0656188618743943E-002
          98   4.9888562889924763E-002
          99   4.8452403026667153E-002
         100   4.7367269893576917E-002
         101   4.6330615931157892E-002
         102   4.5946807967090025E-002
         103   4.5263324020563114E-002
         104   4.3645579846362449E-002
         105   4.2702592494238092E-002
         106   4.1879476981391238E-002
         107   4.1014528104746671E-002
         108   4.0429225649770272E-002
         109   3.9363806757827961E-002
         110   3.8642468905023056E-002
         111   3.7581750797979992E-002
         112   3.7073921551629897E-002
         113   3.6089193395083034E-002
         114   3.5529616313601922E-002
         115   3.4557956196440115E-002
         116   3.3865525220915217E-002
         117   3.3401918495848386E-002
         118   3.2637025112466231E-002
         119   3.2023785042373951E-002
         120   3.1271193722042540E-002
         121   3.0075740352127577E-002
         122   2.9773842862141419E-002
         123   2.9279569921097533E-002
         124   2.8528313719438193E-002
         125   2.7687078788970650E-002
         126   2.7506172124042473E-002
         127   2.6914844911311631E-002
         128   2.5777908274941228E-002
         129   2.5764283484083599E-002
         130   2.5061846733492640E-002
         131   2.4696826057452655E-002
         132   2.3871504287907745E-002
         133   2.3620973247909897E-002
         134   2.3104516891581120E-002
         135   2.2681374416267421E-002
         136   2.2100433641704841E-002
         137   2.1715927897676512E-002
         138   2.1167290107506721E-002
         139   2.1044371381429471E-002
         140   2.0237843165293101E-002
         141   1.9879223522067939E-002
         142   1.9332542643534914E-002
         143   1.8981345284586202E-002
         144   1.8561885438520519E-002
         145   1.8379496287007125E-002
         146   1.7859801887425978E-002
         147   1.7399108434653428E-002
         148   1.7043242645712321E-002
         149   1.6765611739524663E-002
         150   1.6362187073123983E-002
         151   1.5956398077210287E-002
         152   1.5656670196634387E-002
         153   1.5281133839728346E-002
         154   1.5025195056032453E-002
         155   1.4633947508815158E-002
         156   1.4257537803534040E-002
         157   1.4076528944023043E-002
         158   1.3636943110090409E-002
         159   1.3475559427896074E-002
         160   1.3233361203854712E-002
         161   1.2819756699589282E-002
         162   1.2537799163426646E-002
         163   1.2291501660994008E-002
         164   1.2118940799312111E-002
         165   1.1886671232737277E-002
         166   1.1557979991260259E-002
         167   1.1309315473315146E-002
         168   1.1068174598384694E-002
         169   1.0866471216772863E-002
         170   1.0471288904941124E-002
         171   1.0315606608446642E-002
         172   1.0163845194716333E-002
         173   9.7772742122620836E-003
         174   9.4647231652408674E-003
         175   9.4697499130290720E-003
         176   9.3046556362277374E-003
         177   9.0000583735015075E-003
         178   8.9046645358070026E-003
         179   8.5859815864855506E-003
         180   8.5078175274137611E-003
         181   8.2146313522502585E-003
         182   8.0729503349772757E-003
         183   7.8802599411187599E-003
         184   7.7218384314292317E-003
         185   7.6279635012920033E-003
         186   7.4329219493200899E-003
         187   7.3249149464515457E-003
         188   7.1374874624324175E-003
         189   6.8915135870513157E-003
         190   6.7705768917009643E-003
         191   6.5531068236688878E-003
         192   6.4582363220408246E-003
         193   6.3204330178698994E-003
         194   6.2182182009452268E-003
         195   6.0831629701959215E-003
         196   5.8524602222057142E-003
         197   5.7415702086173965E-003
         198   5.6078865825265672E-003
         199   5.4967857279244053E-003
         200   5.3728691769710409E-003
         201   5.3190172755396602E-003
         202   5.1976888784118222E-003
         203   4.9872078885639876E-003
         204   4.8850549047941266E-003
         205   4.8400596066566692E-003
         206   4.7194759795146585E-003
         207   4.6257758807137003E-003
         208   4.4468529645827551E-003
         209   4.3540999181298137E-003
         210   4.2653622870786672E-003
         211   4.1873253445707604E-003
         212   4.1162169094273639E-003
         213   4.0592008974145184E-003
         214   3.9745388268536026E-003
         215   3.8411626252698675E-003
         216   3.7744202461225235E-003
         217   3.6538960782457760E-003
         218   3.6005980668691964E-003
         219   3.4931660626804297E-003
         220   3.4351077132496132E-003
         221   3.3441161923691443E-003
         222   3.2830153189172188E-003
         223   3.2420419377943229E-003
         224   3.1207266697546887E-003
         225   3.0402131969850615E-003
         226   2.9684793015492114E-003
         227   2.9055557212258882E-003
         228   2.8579945034919426E-003
         229   2.7769968889892402E-003
         230   2.7225352650482766E-003
         231   2.6269633683970815E-003
         232   2.5921160207043278E-003
         233   2.5372405527770039E-003
         234   2.4638125484042887E-003
         235   2.4132347327812543E-003
         236   2.3876010534739089E-003
         237   2.3127866766979050E-003
         238   2.2333760880580717E-003
         239   2.1740986650946137E-003
         240   2.1656264855269025E-003
         241   2.1201572180700413E-003
         242   2.0450270615119327E-003
         243   2.0198924175875263E-003
         244   1.9547805968469114E-003
         245   1.9339157607828892E-003
         246   1.8936095572802409E-003
         247   1.7856493244837875E-003
         248   1.7596195774970244E-003
         249   1.7317071221486617E-003
         250   1.6990804427866773E-003
         251   1.6637970126892434E-003
         252   1.6383486788431839E-003
         253   1.5584691653030948E-003
         254   1.5732218337518782E-003
         255   1.5085254399078531E-003
         256   1.4236348563245892E-003
         257   1.4201483232293766E-003
         258   1.4013401200122658E-003
         259   1.3699532527901674E-003
         260   1.3235021620161575E-003
         261   1.2968201384071143E-003
         262   1.2320109927978109E-003
         263   1.2405633916657724E-003
         264   1.2331930177172329E-003
         265   1.1958532953668000E-003
         266   1.1437837288324904E-003
         267   1.1236241081186589E-003
         268   1.0786761666107263E-003
         269   1.0858651883928730E-003
         270   1.0653734924722877E-003
         271   1.0167030819065034E-003
         272   1.0046751683485398E-003
         273   9.7743853004604738E-004
         274   9.4927872910982515E-004
         275   9.2316775467059611E-004
         276   8.6977098640866532E-004
         277   8.8192755760282905E-004
         278   8.4605673895080764E-004
         279   8.3247817097294445E-004
         280   8.0135440081337099E-004
         281   7.9355220953267961E-004
         282   7.6961901217460608E-004
         283   7.2623915260493308E-004
         284   7.4356861974258430E-004
         285   7.0949290522134888E-004
         286   6.8768467488391398E-004
         287   6.6948870622508263E-004
         288   6.8024814164651358E-004
         289   6.3769181411857411E-004
         290   6.2500578287625198E-004
         291   6.2845395182720544E-004
         292   5.9006888322599811E-004
         293   5.8772457298082086E-004
         294   5.5761264905662027E-004
         295   5.6410333890642283E-004
         296   5.3945161381658462E-004
         297   5.2604394152151116E-004
         298   5.0112584793266131E-004
         299   5.0162901750262735E-004
         300   4.8920211753152108E-004
         301   4.8461901089101166E-004
         302   4.7753995192605835E-004
         303   4.4796346657602050E-004
         304   4.3720582570218829E-004
         305   4.2540543946210154E-004
         306   4.2433071033498002E-004
         307   4.1279865152254205E-004
         308   3.9784858569746705E-004
         309   3.9650797788002602E-004
         310   3.6366393130556545E-004
         311   3.6471902712863604E-004
         312   3.5666102111222225E-004
         313   3.4802065030861880E-004
         314   3.3559017939031795E-004
         315   3.2473787905930204E-004
         316   3.1817465174838303E-004
         317   3.0092233598236689E-004
         318   3.0619593054964612E-004
         319   2.9482275067963020E-004
         320   2.8069238677605723E-004
         321   2.8448822733881179E-004
         322   2.6395655497807324E-004
         323   2.5344586018675915E-004
         324   2.5800169652806694E-004
         325   2.6084122293849139E-004
         326   2.4642831269058537E-004
         327   2.4337322556333533E-004
         328   2.2978218170972091E-004
         329   2.1395599912696399E-004
         330   2.1017769067070672E-004
         331   2.1674299626311445E-004
         332   2.1298102522751474E-004
         333   2.0571178671502171E-004
         334   1.9622415942829356E-004
         335   1.9527124048723810E-004
         336   1.8258293030522886E-004
         337   1.8185056217942105E-004
         338   1.7244815135629153E-004
         339   1.6736959382942205E-004
         340   1.5868461193343142E-004
         341   1.6336749151774199E-004
         342   1.5277476243295477E-004
         343   1.4838105516297236E-004
         344   1.4167753905759052E-004
         345   1.4880197058663710E-004
         346   1.3620587346212815E-004
         347   1.3140172829936378E-004
         348   1.2069377383194964E-004
         349   1.2847053769014037E-004
         350   1.2807189570345290E-004
         351   1.2089075553647936E-004
         352   1.1540749958420240E-004
         353   1.0596621411983096E-004
         354   1.1044091210519437E-004
         355   1.0678638654342344E-004
         356   1.0062470844269436E-004
         357   9.6817008792629593E-005
         358   9.9685851527920027E-005
         359   9.6920257022346738E-005
         360   9.0814699536631327E-005
         361   8.3607359286617738E-005
         362   7.6114824087116170E-005
         363   7.7873103839415979E-005
         364   8.1273593855685444E-005
         365   7.5942716157951517E-005
         366   7.1275568355182658E-005
         367   7.3123305462450552E-005
         368   6.6280089972819528E-005
         369   6.3177238496306683E-005
         370   6.8008151936225784E-005
         371   6.4810374533418342E-005
         372   6.4001492668097317E-005
         373   5.6185866647289094E-005
         374   5.8670059498358049E-005
         375   5.7400204765524096E-005
         376   5.2994552285090220E-005
         377   5.3105575590881633E-005
         378   5.2382513435669808E-005
         379   5.1557161235234766E-005
         380   4.8259139444201899E-005
         381   4.6364817669291947E-005
         382   4.4384517875395508E-005
         383   4.1826623484732093E-005
         384   4.1665381894928978E-005
         385   4.2945831569822472E-005
         386   3.8627686042615100E-005
         387   3.9003383265117098E-005
         388   3.6904018306328842E-005
         389   3.5565831179417986E-005
         390   3.5225714857011296E-005
         391   3.4372972475112647E-005
         392   3.1049883704074856E-005
         393   2.9704049129933088E-005
         394   2.9041848761722714E-005
         395   2.7981995502380256E-005
         396   2.7535200457588462E-005
         397   2.5942641445466923E-005
         398   2.4456051347884164E-005
         399   2.4981404158055388E-005
         400   2.4956209998395714E-005
         401   2.5228577933546143E-005
         402   1.9206539937549077E-005
         403   2.2584424955313606E-005
         404   2.1156948542651385E-005
         405   1.9792645076910687E-005
         406   1.7194853475023190E-005
         407   2.0992256190536272E-005
         408   1.7737941476765478E-005
         409   1.9265409566813254E-005
         410   1.7472086329028024E-005
         411   1.6637505757782219E-005
         412   1.7725267179677583E-005
         413   1.4196383475026250E-005
         414   1.4546143270828623E-005
         415   1.3785143432797443E-005
         416   1.2295888382301110E-005
         417   1.0911815197737406E-005
         418   1.2541092721774060E-005
         419   1.2522631144859855E-005
         420   1.1879233048769367E-005
         421   1.0526050315258386E-005
         422   1.0564853809815137E-005
         423   1.0559448101964348E-005
         424   1.1173048995228969E-005
         425   9.6249677824898023E-006
         426   9.8441280766398454E-006
         427   8.7526233439589882E-006
         428   8.4516578953016887E-006
         429   7.6783517423026700E-006
         430   7.1714412805476257E-006
         431   6.4543414158309988E-006
         432   6.0411605175697826E-006
         433   7.4517077652817649E-006
         434   7.0809791998293207E-006
         435   6.2525525196430059E-006
         436   4.0514785862037802E-006
         437   5.0717861271090424E-006
         438   4.8842481369420513E-006
         439   5.3558456706318767E-006
         440   4.0596475881279599E-006
         441   4.8590715592326542E-006
         442   4.2271386735103955E-006
         443   4.4498874899732106E-006
         444   3.7038983380198667E-006
         445   3.5290903281108490E-006
         446   2.8744911261759058E-006
         447   2.7029908194368272E-006
         448   2.5316414007228074E-006
         449   3.7424877040424334E-006
         450   2.0382758864789844E-006
         451   2.8103598618788905E-006
         452   2.7989077462019025E-006
         453   2.3603543301159296E-006
         454   2.7748155845660711E-006
         455   1.7263458285640421E-006
         456   2.7872803529877572E-006
         457   1.7872877117540817E-006
         458   1.8172150739439611E-006
         459   2.7128352947289921E-006
         460   1.4634722508489917E-006
         461   1.5691057656120605E-006
         462   1.7117734857564963E-006
         463   1.9264947456565577E-006
         464   1.0329260003575754E-006
         465   1.3584015321062974E-006
         466   8.0478055644269234E-007
         467   1.4563316628067025E-006
         468   1.0874795224688543E-006
         469   1.0472346210762216E-006
         470   5.3947589550932959E-007
         471   5.7225493786213631E-007
         472   4.6341254501157350E-007
         473   2.8401698499173189E-007
         474   2.4723411696992401E-007
         475   2.1104508735305468E-007
         476   7.3605713717515369E-007
         477   2.0934795826181056E-007
         478   5.5608481071959707E-007
         479   2.4225891260957867E-007
         480   2.4118593721564367E-007
         481   1.7158787367961906E-007
         482   3.7585343970029624E-007
         483   2.7252310131957752E-007
         484   1.6957630845373044E-007
         485   6.7502965916558481E-008
         486   6.7272898161438442E-008
         487   6.6989622205703498E-008
         488   0.0000000000000000E+000
         489   6.6382058144345125E-008
         490   3.3075453399079301E-008
         491   9.8774939287202098E-008
         492   0.0000000000000000E+000
         493   0.0000000000000000E+000
         494   0.0000000000000000E+000
         495   3.2459949821386961E-008
         496   0.0000000000000000E+000
         497   0.0000000000000000E+000
         498   0.0000000000000000E+000
         499   0.0000000000000000E+000
         500   0.0000000000000000E+000
         501   0.0000000000000000E+000
         502   0.0000000000000000E+000
         503   0.0000000000000000E+000
         504   0.0000000000000000E+000
         505   0.0000000000000000E+000
         506   0.0000000000000000E+000
         507   3.0905029017093182E-008
         508   3.0778354155160805E-008
         509   6.1333299425612731E-008
         510   1.8314517215399417E-007
         511   3.0460616022892806E-008
         512   3.0312508212211562E-008
         513   1.2072619511712235E-007
         514   3.0015668289560485E-008
         515   5.9848223455294300E-008
         516   5.9640261236083108E-008
         517   1.7828106688432011E-007
         518   8.8894210056970757E-008
         519   1.1795207845378062E-007
         520   2.9394295117219295E-008
         521   1.4640501904072694E-007
         522   3.2072285745372915E-007
         523   1.4516547961690204E-007
         524   3.1828403698619214E-007
         525   1.1527065808379590E-007
         526   2.8722828844639313E-007
         527   4.0037458947944405E-007
         528   1.7086947946362320E-007
         529   5.6819782472020100E-008
         530   4.8055310148035378E-007
         531   3.6598232844714888E-007
         532   4.2130268319823365E-007
         533   4.4742197910397837E-007
         534   5.2941934784516212E-007
         535   5.2742505570314403E-007
         536   3.5950594292815029E-007
         537   1.9280969667124277E-007
         538   2.1965603955633823E-007
         539   5.1957314679057668E-007
         540   3.2677267575289066E-007
         541   4.3411042898448668E-007
         542   3.2462592428699864E-007
         543   4.8503348422653328E-007
         544   6.7131310781765587E-007
         545   3.7455396234217601E-007
         546   3.4627633349776186E-007
         547   8.2313989613417266E-007
         548   6.0828790474119642E-007
         549   5.7967988893667310E-007
         550   5.7760127880808475E-007
         551   7.0595528577626144E-007
         552   1.0952404553203112E-006
         553   7.0108432677292185E-007
         554   6.2093300092148494E-007
         555   9.0285310003926451E-007
         556   8.7362324268261964E-007
         557   7.1659322549732601E-007
         558   8.6731266575841915E-007
         559   4.8309106097193341E-007
         560   5.0660396367276516E-007
         561   6.3105210783316087E-007
         562   1.2071296986093909E-006
         563   7.7670179593693518E-007
         564   1.0737452688430217E-006
         565   8.4604845334538746E-007
         566   1.0661428448251467E-006
         567   6.6685761646132740E-007
         568   5.4151231475028083E-007
         569   1.0795069934417326E-006
         570   1.1981552089988191E-006
         571   8.7691396594185275E-007
         572   7.7678630626807884E-007
         573   1.2338263058753331E-006
         574   7.7150297022112792E-007
         575   8.4064666556218416E-007
         576   7.9013713525286834E-007
         577   8.1131587432959836E-007
         578   8.3237571536993027E-007
         579   8.7676195240156663E-007
         580   1.4407189252816604E-006
         581   8.4718896583295876E-007
         582   1.0554216275126412E-006
         583   1.0286333227989972E-006
         584   1.3743618868864462E-006
         585   9.9833773759817025E-007
         586   1.2027529234031571E-006
         587   8.9942356395539953E-007
         588   1.1258691924057778E-006
         589   1.2367455170781839E-006
         590   1.3007558064476291E-006
         591   1.1149023103122407E-006
         592   1.2014284458447724E-006
         593   1.4681722949303218E-006
         594   1.1934013057739161E-006
         595   9.6476561008507772E-007
         596   1.0065846610704433E-006
         597   1.4045015721143976E-006
         598   8.4425856936714427E-007
         599   1.5275696296061161E-006
         600   1.1918682029493139E-006
         601   1.6054829322873119E-006
         602   1.1618780558068672E-006
         603   1.0270442228242683E-006
         604   1.3718930015511686E-006
         605   1.1505540441026718E-006
         606   1.4711150681939771E-006
         607   1.0780289702694354E-006
         608   1.1820358766790913E-006
         609   1.4566586486731852E-006
         610   1.2597799920796754E-006
         611   1.4045823834192178E-006
         612   1.2940390703615898E-006
         613   1.1207490293111029E-006
         614   1.2854560623224244E-006
         615   1.6172109837915695E-006
         616   1.3612091924679218E-006
         617   1.1687750125199227E-006
         618   1.5186527374247745E-006
         619   1.2441197171522363E-006
         620   1.1572970276346918E-006
         621   1.2362839814246819E-006
         622   1.2528185904489552E-006
         623   1.2484981130025786E-006
         624   9.9987786212616461E-007
         625   1.2407785157795686E-006
         626   1.5409356545769424E-006
         627   1.1923829133402561E-006
         628   1.3096576346757353E-006
         629   1.3254883927575069E-006
         630   1.3411762268498935E-006
         631   1.4564648211421244E-006
         632   1.0147026419456623E-006
         633   9.5183663423384213E-007
         634   1.3045949668273076E-006
         635   1.2021057227021491E-006
         636   1.5715137736818270E-006
         637   1.2333930196466005E-006
         638   1.2298326710649849E-006
         639   1.1869140692819090E-006
         640   1.1830753057248214E-006
         641   1.3728832508262044E-006
         642   1.1183278553224683E-006
         643   1.3453338736286050E-006
         644   1.3409619675219889E-006
         645   1.2796392803078098E-006
         646   1.6186534621552241E-006
         647   1.3286578330978536E-006
         648   1.0783347750875097E-006
         649   1.1506877817128518E-006
         650   1.0719058502953004E-006
         651   1.3499605078429187E-006
         652   1.5700228588829388E-006
         653   1.2672818686965230E-006
         654   1.3745165272852462E-006
         655   1.2963472481824145E-006
         656   1.3294337645280082E-006
         657   1.4357168719313279E-006
         658   1.7433130509746323E-006
         659   1.0977772818540050E-006
         660   1.2403550429862938E-006
         661   1.1276227288785793E-006
         662   1.5048863836884828E-006
         663   1.0845774156858397E-006
         664   1.3876231611683841E-006
         665   1.2755758356888028E-006
         666   1.3255873196918892E-006
         667   1.1432398906728141E-006
         668   1.2108695424904973E-006
         669   1.1360862018487722E-006
         670   1.1327973974525614E-006
         671   1.0411509093663521E-006
         672   1.0557333149390311E-006
         673   1.4211378952692749E-006
         674   1.3116577974453409E-006
         675   1.1510720817995825E-006
         676   1.0260078726590011E-006
         677   1.3350313804772428E-006
         678   1.3137849879418785E-006
         679   1.2753615438513094E-006
         680   1.4778045523006807E-006
         681   1.1648015769305837E-006
         682   8.7140756046609442E-007
         683   1.0390899468567917E-006
         684   1.0700584505666358E-006
         685   1.4058738613188769E-006
         686   1.2495013245305427E-006
         687   1.1280157992999700E-006
         688   1.0577939492918681E-006
         689   1.0711464468720714E-006
         690   7.3428526252924864E-007
         691   1.1317192034456757E-006
         692   1.0124001401254180E-006
         693   1.1581622156585563E-006
         694   1.3032982979850326E-006
         695   1.1511511891707321E-006
         696   1.1484921723906125E-006
         697   1.0630872121942338E-006
         698   1.0600065286356952E-006
         699   1.1547709130810735E-006
         700   1.1355785665334852E-006
         701   1.3583350362917209E-006
         702   1.2576096188644456E-006
         703   9.6470987287581478E-007
         704   9.7805377717799459E-007
         705   1.0715143632498177E-006
         706   1.0361348990283726E-006
         707   9.6994551894667173E-007
         708   1.0463971223964902E-006
         709   9.8024563024086513E-007
         710   9.3003944922158651E-007
         711   1.1160339208009444E-006
         712   7.5238399339217059E-007
         713   8.5965328948450567E-007
         714   1.1222199595180829E-006
         715   1.0569265526633403E-006
         716   9.2997135097744726E-007
         717   1.0508988505379231E-006
         718   9.2470256541001742E-007
         719   9.3781517923087084E-007
         720   7.6632853764124009E-007
         721   9.7849188241579325E-007
         722   5.7936224777194588E-007
         723   1.0491398177900625E-006
         724   9.0969672445931455E-007
         725   1.0281874106028662E-006
         726   8.4425723720100198E-007
         727   1.1277001150551371E-006
         728   8.6963538785259345E-007
         729   9.8681380012631072E-007
         730   7.7530972308706908E-007
         731   7.8820887520090895E-007
         732   8.4541546068164961E-007
         733   8.4321327111810667E-007
         734   7.5225244903554359E-007
         735   6.1776026262190196E-007
         736   1.0124377300088715E-006
         737   1.0242904723426513E-006
         738   9.7759337822610155E-007
         739   6.8396873053355654E-007
         740   9.4331936452672148E-007
         741   8.8300835906640812E-007
         742   7.3602218207076560E-007
         743   7.9188658480333275E-007
         744   9.3324118912984278E-007
         745   7.5891006984983424E-007
         746   9.8529046043067605E-007
         747   8.2606262959952143E-007
         748   7.0994551048231220E-007
         749   6.9420783471611564E-007
         750   8.0550387514743205E-007
         751   8.5943072571556893E-007
         752   7.8694842210794560E-007
         753   7.8484438851949268E-007
         754   9.3667340723937379E-007
         755   9.8990519176988278E-007
         756   6.9530079301091355E-007
         757   7.6282114250053925E-007
         758   7.4672558627667404E-007
         759   6.8974413281707206E-007
         760   5.9179336330580690E-007
         761   7.1361336182256366E-007
         762   6.8426545775110870E-007
         763   7.2338633564949969E-007
         764   7.8961144054109356E-007
         765   7.7408888662391404E-007
         766   6.0956322081297073E-007
         767   9.1856710958683257E-007
         768   5.1201160119453051E-007
         769   6.8530886557105161E-007
         770   6.8362897627627417E-007
         771   7.0835574736927868E-007
         772   8.5350638054073400E-007
         773   6.6494458556249672E-007
         774   6.1018242641805448E-007
         775   7.8061315278009654E-007
         776   6.0709082602793488E-007
         777   6.8460575434267956E-007
         778   6.8278389251262843E-007
         779   6.1564814873079053E-007
         780   5.3557976591039787E-007
         781   4.4311356095182077E-007
         782   7.7986026563518313E-007
         783   6.2234435642140453E-007
         784   5.9473032529430540E-007
         785   7.0939147323574041E-007
         786   5.7901451265353230E-007
         787   4.3632849073825959E-007
         788   6.1429819001859469E-007
         789   4.9797240856710370E-007
         790   6.6221671737124179E-007
         791   4.9547296821423766E-007
         792   5.0681082575805356E-007
         793   7.0786943709630608E-007
         794   5.7985831679882823E-007
         795   5.1555246657832258E-007
         796   6.0204254252123111E-007
         797   4.3800219799179237E-007
         798   5.8653443996433579E-007
         799   6.2244355875275818E-007
         800   3.9730952324312865E-007
         801   5.3267953125837064E-007
         802   5.4376611217962497E-007
         803   4.0672035324057233E-007
         804   4.3035666208099081E-007
         805   5.8861807415394770E-007
         806   4.1596022404895601E-007
         807   5.0037012946602722E-007
         808   4.0174187810495033E-007
         809   4.2500353373478061E-007
         810   5.6938239567629301E-007
         811   4.2298323648336050E-007
         812   4.2180651721119597E-007
         813   4.9288753739218756E-007
         814   4.3185623276967051E-007
         815   3.4691941061221092E-007
         816   4.6558160332662560E-007
         817   2.7394758607225775E-007
         818   4.6322224292338224E-007
         819   5.0942184003295506E-007
         820   3.3098152726810890E-007
         821   4.7178060457328320E-007
         822   3.9995457581848291E-007
         823   3.7553421029786639E-007
         824   2.9256298889570601E-007
         825   2.9198797085191763E-007
         826   3.6120455675063185E-007
         827   4.6487563305082775E-007
         828   3.9415595576465346E-007
         829   4.3949404517445859E-007
         830   3.9225169670125767E-007
         831   2.1872315780330003E-007
         832   3.1007217863231220E-007
         833   2.8632728182263801E-007
         834   3.3139192185240312E-007
         835   2.5082998431514303E-007
         836   3.4128834464220771E-007
         837   4.4255322940465280E-007
         838   3.0565222982167741E-007
         839   2.3711104861470110E-007
         840   1.6893049785767880E-007
         841   2.4723047126818057E-007
         842   2.4660223283520349E-007
         843   3.0195524188900500E-007
         844   2.2323871772186563E-007
         845   3.0057914366272882E-007
         846   3.6652070791380561E-007
         847   2.5489871239349506E-007
         848   1.7682412974662189E-007
         849   1.1024404400609433E-007
         850   3.3006346732307786E-007
         851   2.7430525494316993E-007
         852   2.4088733870918237E-007
         853   2.6224082869888507E-007
         854   3.2699619839382694E-007
         855   2.2826171251133687E-007
         856   2.9287804876384528E-007
         857   2.1637760525648274E-007
         858   2.5916608679892587E-007
         859   2.0462510069590592E-007
         860   1.9353565006294251E-007
         861   1.8232145291532859E-007
         862   1.9262207031252946E-007
         863   2.5614854970966284E-007
         864   2.4494562174152195E-007
         865   1.9123229996256671E-007
         866   2.0133681620652762E-007
         867   2.4319183532529372E-007
         868   2.7427782531746540E-007
         869   2.8421559278440972E-007
         870   1.5755563230786254E-007
         871   1.8861932529989664E-007
         872   1.8816877544074584E-007
         873   1.4600472786490961E-007
         874   1.3523608740210981E-007
         875   2.0760677842259408E-007
         876   1.9681417014573674E-007
         877   1.3439189886847159E-007
         878   2.3715435148456048E-007
         879   2.3662728099406410E-007
         880   1.6418477653215900E-007
         881   1.4337848299583496E-007
         882   8.1726975671144362E-008
         883   2.4468392008455816E-007
         884   2.3392125580860141E-007
         885   2.2327428956479811E-007
         886   2.3291995367480517E-007
         887   1.3134553393499241E-007
         888   1.5123894113855860E-007
         889   1.6091291268901623E-007
         890   2.5083994688320094E-007
         891   2.0018906235680372E-007
         892   2.6972146562235357E-007
         893   1.5950166976632001E-007
         894   1.9886743720622494E-007
         895   1.0918122851542043E-007
         896   2.9706090306373725E-007
         897   1.2844296924538637E-007
         898   7.8900464540219972E-008
         899   1.3768357815674827E-007
         900   1.3730584757628051E-007
         901   1.6642152359817834E-007
         902   1.1722518234952043E-007
         903   1.5597225845305079E-007
         904   1.7513410530984253E-007
         905   1.7461858299152272E-007
         906   1.2588508692650106E-007
         907   1.5462956627620748E-007
         908   7.7112300553881037E-008
         909   1.0583267921024498E-007
         910   1.7279199979423508E-007
         911   1.0533214722430560E-007
         912   1.3382228580946264E-007
         913   8.5823990310381874E-008
         914   9.5116508148828248E-008
         915   1.0442597148844836E-007
         916   1.3261911429438672E-007
         917   1.0399207418065210E-007
         918   1.2263849312454659E-007
         919   1.8821062780854593E-007
         920   1.7842835684134640E-007
         921   1.2182709828294787E-007
         922   1.4028858199412031E-007
         923   1.7730351590159058E-007
         924   1.2099797294820199E-007
         925   8.3655982904037728E-008
         926   1.2049107221495313E-007
         927   1.2025446491453946E-007
         928   1.4770180190419338E-007
         929   9.2123322562206248E-008
         930   1.5623988853840423E-007
         931   7.3344253640861663E-008
         932   1.1902783036894279E-007
         933   1.1873569861959615E-007
         934   1.0940020823533611E-007
         935   1.2732952161031440E-007
         936   2.0868851419774596E-007
         937   1.3581147975648384E-007
         938   1.1748968784802549E-007
         939   8.1118762406567897E-008
         940   1.6191519512156246E-007
         941   5.3854454988563417E-008
         942   1.7919007748020513E-007
         943   1.6091019015042789E-007
         944   7.1380135134188053E-008
         945   8.9011632089918548E-008
         946   1.4208334640481483E-007
         947   1.1522624656477270E-007
         948   1.2382220174660123E-007
         949   9.7114807330574243E-008
         950   1.4973882808537523E-007
         951   8.7871316789217709E-008
         952   1.0523163975286136E-007
         953   1.2256136425975785E-007
         954   1.7468105696626249E-007
         955   1.3073115710162875E-007
         956   1.6524381109415419E-007
         957   1.5622892471269175E-007
         958   1.2994684215436149E-007
         959   9.5081676602999427E-008
         960   1.0349417345814051E-007
         961   1.4629531303305935E-007
         962   1.3744511086493668E-007
         963   1.2863701514533396E-007
         964   1.1123711004419035E-007
         965   7.6832799946582039E-008
         966   1.2776838466606579E-007
         967   5.1027868407601230E-008
         968   7.6341553430216679E-008
         969   5.9259651150696843E-008
         970   1.0984684192907562E-007
         971   8.4318528477558245E-008
         972   1.1778543273770561E-007
         973   4.1973181437356095E-008
         974   5.8651774824656536E-008
         975   1.1708313602863287E-007
         976   5.8398417728688788E-008
         977   7.4973366174882601E-008
         978   1.1638986639160971E-007
         979   1.1615483675228544E-007
         980   6.6218159597194742E-008
         981   3.3040859088012562E-008
         982   9.0693612742069816E-008
         983   5.7570246375198562E-008
         984   3.2844943138352647E-008
         985   7.3747728048532353E-008
         986   8.9958489828079253E-008
         987   4.8947637022086440E-008
         988   4.0730895676079390E-008
         989   1.0567224453393527E-007
         990   4.8680379304562093E-008
         991   1.0519819854914787E-007
         992   1.1310527298464181E-007
         993   8.0621783283650210E-008
         994   8.8489751933050986E-008
         995   5.6232632804922214E-008
         996   6.4109563315381004E-008
         997   7.9946117402930907E-008
         998   1.1175525895141488E-007
         999   4.7796026614048642E-008
        1000   4.7746481598889093E-006
