           1   5.1672874729232487E-002
           2   8.5366108386143572E-002
           3   7.6399932855265321E-002
           4   6.4209503625010739E-002
           5   7.0788777870783776E-002
           6   8.2270563989192178E-002
           7   8.1337912863312156E-002
           8   7.2644521814779095E-002
           9   7.9298682654062938E-002
          10   7.7695941863629950E-002
          11   7.0583088622878307E-002
          12   6.8316641302649112E-002
          13   7.4052375197439055E-002
          14   7.1332666449366033E-002
          15   6.9682989669928030E-002
          16   7.2678928348726732E-002
          17   6.8620191690420995E-002
          18   6.8900490492036087E-002
          19   6.8286081997798773E-002
          20   6.4427375825230643E-002
          21   6.4519130227815844E-002
          22   6.7838051784372883E-002
          23   6.4074409255342635E-002
          24   6.1507171068483753E-002
          25   6.2947221289406108E-002
          26   6.0843001575803093E-002
          27   6.0512180685139492E-002
          28   5.9524647055974510E-002
          29   5.8983046911146343E-002
          30   5.9777011895447249E-002
          31   5.9158702781962419E-002
          32   5.7897644181965364E-002
          33   5.6089760764566468E-002
          34   5.3855764596859729E-002
          35   5.5517587466108353E-002
          36   5.4024053051424943E-002
          37   5.5195048097293059E-002
          38   5.2136737918818128E-002
          39   5.2555450787866803E-002
          40   5.1372981659938873E-002
          41   5.1355839187692348E-002
          42   5.0659724744929954E-002
          43   5.0359831192431530E-002
          44   4.9362815928712604E-002
          45   4.9240853141432069E-002
          46   4.7540583176976840E-002
          47   4.8217429610105167E-002
          48   4.6872125025480535E-002
          49   4.6438338880308003E-002
          50   4.5291538100821351E-002
          51   4.4968448033131915E-002
          52   4.4894278783490595E-002
          53   4.4560372759394229E-002
          54   4.3946614799830891E-002
          55   4.3376437109111710E-002
          56   4.2099406786840189E-002
          57   4.1594217397405979E-002
          58   4.1288026841080440E-002
          59   4.1729708785257252E-002
          60   4.0013825812528006E-002
          61   3.9727988837603825E-002
          62   3.9421111629956318E-002
          63   3.8665632236935567E-002
          64   3.8522742745087386E-002
          65   3.8348296327732782E-002
          66   3.7433728012414048E-002
          67   3.7103403631070064E-002
          68   3.6805927496790548E-002
          69   3.5682477182624711E-002
          70   3.6079688643300967E-002
          71   3.4723366074432910E-002
          72   3.5341440390533635E-002
          73   3.4408233458968394E-002
          74   3.4198958848011420E-002
          75   3.3550181451233833E-002
          76   3.3253332114400506E-002
          77   3.2441591383898440E-002
          78   3.2537095503073238E-002
          79   3.2060890688732469E-002
          80   3.1666515781579481E-002
          81   3.1552327205435854E-002
          82   3.0577949471423893E-002
          83   3.0301399492657144E-002
          84   2.9835236864678254E-002
          85   2.9669817532199522E-002
          86   2.9218241455056356E-002
          87   2.8983815421432302E-002
          88   2.8182286878763164E-002
          89   2.8166819434510101E-002
          90   2.7814755656018986E-002
          91   2.7324550648763386E-002
          92   2.7048938343390311E-002
          93   2.6964832722920336E-002
          94   2.6283605072923096E-002
          95   2.6095040440547505E-002
          96   2.5814893824834411E-002
          97   2.5304145873691446E-002
          98   2.5107539733723278E-002
          99   2.4665915397969793E-002
         100   2.4671358605559874E-002
         101   2.4069518692846494E-002
         102   2.3882716060511192E-002
         103   2.3338538492329430E-002
         104   2.3359297475991810E-002
         105   2.2670644804110848E-002
         106   2.2552194236259756E-002
         107   2.2219179045693663E-002
         108   2.2150372550720811E-002
         109   2.1860690821940105E-002
         110   2.1216481654301914E-002
         111   2.1290342118884781E-002
         112   2.1026771189006949E-002
         113   2.0726093113007587E-002
         114   2.0340833640676480E-002
         115   2.0168770768627237E-002
         116   1.9839229688117743E-002
         117   1.9749774201806371E-002
         118   1.9420937227415586E-002
         119   1.9053598471100816E-002
         120   1.8856010447950829E-002
         121   1.8751902507900930E-002
         122   1.8223828947421011E-002
         123   1.8343410456832764E-002
         124   1.7760626098925900E-002
         125   1.7629750815015582E-002
         126   1.7564098285262859E-002
         127   1.7141062943312621E-002
         128   1.6964553999922614E-002
         129   1.6917288417218724E-002
         130   1.6680229917454468E-002
         131   1.6251096682810450E-002
         132   1.6172437699970107E-002
         133   1.6030005398409243E-002
         134   1.5890369534394606E-002
         135   1.5433242890750728E-002
         136   1.5393002753735063E-002
         137   1.5165347801019533E-002
         138   1.4994466058484406E-002
         139   1.4855116944438307E-002
         140   1.4599069837882480E-002
         141   1.4376896807279610E-002
         142   1.4255301755873894E-002
         143   1.3901858237094642E-002
         144   1.3826645650975980E-002
         145   1.3800131905817564E-002
         146   1.3556018612497752E-002
         147   1.3363793591437675E-002
         148   1.3170196377164494E-002
         149   1.3033158329212631E-002
         150   1.2778422195876807E-002
         151   1.2751844237803204E-002
         152   1.2494914221354332E-002
         153   1.2300558509841035E-002
         154   1.2076208169449322E-002
         155   1.2019171996666904E-002
         156   1.1876019480226419E-002
         157   1.1797937617662619E-002
         158   1.1576508191297715E-002
         159   1.1437602557373052E-002
         160   1.1311775106379500E-002
         161   1.1230589227935231E-002
         162   1.1023983663838957E-002
         163   1.0881165415858167E-002
         164   1.0773240459615018E-002
         165   1.0608633889199285E-002
         166   1.0321930729208553E-002
         167   1.0227381939856473E-002
         168   1.0186921886947378E-002
         169   1.0005206306132426E-002
         170   9.8675762891787446E-003
         171   9.7724346029951503E-003
         172   9.6979639743970964E-003
         173   9.3718482985325965E-003
         174   9.3918121577492748E-003
         175   9.2159857519026091E-003
         176   9.2252185877476096E-003
         177   9.0619210848146125E-003
         178   8.7691329342383592E-003
         179   8.7938478830061409E-003
         180   8.7394429762769222E-003
         181   8.5741709831111956E-003
         182   8.4754875824975123E-003
         183   8.3970430367802176E-003
         184   8.1932717595885694E-003
         185   8.1744469875025278E-003
         186   8.0372240266502228E-003
         187   7.8905159962984420E-003
         188   7.8234163931105750E-003
         189   7.6592897911352906E-003
         190   7.5837128157624032E-003
         191   7.4787674371755855E-003
         192   7.4046948144556313E-003
         193   7.2758196939068246E-003
         194   7.1932130281836303E-003
         195   7.1516471515816376E-003
         196   7.0483948577172483E-003
         197   6.9015033102246643E-003
         198   6.8425949512890150E-003
         199   6.8135310800306976E-003
         200   6.6970613702967002E-003
         201   6.5663520014574098E-003
         202   6.4578370111846636E-003
         203   6.3797318249471067E-003
         204   6.2931248614500768E-003
         205   6.2360329478808657E-003
         206   6.1906284617933034E-003
         207   6.1551357714836287E-003
         208   5.9770638378242088E-003
         209   5.9118657789891385E-003
         210   5.8226643495137981E-003
         211   5.7262401695759102E-003
         212   5.7018043886389487E-003
         213   5.6333432500733768E-003
         214   5.5201658459793313E-003
         215   5.4829777229808384E-003
         216   5.3811691491810624E-003
         217   5.4115470047420540E-003
         218   5.3033276317577234E-003
         219   5.1643788185501329E-003
         220   5.1301195066752649E-003
         221   5.0883784639665442E-003
         222   4.9362647540023997E-003
         223   4.8852295236814277E-003
         224   4.8813256309002510E-003
         225   4.8025773059881599E-003
         226   4.7125468231351076E-003
         227   4.6531668872922720E-003
         228   4.6472195406133954E-003
         229   4.5650037832127600E-003
         230   4.5347214854217993E-003
         231   4.4075504663454463E-003
         232   4.3997164634574284E-003
         233   4.3260626884264880E-003
         234   4.2790695661963718E-003
         235   4.1744930577519955E-003
         236   4.1337126613009145E-003
         237   4.1321618567092535E-003
         238   4.0959691124012607E-003
         239   4.0208884521293316E-003
         240   3.9124189955409804E-003
         241   3.8442557226613665E-003
         242   3.8144807745436565E-003
         243   3.7843199355865427E-003
         244   3.7187431939340525E-003
         245   3.6684704832122550E-003
         246   3.6465814330729970E-003
         247   3.5803600370078966E-003
         248   3.5230411913995735E-003
         249   3.5012639074012562E-003
         250   3.4103671321807035E-003
         251   3.3815741632750918E-003
         252   3.3302183586248497E-003
         253   3.2710384589149768E-003
         254   3.2901926879972889E-003
         255   3.2037637338901723E-003
         256   3.1562035998222667E-003
         257   3.1506292942957621E-003
         258   3.0749089524806481E-003
         259   3.0573295875287749E-003
         260   3.0331596521032487E-003
         261   2.9668536043974962E-003
         262   2.9636944360076933E-003
         263   2.9374314602452311E-003
         264   2.8693053337287772E-003
         265   2.8093520056884243E-003
         266   2.7981148002843939E-003
         267   2.7481186965139072E-003
         268   2.6884815196799522E-003
         269   2.6797787496677674E-003
         270   2.6260636835389365E-003
         271   2.5833304063253176E-003
         272   2.5847631593596742E-003
         273   2.5632143966792752E-003
         274   2.4912004082532904E-003
         275   2.4786253932477806E-003
         276   2.4152763925274056E-003
         277   2.4191944213224053E-003
         278   2.3974288147754572E-003
         279   2.3615095965354789E-003
         280   2.3100171673522073E-003
         281   2.2837388139827419E-003
         282   2.2478494259288409E-003
         283   2.2098760853576536E-003
         284   2.1674917326214085E-003
         285   2.1514619151601949E-003
         286   2.1344203707527104E-003
         287   2.0973809587845234E-003
         288   2.0859928631902914E-003
         289   2.0314016162190545E-003
         290   2.0095981976773506E-003
         291   2.0145422414682107E-003
         292   1.9870075290626486E-003
         293   1.9536286676978720E-003
         294   1.9160748213320211E-003
         295   1.8612868133259263E-003
         296   1.8272006749117699E-003
         297   1.8506320526269465E-003
         298   1.8304200179307783E-003
         299   1.7998824749697992E-003
         300   1.7558210568640669E-003
         301   1.7342166258627317E-003
         302   1.7399401283360923E-003
         303   1.6970883827899018E-003
         304   1.6582536647952104E-003
         305   1.6231474533100832E-003
         306   1.6301176012453440E-003
         307   1.6027936244746024E-003
         308   1.6159310832378816E-003
         309   1.5742242108703491E-003
         310   1.5403604349084059E-003
         311   1.5206978844013199E-003
         312   1.5021691762096918E-003
         313   1.4918493722347447E-003
         314   1.4468259078489513E-003
         315   1.4371584256490674E-003
         316   1.4251977690201518E-003
         317   1.4209949702997256E-003
         318   1.3732060994977313E-003
         319   1.3521581685918339E-003
         320   1.3919221585206860E-003
         321   1.3176770726433086E-003
         322   1.3051593905319364E-003
         323   1.2844072178971099E-003
         324   1.2830831107635266E-003
         325   1.2433594369295764E-003
         326   1.2562681854745815E-003
         327   1.2460248547736584E-003
         328   1.2069236636068287E-003
         329   1.1941979107019506E-003
         330   1.1822686140485039E-003
         331   1.1692460801420595E-003
         332   1.1505629729841849E-003
         333   1.1323373559777858E-003
         334   1.1065918595544023E-003
         335   1.0892813557459742E-003
         336   1.0844062033458809E-003
         337   1.0510830745215564E-003
         338   1.0635969566640366E-003
         339   1.0523448532731331E-003
         340   1.0388425568337129E-003
         341   9.9221729648159328E-004
         342   9.9877365244165962E-004
         343   9.8965992044382028E-004
         344   9.7533363005040832E-004
         345   9.6517639217302679E-004
         346   9.3747476046902032E-004
         347   9.3894724551097156E-004
         348   9.2846761226248332E-004
         349   8.9870402655295185E-004
         350   8.8631532055752609E-004
         351   8.7075070130020280E-004
         352   8.7451615701353844E-004
         353   8.4810147566768230E-004
         354   8.5258661520098652E-004
         355   8.3128352491064722E-004
         356   8.2113738763179894E-004
         357   8.1467763969862717E-004
         358   7.9266990771430441E-004
         359   7.9081731728492216E-004
         360   7.8175881908344009E-004
         361   7.7768975882405364E-004
         362   7.5080442825810703E-004
         363   7.3866442437268065E-004
         364   7.2418900883419919E-004
         365   7.2055302645085764E-004
         366   7.2497840920733884E-004
         367   6.9213569627731063E-004
         368   6.9287939699788756E-004
         369   6.8073471220297574E-004
         370   6.8580382199064256E-004
         371   6.5817582909321161E-004
         372   6.6067561720137464E-004
         373   6.4071932154058017E-004
         374   6.3446868941490907E-004
         375   6.3870884530076351E-004
         376   6.2577331796788112E-004
         377   6.1520209533651095E-004
         378   6.1195466380372049E-004
         379   5.9084993637558510E-004
         380   5.8657320419953408E-004
         381   5.8576606043778058E-004
         382   5.7536311937790270E-004
         383   5.6218779067134742E-004
         384   5.5447258924584675E-004
         385   5.4195145226318539E-004
         386   5.4097802054891013E-004
         387   5.3531313638203277E-004
         388   5.2203483562899850E-004
         389   5.2180797849065786E-004
         390   5.0953794635408181E-004
         391   5.0446728583224316E-004
         392   4.9563534920576220E-004
         393   4.9248722756481248E-004
         394   4.7582680581208903E-004
         395   4.7428786315247326E-004
         396   4.6821811493951917E-004
         397   4.6444757700683667E-004
         398   4.6929326675569937E-004
         399   4.5897209549310527E-004
         400   4.4414135400192082E-004
         401   4.3530459445103377E-004
         402   4.3667913932952571E-004
         403   4.2654299917157395E-004
         404   4.2211542852247768E-004
         405   4.1320525858454173E-004
         406   4.1301389203381850E-004
         407   4.0872505086488156E-004
         408   3.9671074818356452E-004
         409   4.0423430562304722E-004
         410   3.8890074620536347E-004
         411   3.7238437714076368E-004
         412   3.7741343156088214E-004
         413   3.6675486602670749E-004
         414   3.7069665231115160E-004
         415   3.5759694523935289E-004
         416   3.5552061506234373E-004
         417   3.5538693732616608E-004
         418   3.5058227591616291E-004
         419   3.3973187420648998E-004
         420   3.3736801951793572E-004
         421   3.2594076242142839E-004
         422   3.2829376394042959E-004
         423   3.2575660126552301E-004
         424   3.1588262792890025E-004
         425   3.1563162855460721E-004
         426   3.1069495112307882E-004
         427   3.0862785348830852E-004
         428   3.0117019122446423E-004
         429   3.0037916634425264E-004
         430   2.9270621421462905E-004
         431   2.8878755748866920E-004
         432   2.9626615022629391E-004
         433   2.8075378566951134E-004
         434   2.7491451789292431E-004
         435   2.7772626906948946E-004
         436   2.6767681926012356E-004
         437   2.6338128928115912E-004
         438   2.5174794029448331E-004
         439   2.5393992490746817E-004
         440   2.5447280880886586E-004
         441   2.5724168152410691E-004
         442   2.4539594837536357E-004
         443   2.4274817517726301E-004
         444   2.4234796632830206E-004
         445   2.4122125644865668E-004
         446   2.3490739163865924E-004
         447   2.2630606949130907E-004
         448   2.2921997459374679E-004
         449   2.3122772829446480E-004
         450   2.2021032108076447E-004
         451   2.1673030257256831E-004
         452   2.1581722248194247E-004
         453   2.1768782667722759E-004
         454   2.0652068169408673E-004
         455   2.0569113247652962E-004
         456   2.0948552465669982E-004
         457   2.0455520569428261E-004
         458   1.9541052789405445E-004
         459   1.9670196475647653E-004
         460   1.9172432427417240E-004
         461   1.9320859746915293E-004
         462   1.8704630754665436E-004
         463   1.8458200867647537E-004
         464   1.8850871711576501E-004
         465   1.8094080677322148E-004
         466   1.8195530865182320E-004
         467   1.7644312898948094E-004
         468   1.7344478723218238E-004
         469   1.7057063438734942E-004
         470   1.6852278257087030E-004
         471   1.6866429610004919E-004
         472   1.6250547561842262E-004
         473   1.5979307240684837E-004
         474   1.5753171324221795E-004
         475   1.6101609994116837E-004
         476   1.5926228268537372E-004
         477   1.5726830898866607E-004
         478   1.5414192725517450E-004
         479   1.4931383956408561E-004
         480   1.4965118434242893E-004
         481   1.4488402419255642E-004
         482   1.4175500912390034E-004
         483   1.3898726883916887E-004
         484   1.3930275222551387E-004
         485   1.3632497780790659E-004
         486   1.3849069677013753E-004
         487   1.3038860891556741E-004
         488   1.3132047212653991E-004
         489   1.2776449979099832E-004
         490   1.2912940685964145E-004
         491   1.3064809051597086E-004
         492   1.2073525602902817E-004
         493   1.2308720964623475E-004
         494   1.2073378207366134E-004
         495   1.2300076552402797E-004
         496   1.2024454158212727E-004
         497   1.1443002475585749E-004
         498   1.1313589931495208E-004
         499   1.1128054049580873E-004
         500   1.1188506500880380E-004
         501   1.0995223988777484E-004
         502   1.1020558208492324E-004
         503   1.0713166950813355E-004
         504   1.0615100950525518E-004
         505   1.0544698300720292E-004
         506   9.9944243785627458E-005
         507   9.4236270926693091E-005
         508   9.6942649812965123E-005
         509   9.6166984505352988E-005
         510   9.6061828552312630E-005
         511   9.4015537094230798E-005
         512   9.2859762228571276E-005
         513   9.2862799653682537E-005
         514   9.0938066719017358E-005
         515   8.9477230120649448E-005
         516   8.9547183444243846E-005
         517   8.8223164798077080E-005
         518   8.4895792133502488E-005
         519   8.4802162338744029E-005
         520   8.2892367422831545E-005
         521   8.2605415474535851E-005
         522   7.9984268144913200E-005
         523   7.9879031080449072E-005
         524   7.4282313123447721E-005
         525   7.6885137070669546E-005
         526   7.1307635178362666E-005
         527   7.9963236744628641E-005
         528   7.3220890962344423E-005
         529   7.1047695677726566E-005
         530   7.2895152277383790E-005
         531   7.1918166717174745E-005
         532   7.1226072346271455E-005
         533   6.7576487837991823E-005
         534   6.9722314630457668E-005
         535   6.6158570539238032E-005
         536   6.6079553970874560E-005
         537   6.3573058387417171E-005
         538   6.4377414294178889E-005
         539   6.1843418204329833E-005
         540   6.2133289770724325E-005
         541   5.9677348829119058E-005
         542   5.9676534851395767E-005
         543   5.9913823366442125E-005
         544   5.8834904492399970E-005
         545   5.8111457830546728E-005
         546   5.5579655396201270E-005
         547   5.6814159157104632E-005
         548   5.7080689693853721E-005
         549   5.4237645037011112E-005
         550   5.5012749206401102E-005
         551   5.3999359512331298E-005
         552   5.2503288235734700E-005
         553   5.3197945367447450E-005
         554   5.0209446581032184E-005
         555   4.9849873951086030E-005
         556   4.9414020250227566E-005
         557   4.9570439101809514E-005
         558   4.9137603645552198E-005
         559   4.7969259908400928E-005
         560   4.8226595168444939E-005
         561   4.7678587906202060E-005
         562   4.5022236497177734E-005
         563   4.4507184848955376E-005
         564   4.4825001419466194E-005
         565   4.1731239445845913E-005
         566   4.3940893693967526E-005
         567   4.2598789528749556E-005
         568   4.1438849608012204E-005
         569   4.1071821714324378E-005
         570   4.1370578147676948E-005
         571   3.9372242694885288E-005
         572   4.1010278558770934E-005
         573   4.0162956864630336E-005
         574   3.8048085139752059E-005
         575   3.8108457927325238E-005
         576   3.6920593924707448E-005
         577   3.7079443690054513E-005
         578   3.6881718218060710E-005
         579   3.4336237314625414E-005
         580   3.7122234049144067E-005
         581   3.4075768725263900E-005
         582   3.3958645161917402E-005
         583   3.4756715568067003E-005
         584   3.3611215824887320E-005
         585   3.3008172852459796E-005
         586   3.3451754280909781E-005
         587   3.0988557557005071E-005
         588   3.2052988619449858E-005
         589   3.1555597360146468E-005
         590   3.0993943783789238E-005
         591   3.0409274797037420E-005
         592   2.9875924536454614E-005
         593   2.8577916336235631E-005
         594   2.6838276921973453E-005
         595   2.8454471524815371E-005
         596   2.8783284726679305E-005
         597   2.9199270564715180E-005
         598   2.6857856343724786E-005
         599   2.6835736697756231E-005
         600   2.7717364954063446E-005
         601   2.6285084977780326E-005
         602   2.5121799808653018E-005
         603   2.7311015122290952E-005
         604   2.4631752116676345E-005
         605   2.5221929156442797E-005
         606   2.5462747039840362E-005
         607   2.5185532085192326E-005
         608   2.5768158624904042E-005
         609   2.2748991159168276E-005
         610   2.3442731276946292E-005
         611   2.2367833692720671E-005
         612   2.2802921767815687E-005
         613   2.0890167696624685E-005
         614   2.1326837910522063E-005
         615   2.1194465950741238E-005
         616   2.2109792483659219E-005
         617   2.0640578214025202E-005
         618   1.9595388787544874E-005
         619   2.1005401107306450E-005
         620   2.1555665223878206E-005
         621   1.8273949135972304E-005
         622   1.8420547524153874E-005
         623   1.9468093377212891E-005
         624   1.8120041059327412E-005
         625   1.8549931690086861E-005
         626   1.7842357638599951E-005
         627   1.7744655622994159E-005
         628   1.8352147527510407E-005
         629   1.6527173772068481E-005
         630   1.5955459523291742E-005
         631   1.6102364671059506E-005
         632   1.6471011680574851E-005
         633   1.6240025477799985E-005
         634   1.6525988238041650E-005
         635   1.6433284189159957E-005
         636   1.4044130345995734E-005
         637   1.5625111914023801E-005
         638   1.5478970216628148E-005
         639   1.4750184283349632E-005
         640   1.5905837334857698E-005
         641   1.4812157142095931E-005
         642   1.3936631332968256E-005
         643   1.3259981766333176E-005
         644   1.3716227465141126E-005
         645   1.2452843279517223E-005
         646   1.3574831828145568E-005
         647   1.1692996520757960E-005
         648   1.3528509044718890E-005
         649   1.2790368994326820E-005
         650   1.2148548092323366E-005
         651   1.2598360501451787E-005
         652   1.1177033612487530E-005
         653   1.2316838266823186E-005
         654   1.2650851086868665E-005
         655   1.1594317366858026E-005
         656   1.2057000949833675E-005
         657   1.0805759564571785E-005
         658   1.0863232072897115E-005
         659   1.2806816736281473E-005
         660   1.1363505132678942E-005
         661   1.0165578846091126E-005
         662   1.1023907331459722E-005
         663   1.0267197629050684E-005
         664   9.5519906790252585E-006
         665   9.8287979168564141E-006
         666   9.6561555206002672E-006
         667   9.8052614893444480E-006
         668   1.0113935477944001E-005
         669   1.0048844415000841E-005
         670   9.7003018074279418E-006
         671   9.4405584688443483E-006
         672   8.8849090651081598E-006
         673   8.4208989970532383E-006
         674   8.8683707001247786E-006
         675   8.4932067211920575E-006
         676   8.0861368196497211E-006
         677   8.4602007721041695E-006
         678   8.1073316745706552E-006
         679   8.3938775665534856E-006
         680   8.3343502798060102E-006
         681   7.7613516821700637E-006
         682   7.2093743988154560E-006
         683   8.0058804377114746E-006
         684   7.8124197027871668E-006
         685   7.5363427831611091E-006
         686   7.4636911240536110E-006
         687   7.0540224319298748E-006
         688   6.9162952567497630E-006
         689   6.9797668950035655E-006
         690   6.8761385109496597E-006
         691   7.5893449614136488E-006
         692   6.6049785165343980E-006
         693   6.5358718033821786E-006
         694   6.7311008592445118E-006
         695   6.4820077938616762E-006
         696   6.2498207075910678E-006
         697   6.0515649822960076E-006
         698   6.0836487522349647E-006
         699   6.0665515795732857E-006
         700   6.0810488483657548E-006
         701   5.8379861381533767E-006
         702   5.4181011528304258E-006
         703   5.8689183528375025E-006
         704   6.2206944209621499E-006
         705   5.5798621434947953E-006
         706   5.0859915953371286E-006
         707   5.0395036130498141E-006
         708   5.5331056214725321E-006
         709   5.1062630901045868E-006
         710   5.2336445287539202E-006
         711   5.5962558439154445E-006
         712   5.0162673259752556E-006
         713   5.1579210645483627E-006
         714   4.6918608374910047E-006
         715   5.1139805922875215E-006
         716   4.5572611433090439E-006
         717   4.3901102852796857E-006
         718   5.0560609687990024E-006
         719   4.2883453893425421E-006
         720   4.4454964935604943E-006
         721   4.4795219650086448E-006
         722   3.6586602706765687E-006
         723   3.5725167139964945E-006
         724   3.6083089287092859E-006
         725   3.5680617533507926E-006
         726   3.9652136627754548E-006
         727   4.0743751863061244E-006
         728   4.2886767803764098E-006
         729   3.8433563812439679E-006
         730   4.5634701212001115E-006
         731   3.8964634606981033E-006
         732   3.5443552034920229E-006
         733   3.6537805331463623E-006
         734   3.5989479750128508E-006
         735   3.3687460441279577E-006
         736   3.5797346749277954E-006
         737   3.5845908088996600E-006
         738   3.7497991678098513E-006
         739   2.8957668152102436E-006
         740   3.7878177066221220E-006
         741   3.6035697842322774E-006
         742   3.4785249108125919E-006
         743   3.0088882779656847E-006
         744   3.0583736279164070E-006
         745   3.1072492151925763E-006
         746   3.1843702274335746E-006
         747   2.8483905425252120E-006
         748   3.6647861174204671E-006
         749   3.2015329597023728E-006
         750   2.9951481699629893E-006
         751   3.4525433234411040E-006
         752   3.1901328395107583E-006
         753   2.6907565344081354E-006
         754   2.6140397918594042E-006
         755   2.6349307209881715E-006
         756   2.6142713341215857E-006
         757   2.5102099881229146E-006
         758   2.9740658243284181E-006
         759   2.6626488882734714E-006
         760   2.4216252536402488E-006
         761   2.7033888362305149E-006
         762   2.6279008122560164E-006
         763   2.5391477443046243E-006
         764   2.4508129038058907E-006
         765   2.3898373382897866E-006
         766   2.4514213781559610E-006
         767   2.4180835388594360E-006
         768   2.1693575121562094E-006
         769   2.2842744020287042E-006
         770   2.2385643292753011E-006
         771   2.0988924431748218E-006
         772   2.2805469289944069E-006
         773   1.7156004178536056E-006
         774   1.7908211492417845E-006
         775   1.8655891043250619E-006
         776   2.0457881427524515E-006
         777   2.1455583713679661E-006
         778   2.1400808090163979E-006
         779   1.7549366301340633E-006
         780   1.9333294635037784E-006
         781   1.6811499153746687E-006
         782   1.8974095386456639E-006
         783   2.2034595360060731E-006
         784   2.0042634014935446E-006
         785   1.8698493349780921E-006
         786   1.7880857257189388E-006
         787   1.9760554856283068E-006
         788   1.8430847725982257E-006
         789   1.7747357521421616E-006
         790   1.6938989586648120E-006
         791   1.5622805024487479E-006
         792   1.3937142627715720E-006
         793   1.9208988212278069E-006
         794   1.3237755716889183E-006
         795   1.2573894032189555E-006
         796   1.4801502369312705E-006
         797   1.7892604789540947E-006
         798   1.4104808361227823E-006
         799   1.4193644271744407E-006
         800   1.4281755269464099E-006
         801   1.3007956432375469E-006
         802   1.3221770272411965E-006
         803   1.4051980676436243E-006
         804   1.2048937284381147E-006
         805   1.1529225280970420E-006
         806   1.1132879283194151E-006
         807   9.3975754670035981E-007
         808   1.2052198925098438E-006
         809   1.1174229423131749E-006
         810   1.0296997711847804E-006
         811   1.0030331633736674E-006
         812   9.5239208462804768E-007
         813   9.9812081823313157E-007
         814   1.1277387039515144E-006
         815   1.1009252039985284E-006
         816   1.0144415730911479E-006
         817   1.1906333014112502E-006
         818   1.5440927385794767E-006
         819   9.0050800689759692E-007
         820   8.5117106323593315E-007
         821   9.0788687620937020E-007
         822   1.0585908459279102E-006
         823   1.1265980462956289E-006
         824   8.0781133523069424E-007
         825   1.1443432545577864E-006
         826   9.6692610538704318E-007
         827   8.7146724919955644E-007
         828   8.9250108480746311E-007
         829   8.9053871414693525E-007
         830   7.7304062204001397E-007
         831   9.8976857957175410E-007
         832   6.7751429078192622E-007
         833   7.6751312024790315E-007
         834   7.6561505213397064E-007
         835   7.7517036310213806E-007
         836   9.4402577756495297E-007
         837   8.5081414627126573E-007
         838   8.4880727627502478E-007
         839   8.2438046902667411E-007
         840   7.6603211045859133E-007
         841   8.4280484185721734E-007
         842   7.2873972869785045E-007
         843   7.1605439927196532E-007
         844   1.0263971651624455E-006
         845   1.0019313984490230E-006
         846   9.9949532649281489E-007
         847   7.4240126618984022E-007
         848   7.4052713867676992E-007
         849   7.0576641964311615E-007
         850   6.5999852149821447E-007
         851   7.4628616128339122E-007
         852   6.0226906254107050E-007
         853   6.1170374569084561E-007
         854   5.0129230744141059E-007
         855   5.6548112533833297E-007
         856   5.6394727105143668E-007
         857   6.6021148503314461E-007
         858   7.0191791837200670E-007
         859   5.6024974403203995E-007
         860   6.8790888929429479E-007
         861   6.0040938377648447E-007
         862   5.9898020980928365E-007
         863   6.5100223733977462E-007
         864   6.1755564750636664E-007
         865   7.1181891870648712E-007
         866   4.5577476906142439E-007
         867   7.0836005864167513E-007
         868   5.2743190861885513E-007
         869   4.3152240762411652E-007
         870   3.5705571150846620E-007
         871   5.4492522285461207E-007
         872   4.7045561102640329E-007
         873   6.3606318196760427E-007
         874   4.4746261859523147E-007
         875   4.7756575235564685E-007
         876   4.4544672426760903E-007
         877   6.9248548680255145E-007
         878   4.6398923458156857E-007
         879   3.6001190671981075E-007
         880   5.1314793994506404E-007
         881   4.7108386610399802E-007
         882   4.4952847598706666E-007
         883   4.1797719717616426E-007
         884   3.1527264390286327E-007
         885   5.0742086516616170E-007
         886   3.1389801879220973E-007
         887   4.1417484899838161E-007
         888   4.4347586015119884E-007
         889   3.8217668183342306E-007
         890   2.8102358617430715E-007
         891   2.9039779147385648E-007
         892   4.7948193199916750E-007
         893   4.7845801566874555E-007
         894   3.1823685165722698E-007
         895   5.5580360657499370E-007
         896   3.3678476655395426E-007
         897   3.1606602861042063E-007
         898   2.9573581859802617E-007
         899   3.5402998508780153E-007
         900   2.3549807101629546E-007
         901   2.9372565511288814E-007
         902   3.8106945348086694E-007
         903   2.8269461528419677E-007
         904   3.8909464665835680E-007
         905   2.7172871898244161E-007
         906   3.5834267151825940E-007
         907   3.1893364333891068E-007
         908   2.9881674158456407E-007
         909   2.1168118572789245E-007
         910   3.9348933086498953E-007
         911   2.9695418181719721E-007
         912   2.1980323844018687E-007
         913   2.2885064817212438E-007
         914   2.9489890257988237E-007
         915   2.2788459021581867E-007
         916   4.6419041748529440E-007
         917   2.9308610563120714E-007
         918   2.5474711884583037E-007
         919   5.2702402428157228E-007
         920   3.2867205729150569E-007
         921   3.5614125121422511E-007
         922   2.8981344627552566E-007
         923   2.3325903656931838E-007
         924   2.2345914788070366E-007
         925   2.2293289466718479E-007
         926   2.4101436633474951E-007
         927   2.0350489979066132E-007
         928   3.0464977313583167E-007
         929   2.0263856163798727E-007
         930   1.2866110340249247E-007
         931   1.9258728989033832E-007
         932   3.2031589931807823E-007
         933   3.1046978988682648E-007
         934   2.9158159906015892E-007
         935   2.3639075090418838E-007
         936   2.1775402186419789E-007
         937   1.9919386905538704E-007
         938   1.9876882985894926E-007
         939   2.6143057989463891E-007
         940   1.9792265149979954E-007
         941   2.6029239720902780E-007
         942   2.2395824839922868E-007
         943   1.6087949764194845E-007
         944   1.5166308779883394E-007
         945   1.9588837554423201E-007
         946   1.9539406385438937E-007
         947   1.7732766720090004E-007
         948   1.9457844024042638E-007
         949   2.1188434900200513E-007
         950   2.1141077976288304E-007
         951   2.1975165305564377E-007
         952   2.0172039211289369E-007
         953   2.5382777067181365E-007
         954   1.7472477135677177E-007
         955   2.0921668509518118E-007
         956   1.9136336286363390E-007
         957   1.3888589468032424E-007
         958   1.3859711998801580E-007
         959   1.5560264634807602E-007
         960   1.5531395240325952E-007
         961   1.2909679168716862E-007
         962   1.3741516248792541E-007
         963   1.7145452649806148E-007
         964   1.6250379291381850E-007
         965   1.1951425305335157E-007
         966   1.1073515599908300E-007
         967   1.7855653137885142E-007
         968   9.3336313384135788E-008
         969   2.1171173823187610E-007
         970   2.3660716153576665E-007
         971   1.6860495793988578E-007
         972   1.0096666049880961E-007
         973   9.2364170231630834E-008
         974   1.3409186090815990E-007
         975   1.5053465095844731E-007
         976   1.4189020475859319E-007
         977   1.4161286981255327E-007
         978   9.9744542594695946E-008
         979   3.3176261633543785E-008
         980   1.0761329680042117E-007
         981   1.1565342148671736E-007
         982   9.0671254434617409E-008
         983   1.2340248339711103E-007
         984   7.3874918907801419E-008
         985   1.5569076442244504E-007
         986   1.1449851512892309E-007
         987   1.3874475821851122E-007
         988   1.1398498410208708E-007
         989   1.3820133148566618E-007
         990   1.2164838014972698E-007
         991   8.0944408611920858E-008
         992   8.0801239562498093E-008
         993   9.6757476585394545E-008
         994   1.0462859337202509E-007
         995   1.2847911354317087E-007
         996   8.0134286160493765E-008
         997   5.5994480208059329E-008
         998   9.5759117290109941E-008
         999   1.1153515465833528E-007
        1000   8.1089441248780385E-006
