           1  0.46549529164809433     
           2  0.36256106369484287     
           3  0.29642107629432152     
           4  0.31249207957638747     
           5  0.29219197585347556     
           6  0.29771877133965818     
           7  0.30175275151201458     
           8  0.28305388441007018     
           9  0.29381983257714922     
          10  0.28079162418846648     
          11  0.27696864977848284     
          12  0.26658423687854998     
          13  0.26591886329124009     
          14  0.25571106023179141     
          15  0.24257181363599956     
          16  0.25050675599682759     
          17  0.24510174486875511     
          18  0.24422205697840493     
          19  0.23897724356256547     
          20  0.23251156002053233     
          21  0.22049230429367003     
          22  0.22260871121366196     
          23  0.21264718726401277     
          24  0.20930056007102890     
          25  0.20512869135172179     
          26  0.20419236789938408     
          27  0.20178433383647623     
          28  0.19772671965847013     
          29  0.18976303405588585     
          30  0.18929310823592874     
          31  0.17941224089402460     
          32  0.17978385650855430     
          33  0.17653136423557841     
          34  0.17296831548682121     
          35  0.16841069638148978     
          36  0.16594139294658972     
          37  0.16033874787340058     
          38  0.15787686643605534     
          39  0.15672746837985410     
          40  0.15313629285184449     
          41  0.15056931710219454     
          42  0.14673341239205104     
          43  0.14504194129737405     
          44  0.14160653009257809     
          45  0.13713312103600489     
          46  0.13586221567122200     
          47  0.13323978342716541     
          48  0.12997689703081564     
          49  0.12737655683919222     
          50  0.12625028809123159     
          51  0.12305702050417566     
          52  0.12039943160476878     
          53  0.11800891423804455     
          54  0.11615071597346432     
          55  0.11341698525398367     
          56  0.11105285542693259     
          57  0.10779038161567919     
          58  0.10639442749297197     
          59  0.10490918513618805     
          60  0.10116298984172997     
          61   9.9654166102158645E-002
          62   9.8500908992258357E-002
          63   9.6103164788207338E-002
          64   9.4418499561730179E-002
          65   9.2067182602730474E-002
          66   9.0500612718575305E-002
          67   8.9183857522801724E-002
          68   8.6531313782977709E-002
          69   8.5056649639781767E-002
          70   8.3623610847205987E-002
          71   8.1869501839278908E-002
          72   8.0139079038599112E-002
          73   7.8507851465069833E-002
          74   7.7625280883129824E-002
          75   7.5184590221588452E-002
          76   7.4458121784809192E-002
          77   7.2544025234056717E-002
          78   7.0963555927023053E-002
          79   6.8948962466993308E-002
          80   6.7629625694518372E-002
          81   6.6508776059143127E-002
          82   6.5037772905913005E-002
          83   6.4062977290293255E-002
          84   6.2670439102642375E-002
          85   6.1073708707778306E-002
          86   6.0291000889746517E-002
          87   5.9070709835927104E-002
          88   5.7901303876568971E-002
          89   5.5915160373650657E-002
          90   5.5595636508666342E-002
          91   5.4102656617721789E-002
          92   5.3243998438277457E-002
          93   5.1785922366823028E-002
          94   5.1285710091408789E-002
          95   4.9796759894056103E-002
          96   4.8833321081718811E-002
          97   4.8234204083195530E-002
          98   4.6945822234388299E-002
          99   4.5708283095680570E-002
         100   4.4831606819765141E-002
         101   4.3961859701756714E-002
         102   4.3187933376760322E-002
         103   4.2798985918731935E-002
         104   4.1648376806635794E-002
         105   4.0447000867829562E-002
         106   3.9701474552169519E-002
         107   3.8765819470461406E-002
         108   3.8123129981041143E-002
         109   3.7303644138714884E-002
         110   3.6399177649801710E-002
         111   3.5660825226623123E-002
         112   3.5320320108045838E-002
         113   3.4350594885599439E-002
         114   3.3360780198063135E-002
         115   3.2931245705282525E-002
         116   3.1832765511795404E-002
         117   3.1366042329619113E-002
         118   3.0934492673966283E-002
         119   2.9986601472503035E-002
         120   2.9602578743762056E-002
         121   2.9209176103357090E-002
         122   2.8460295208317669E-002
         123   2.7624666650097003E-002
         124   2.7365266639473657E-002
         125   2.6595648495784704E-002
         126   2.6166887328852341E-002
         127   2.5584488767127933E-002
         128   2.5048945508153588E-002
         129   2.4636009814724982E-002
         130   2.4062619172480090E-002
         131   2.3633468501794493E-002
         132   2.3014197081546766E-002
         133   2.2441604019436148E-002
         134   2.2076185311400470E-002
         135   2.1618369063315108E-002
         136   2.1080787476670838E-002
         137   2.0769641487594675E-002
         138   2.0337742519509625E-002
         139   1.9879534458019297E-002
         140   1.9717390933019614E-002
         141   1.9127886743565161E-002
         142   1.8578322428821962E-002
         143   1.8428522854657039E-002
         144   1.7945293415537078E-002
         145   1.7592253212858174E-002
         146   1.7201328108128508E-002
         147   1.7044474159639295E-002
         148   1.6665896062205785E-002
         149   1.6190372560117374E-002
         150   1.5879977251409418E-002
         151   1.5511377962163734E-002
         152   1.5203642050945654E-002
         153   1.4833161101267926E-002
         154   1.4375132536228156E-002
         155   1.4257927911862256E-002
         156   1.4035879176074148E-002
         157   1.3615802219580597E-002
         158   1.3344907089921497E-002
         159   1.3142089247077693E-002
         160   1.2771139657568847E-002
         161   1.2511987739358757E-002
         162   1.2426216843445073E-002
         163   1.2073828327063590E-002
         164   1.1783717842151599E-002
         165   1.1468553267129557E-002
         166   1.1381690872718009E-002
         167   1.1163284302705473E-002
         168   1.0758671079955222E-002
         169   1.0613141568360650E-002
         170   1.0419446072297684E-002
         171   1.0124003145380915E-002
         172   9.9983677420252201E-003
         173   9.8632529398840294E-003
         174   9.7632926749801879E-003
         175   9.3894842605776827E-003
         176   9.2913710803732719E-003
         177   8.9073045453285354E-003
         178   8.7171522254361339E-003
         179   8.6224796698980213E-003
         180   8.5742480620527931E-003
         181   8.2470392787734256E-003
         182   8.1281336548388265E-003
         183   7.9732340976761649E-003
         184   7.8550868251913136E-003
         185   7.5720109883101964E-003
         186   7.4876581380494524E-003
         187   7.2141206239727702E-003
         188   7.0528562489784452E-003
         189   7.0409320618728902E-003
         190   6.8536193822007667E-003
         191   6.7871489174912260E-003
         192   6.5107083421865322E-003
         193   6.4598009110461542E-003
         194   6.2808020471424838E-003
         195   6.1413479614120274E-003
         196   6.0170109362403133E-003
         197   5.9307874281785133E-003
         198   5.7986504063017377E-003
         199   5.6448219239806311E-003
         200   5.5709594112981573E-003
         201   5.4699610866385103E-003
         202   5.2628007540769517E-003
         203   5.1347210783704534E-003
         204   5.1383288593625847E-003
         205   5.0655693502378758E-003
         206   4.8973224680054295E-003
         207   4.8215666684724660E-003
         208   4.7386960552786407E-003
         209   4.5926668449835766E-003
         210   4.4667381805679751E-003
         211   4.3929266487927540E-003
         212   4.3518176538929650E-003
         213   4.1904344051588282E-003
         214   4.0982863617977866E-003
         215   4.0360179881076307E-003
         216   3.9059197649323214E-003
         217   3.8795753638889473E-003
         218   3.7373849291936611E-003
         219   3.6392869405473035E-003
         220   3.6636026736808925E-003
         221   3.5917363282159764E-003
         222   3.4934034566208262E-003
         223   3.3832060453027617E-003
         224   3.3451994486019890E-003
         225   3.2186967949707481E-003
         226   3.1557504703670198E-003
         227   3.0694779641620294E-003
         228   3.0543580730600121E-003
         229   2.9981662492010370E-003
         230   2.9273922133426960E-003
         231   2.9008401016494458E-003
         232   2.7951099118236054E-003
         233   2.7356587417487694E-003
         234   2.6492099772191277E-003
         235   2.6025717652801666E-003
         236   2.5738910179459681E-003
         237   2.5177930919703545E-003
         238   2.4661017783682024E-003
         239   2.4311181086568538E-003
         240   2.3672207703226305E-003
         241   2.3147625880172978E-003
         242   2.2486993468107861E-003
         243   2.2348965708237638E-003
         244   2.1801812139176984E-003
         245   2.1554535494075610E-003
         246   2.0912245972834883E-003
         247   2.0472154523345758E-003
         248   2.0012471059858406E-003
         249   1.9584021354186851E-003
         250   1.9050510645701659E-003
         251   1.8652626817012134E-003
         252   1.8549694638570846E-003
         253   1.7775297534772469E-003
         254   1.7559218145742515E-003
         255   1.6802285990497844E-003
         256   1.6894030626612821E-003
         257   1.6603117056710308E-003
         258   1.6416327782440713E-003
         259   1.6127866357902830E-003
         260   1.5343546369861565E-003
         261   1.5185639392188018E-003
         262   1.4659116170657070E-003
         263   1.4310811195273397E-003
         264   1.4533558914905465E-003
         265   1.4014481142217527E-003
         266   1.3708140108733833E-003
         267   1.3461338121128551E-003
         268   1.2962044444050594E-003
         269   1.2619104650378049E-003
         270   1.2479373780742902E-003
         271   1.2373327489682531E-003
         272   1.2264349156260765E-003
         273   1.1720519549214554E-003
         274   1.1437558962186405E-003
         275   1.1511109132851577E-003
         276   1.0769654725494397E-003
         277   1.0810490674397512E-003
         278   1.0611959908540984E-003
         279   1.0140144778868700E-003
         280   1.0126962522699946E-003
         281   9.8718164103030583E-004
         282   9.8158179897612856E-004
         283   9.4583040148113853E-004
         284   9.3709769093293848E-004
         285   9.0198567408797132E-004
         286   8.8802293666008882E-004
         287   8.4329198334197623E-004
         288   8.6211562603833608E-004
         289   8.5001186518116338E-004
         290   8.0784063864897798E-004
         291   8.0698796496240263E-004
         292   7.8820127998564186E-004
         293   7.8689853235703678E-004
         294   7.6885717598420297E-004
         295   7.2460473538827805E-004
         296   7.3024792065004736E-004
         297   7.1598445274182159E-004
         298   6.9562594422639202E-004
         299   6.7719579833159388E-004
         300   6.5190174220004771E-004
         301   6.7713552069412284E-004
         302   6.4146865058166056E-004
         303   6.3173118623700082E-004
         304   6.0197613765874459E-004
         305   5.9915856721756201E-004
         306   5.8128159234870948E-004
         307   5.5915739047998766E-004
         308   5.5577104074630232E-004
         309   5.5704748072069174E-004
         310   5.3444515933849567E-004
         311   5.2891772517718735E-004
         312   5.0903094034792620E-004
         313   5.0922682562653827E-004
         314   4.9898094698816572E-004
         315   4.5952595567825047E-004
         316   4.6377643831275621E-004
         317   4.6924127067972333E-004
         318   4.5226084016792439E-004
         319   4.3594509729335976E-004
         320   4.2377285826052531E-004
         321   4.1453064180172204E-004
         322   4.0887378034921935E-004
         323   4.0430997794501186E-004
         324   3.9911011351802039E-004
         325   3.8936680075857900E-004
         326   3.8006296200776969E-004
         327   3.7579238503014829E-004
         328   3.6120912749893603E-004
         329   3.5291259361522283E-004
         330   3.3949110103562635E-004
         331   3.2978531524917055E-004
         332   3.3982036496745275E-004
         333   3.3491488675837529E-004
         334   3.2026337961435817E-004
         335   3.0845930505937953E-004
         336   3.0094786191440598E-004
         337   2.9741095138765004E-004
         338   2.9107669724375186E-004
         339   2.8161481763277189E-004
         340   2.7235386202218109E-004
         341   2.7614995321735379E-004
         342   2.6321536275763244E-004
         343   2.6208322902588309E-004
         344   2.5338331409639699E-004
         345   2.4759792173522467E-004
         346   2.4007338635990131E-004
         347   2.3289061114243535E-004
         348   2.3731438977593139E-004
         349   2.2267600681230533E-004
         350   2.1056552623235884E-004
         351   2.2221352877430968E-004
         352   2.1755335601976648E-004
         353   2.0116635539071755E-004
         354   2.0047365899586797E-004
         355   2.0427195627496298E-004
         356   1.9949348923035644E-004
         357   1.9569267086730878E-004
         358   1.9374757565492249E-004
         359   1.7980496393128163E-004
         360   1.7965450983560942E-004
         361   1.7617006094273295E-004
         362   1.7240748719338540E-004
         363   1.6424026776061551E-004
         364   1.6465497612568614E-004
         365   1.5964417446996616E-004
         366   1.5337456315547791E-004
         367   1.5166220503813304E-004
         368   1.4890960603400951E-004
         369   1.4362245830991055E-004
         370   1.4492863363538204E-004
         371   1.3930634922667377E-004
         372   1.3988455299633032E-004
         373   1.2948658861742284E-004
         374   1.2732824531369680E-004
         375   1.3201421294884184E-004
         376   1.2579597333596242E-004
         377   1.2057378109697516E-004
         378   1.2043052374272067E-004
         379   1.2371039407485092E-004
         380   1.1647843793553985E-004
         381   1.1044722012978016E-004
         382   1.1454942504251153E-004
         383   1.1248768489482305E-004
         384   1.0694763539008650E-004
         385   1.0635017387093696E-004
         386   1.0137532869364192E-004
         387   9.3589675605511830E-005
         388   1.0165371834743726E-004
         389   9.5513642986115962E-005
         390   9.5874213468049197E-005
         391   9.2212503227353049E-005
         392   8.7757989254190358E-005
         393   8.5109703284074248E-005
         394   8.4266745319019930E-005
         395   8.6487380041175112E-005
         396   8.1547927322165125E-005
         397   8.0681453458458427E-005
         398   7.5766498766343635E-005
         399   7.6281049991040465E-005
         400   7.5558567878968890E-005
         401   7.4193391752497059E-005
         402   7.4368516410775257E-005
         403   7.2480197876435910E-005
         404   7.2850222708217911E-005
         405   6.7752391081369150E-005
         406   6.7032709575440971E-005
         407   6.5703501481174055E-005
         408   6.2997576652199712E-005
         409   6.5873047701546175E-005
         410   5.9364590582563413E-005
         411   5.8648662338118404E-005
         412   6.2714552412532800E-005
         413   5.6687038178369098E-005
         414   5.7804405002364169E-005
         415   5.8355429056606283E-005
         416   5.5876049758634745E-005
         417   5.5333388850114089E-005
         418   5.3069919258865388E-005
         419   4.9419289292548056E-005
         420   5.2564286083451749E-005
         421   4.6626756836907121E-005
         422   4.5379767118339419E-005
         423   4.6369029949751158E-005
         424   4.4868950388565892E-005
         425   4.1842432799273989E-005
         426   4.2610110378034688E-005
         427   4.2675626030809454E-005
         428   4.0005774846269748E-005
         429   3.9124035910200046E-005
         430   4.0707866518609363E-005
         431   4.1331497525197162E-005
         432   4.0713855524180227E-005
         433   3.7136993496736815E-005
         434   3.7175844501749742E-005
         435   3.6716810806481314E-005
         436   3.6248704360775315E-005
         437   3.5544655933951845E-005
         438   3.3110132639828130E-005
         439   3.6377146463597707E-005
         440   3.2154645093487076E-005
         441   3.0006171763805982E-005
         442   3.2028498076692675E-005
         443   3.2528532542353149E-005
         444   3.0325617303040717E-005
         445   2.6622141346807445E-005
         446   2.7099559039440651E-005
         447   2.6663946562940079E-005
         448   2.6625451784855552E-005
         449   2.6623155410300588E-005
         450   2.6544332432335174E-005
         451   2.4903324781844700E-005
         452   2.2230406493006829E-005
         453   2.3719591069857502E-005
         454   2.2652914576434868E-005
         455   2.1440689949871027E-005
         456   2.4247692245774751E-005
         457   2.4257394360619147E-005
         458   2.1954927678049277E-005
         459   2.2050302872549605E-005
         460   2.1202119446249273E-005
         461   2.0736756506905120E-005
         462   1.8896937869574411E-005
         463   1.9521167802729775E-005
         464   1.9032119206838628E-005
         465   1.7701311564938151E-005
         466   1.8793309531828829E-005
         467   1.9404809331991730E-005
         468   1.7401151434180606E-005
         469   1.8410724303816382E-005
         470   1.8008535143499271E-005
         471   1.6214843705573397E-005
         472   1.6575776361245507E-005
         473   1.7249716598028543E-005
         474   1.6469614934660031E-005
         475   1.4746952397287876E-005
         476   1.6473003045606420E-005
         477   1.5077619649198570E-005
         478   1.2687043052274357E-005
         479   1.3604018081634684E-005
         480   1.3924512908582852E-005
         481   1.2526833740119112E-005
         482   1.2203121536713478E-005
         483   1.1776136401485491E-005
         484   1.2644435258269710E-005
         485   1.1647494148493971E-005
         486   1.2843085041854928E-005
         487   1.2154913592414206E-005
         488   1.1071295565795684E-005
         489   9.8629068036655920E-006
         490   1.1477365050528702E-005
         491   1.1726464061076968E-005
         492   1.0596954090437956E-005
         493   1.0978361293386541E-005
         494   9.3071170251841234E-006
         495   1.0469038157169967E-005
         496   1.0846633423857937E-005
         497   9.1636202268175199E-006
         498   9.5114431492125932E-006
         499   9.0566646690384270E-006
         500   9.7840672271933893E-006
         501   8.7314789900062380E-006
         502   9.0435783828683238E-006
         503   8.5383541286568765E-006
         504   8.1295477276022547E-006
         505   7.1945274666296942E-006
         506   8.3741081426501623E-006
         507   7.4152513219151783E-006
         508   6.5560409882363150E-006
         509   7.6639108891223179E-006
         510   6.9924396180902604E-006
         511   6.8132206907912251E-006
         512   6.8774512599396316E-006
         513   6.8506528265414761E-006
         514   6.5538633329907283E-006
         515   7.6965948743929267E-006
         516   6.2661113212330153E-006
         517   5.8835714272049198E-006
         518   6.2450445297012980E-006
         519   5.2781709022024767E-006
         520   5.4046776013970582E-006
         521   5.3554806906295757E-006
         522   5.4797567503076708E-006
         523   4.8782672556809076E-006
         524   5.6989408657678693E-006
         525   5.5619993530953259E-006
         526   4.9668443743834330E-006
         527   5.1756489283880246E-006
         528   4.8712560333782327E-006
         529   4.0590591999855590E-006
         530   4.3531907069625717E-006
         531   4.1691654953506408E-006
         532   4.5465116479605125E-006
         533   4.6681591349282488E-006
         534   4.2613015099709704E-006
         535   3.3301076092040935E-006
         536   5.0866101737551774E-006
         537   3.6354499827010508E-006
         538   4.3637994742358233E-006
         539   4.9751434683295709E-006
         540   4.6848345647088142E-006
         541   4.0438286577097393E-006
         542   3.4610163028374734E-006
         543   3.1517192934544779E-006
         544   3.6770223245619867E-006
         545   3.2628867869321156E-006
         546   3.1709560734951810E-006
         547   3.3982676265205066E-006
         548   3.0417951743818665E-006
         549   2.8996102676802986E-006
         550   3.4138164434884927E-006
         551   2.6422735195062393E-006
         552   3.2845792941923564E-006
         553   3.4290373543710033E-006
         554   2.8210848227849638E-006
         555   2.4243872252283721E-006
         556   2.5188020486887739E-006
         557   2.7138101425155516E-006
         558   2.8064241549995337E-006
         559   2.0842925446246404E-006
         560   2.0522350903957211E-006
         561   2.7766480293037383E-006
         562   2.1880034516376976E-006
         563   2.2055554505223356E-006
         564   2.1727211031848840E-006
         565   2.4889100566470015E-006
         566   1.9588609013784814E-006
         567   2.1745480189318997E-006
         568   1.7480364848186781E-006
         569   2.0364132355871191E-006
         570   1.8094441171093842E-006
         571   1.9250481940235114E-006
         572   1.6513364630248638E-006
         573   1.8146556592550754E-006
         574   1.7844182842639264E-006
         575   1.9942252685883657E-006
         576   1.6281918643335057E-006
         577   1.9086170156914900E-006
         578   1.5692479992605676E-006
         579   1.5640914215110583E-006
         580   1.4880370048920203E-006
         581   1.5060694076079775E-006
         582   1.6653715341504647E-006
         583   1.7297113473591762E-006
         584   1.6307495980457379E-006
         585   1.4396696082381495E-006
         586   1.1567981254704592E-006
         587   1.4296675792693070E-006
         588   1.6542451616022451E-006
         589   1.9238080789770542E-006
         590   1.2324177100769738E-006
         591   1.2510053797809929E-006
         592   1.4961621600891251E-006
         593   1.2200403859680806E-006
         594   7.4305148214154450E-007
         595   1.0772366288000069E-006
         596   1.2974239390006759E-006
         597   1.2707066221842433E-006
         598   8.6637291020369974E-007
         599   9.3032729017967529E-007
         600   9.4881998351306415E-007
         601   9.6762959971897381E-007
         602   1.0740667162263611E-006
         603   8.7385033357017361E-007
         604   8.2728145548713317E-007
         605   1.2371479715641621E-006
         606   1.0168167007035375E-006
         607   8.6257279830385731E-007
         608   8.5969077286760525E-007
         609   5.1410412214196071E-007
         610   9.1819484920185166E-007
         611   6.3839159390553761E-007
         612   9.3345175159636872E-007
         613   8.2442064764698953E-007
         614   7.5872164240422877E-007
         615   6.7237869974581477E-007
         616   8.1646436478582184E-007
         617   7.5140227546749941E-007
         618   8.5297927610276418E-007
         619   9.1258997945840113E-007
         620   7.2317218425872920E-007
         621   5.5606545992867858E-007
         622   6.9839541412544806E-007
         623   7.3678633660607904E-007
         624   3.6719186592396629E-007
         625   5.8993691146927988E-007
         626   6.4877406059503881E-007
         627   8.0828738839194167E-007
         628   1.0071071563031624E-006
         629   3.6155649781524726E-007
         630   5.6078664697599439E-007
         631   3.9904192379861918E-007
         632   5.1723092578378166E-007
         633   4.7596174103449123E-007
         634   5.1378904094866367E-007
         635   5.9109645447051060E-007
         636   6.8740814842940303E-007
         637   5.4827961379304683E-007
         638   5.4665596563798662E-007
         639   5.6423489125542572E-007
         640   3.2972567610966442E-007
         641   3.4810685547567812E-007
         642   4.0489036546745554E-007
         643   3.6513456640891445E-007
         644   4.5977204194154704E-007
         645   3.2472324724083220E-007
         646   4.1878183953468986E-007
         647   2.2785907226529262E-007
         648   4.1623510562176629E-007
         649   3.2071464601952081E-007
         650   4.8886460018687083E-007
         651   3.7513934969213633E-007
         652   3.3631807220936090E-007
         653   2.6086859294469516E-007
         654   5.0144519449857579E-007
         655   3.5197624104423452E-007
         656   3.1386391655686381E-007
         657   3.3138117617214227E-007
         658   3.1194937741905468E-007
         659   2.5619935960058626E-007
         660   1.2764940931615109E-007
         661   3.2734012606023585E-007
         662   2.3567258058070068E-007
         663   2.8918256412386659E-007
         664   2.7031100719832233E-007
         665   2.3359127169555277E-007
         666   1.7906467668141946E-007
         667   1.6071526957757468E-007
         668   1.9588906433275595E-007
         669   1.4204086215013939E-007
         670   2.8310735857174035E-007
         671   3.1773404995571399E-007
         672   2.4636232760993483E-007
         673   3.5103008040805104E-007
         674   1.9243456762177383E-007
         675   1.7437975795048285E-007
         676   1.0440764461525625E-007
         677   2.2538832971972292E-007
         678   1.2102711438421913E-007
         679   2.9295362025511694E-007
         680   8.5907144451875887E-008
         681   1.0275579924421976E-007
         682   2.0496673165665601E-007
         683   1.8732247416519336E-007
         684   1.3587303780669262E-007
         685   1.8619375678549740E-007
         686   1.0128733806897279E-007
         687   1.1795624571713870E-007
         688   8.3952569229868207E-008
         689   1.6743179767024120E-007
         690   1.0009826415240879E-007
         691   1.6632950092161065E-007
         692   1.6571294690123854E-008
         693   1.4883357480438609E-007
         694   8.2478780639836343E-008
         695   2.1390975675535077E-007
         696   8.1974570874471170E-008
         697   8.1762451417301683E-008
         698   4.8932115856552517E-008
         699   9.7547873807714879E-008
         700   6.4930052229316320E-008
         701   6.4659491310235761E-008
         702   9.6688107579968822E-008
         703   3.2155181228144738E-008
         704   9.6225944971644834E-008
         705   6.3965326826551342E-008
         706   7.9726921743277077E-008
         707   9.5350777757445743E-008
         708   1.9015939325633207E-007
         709   7.9015888505787012E-008
         710   9.4607993041349975E-008
         711   6.2855116120517012E-008
         712   1.0966518285625196E-007
         713   4.6876511782720200E-008
         714   9.3472024263063630E-008
         715   1.3988267484402978E-007
         716   4.6474307707957759E-008
         717   1.2368064961965119E-007
         718   6.1666507157840689E-008
         719   6.1533699884848290E-008
         720   6.1288234653303781E-008
         721   4.5880705598840800E-008
         722   3.0522930701787005E-008
         723   6.0771160034062073E-008
         724   7.5797414637350689E-008
         725   7.5559829445205134E-008
         726   9.0477674759657813E-008
         727   1.5027862293513771E-008
         728   9.0020609879170522E-008
         729   4.4888269242536517E-008
         730   1.0439378275902542E-007
         731   2.9743299055972523E-008
         732   1.0373957238772261E-007
         733   2.9574505438437720E-008
         734   5.9023809082995790E-008
         735   5.8801032171852531E-008
         736   0.0000000000000000E+000
         737   2.9232956814456646E-008
         738   1.4604298303868845E-008
         739   4.3625287811651300E-008
         740   8.7079504453859427E-008
         741   4.3376778458666085E-008
         742   1.0100890119931429E-007
         743   0.0000000000000000E+000
         744   2.8714524532390578E-008
         745   1.4299669364756259E-008
         746   4.2800954250406219E-008
         747   4.2719775051149798E-008
         748   2.8399213747170410E-008
         749   4.2526644731956156E-008
         750   2.8246092153647333E-008
         751   4.2259685661054533E-008
         752   5.6206204096328424E-008
         753   2.8067958791082471E-008
         754   2.7971399184988327E-008
         755   1.3946689763501155E-008
         756   5.5655372986406757E-008
         757   1.3871739967389271E-008
         758   1.3844451633934949E-008
         759   1.3809535167785236E-008
         760   6.8809528285380382E-008
         761   1.3740578397767322E-008
         762   0.0000000000000000E+000
         763   2.7309308766893670E-008
         764   1.3609818986561256E-008
         765   4.0771728849583908E-008
         766   0.0000000000000000E+000
         767   4.0557578377755435E-008
         768   0.0000000000000000E+000
         769   2.6889998522864720E-008
         770   2.6828384551876270E-008
         771   1.3383068307006104E-008
         772   1.3325972324584914E-008
         773   0.0000000000000000E+000
         774   6.6379160794662329E-008
         775   1.3247649778922288E-008
         776   2.6400616075405619E-008
         777   2.6345114729416681E-008
         778   5.2483693488629604E-008
         779   1.3085880850397668E-008
         780   1.3058712292953095E-008
         781   2.6064001640563973E-008
         782   0.0000000000000000E+000
         783   5.1847985018003163E-008
         784   2.5850221099230447E-008
         785   3.8710553060815855E-008
         786   3.8590752525358962E-008
         787   2.5671004904610849E-008
         788   5.1221394784685227E-008
         789   0.0000000000000000E+000
         790   0.0000000000000000E+000
         791   0.0000000000000000E+000
         792   0.0000000000000000E+000
         793   2.5282529591088321E-008
         794   1.2598003492932657E-008
         795   1.2590835586448009E-008
         796   0.0000000000000000E+000
         797   1.2517333218486379E-008
         798   2.4960483315079063E-008
         799   1.2438112648948176E-008
         800   1.2409860400526193E-008
         801   1.2393842335679320E-008
         802   1.2343587529014748E-008
         803   1.2315408405811476E-008
         804   1.2306223089292987E-008
         805   0.0000000000000000E+000
         806   0.0000000000000000E+000
         807   1.2193838909550379E-008
         808   2.4331003423547075E-008
         809   0.0000000000000000E+000
         810   4.8462657356838803E-008
         811   1.2098066156450472E-008
         812   0.0000000000000000E+000
         813   0.0000000000000000E+000
         814   2.4002162199225121E-008
         815   1.1964489857396515E-008
         816   2.3899333403642849E-008
         817   1.1902582377616296E-008
         818   0.0000000000000000E+000
         819   1.1848743570818767E-008
         820   1.1808261178073450E-008
         821   0.0000000000000000E+000
         822   2.3504682726424974E-008
         823   0.0000000000000000E+000
         824   0.0000000000000000E+000
         825   0.0000000000000000E+000
         826   0.0000000000000000E+000
         827   2.3247377479426178E-008
         828   1.1591445762906719E-008
         829   0.0000000000000000E+000
         830   0.0000000000000000E+000
         831   1.1511146340280438E-008
         832   0.0000000000000000E+000
         833   1.1453352167690314E-008
         834   0.0000000000000000E+000
         835   0.0000000000000000E+000
         836   0.0000000000000000E+000
         837   1.1333976043830171E-008
         838   2.2626381903756721E-008
         839   4.5125371370431276E-008
         840   3.3761226862792379E-008
         841   0.0000000000000000E+000
         842   2.2422563059213060E-008
         843   2.2375401490753498E-008
         844   0.0000000000000000E+000
         845   1.1127163203012663E-008
         846   0.0000000000000000E+000
         847   0.0000000000000000E+000
         848   1.1058345864550578E-008
         849   1.1020709327693014E-008
         850   0.0000000000000000E+000
         851   0.0000000000000000E+000
         852   0.0000000000000000E+000
         853   0.0000000000000000E+000
         854   0.0000000000000000E+000
         855   0.0000000000000000E+000
         856   2.1705878940620374E-008
         857   1.0811615312859832E-008
         858   0.0000000000000000E+000
         859   0.0000000000000000E+000
         860   1.0742823454856842E-008
         861   0.0000000000000000E+000
         862   0.0000000000000000E+000
         863   0.0000000000000000E+000
         864   0.0000000000000000E+000
         865   1.0631988219212181E-008
         866   0.0000000000000000E+000
         867   1.0563207149307915E-008
         868   0.0000000000000000E+000
         869   1.0524417559135391E-008
         870   3.1500656678712838E-008
         871   0.0000000000000000E+000
         872   1.0445721118661408E-008
         873   0.0000000000000000E+000
         874   0.0000000000000000E+000
         875   1.0389161269268402E-008
         876   1.0363990768779662E-008
         877   0.0000000000000000E+000
         878   0.0000000000000000E+000
         879   0.0000000000000000E+000
         880   0.0000000000000000E+000
         881   0.0000000000000000E+000
         882   0.0000000000000000E+000
         883   2.0399771163143764E-008
         884   1.0163691095407343E-008
         885   0.0000000000000000E+000
         886   2.0235145201594694E-008
         887   0.0000000000000000E+000
         888   0.0000000000000000E+000
         889   3.0185180393890967E-008
         890   1.0031168265827005E-008
         891   2.0023570662046606E-008
         892   2.0000015046377488E-008
         893   0.0000000000000000E+000
         894   9.9493395596896782E-009
         895   0.0000000000000000E+000
         896   0.0000000000000000E+000
         897   9.8847598280953666E-009
         898   0.0000000000000000E+000
         899   0.0000000000000000E+000
         900   0.0000000000000000E+000
         901   0.0000000000000000E+000
         902   0.0000000000000000E+000
         903   0.0000000000000000E+000
         904   0.0000000000000000E+000
         905   9.7119761163008068E-009
         906   1.9352185562138047E-008
         907   0.0000000000000000E+000
         908   0.0000000000000000E+000
         909   9.6210962465130969E-009
         910   0.0000000000000000E+000
         911   0.0000000000000000E+000
         912   0.0000000000000000E+000
         913   9.5396369591169438E-009
         914   0.0000000000000000E+000
         915   0.0000000000000000E+000
         916   9.4682353102406926E-009
         917   1.8905317304616945E-008
         918   0.0000000000000000E+000
         919   0.0000000000000000E+000
         920   0.0000000000000000E+000
         921   1.8742682397398549E-008
         922   9.3594133315175408E-009
         923   0.0000000000000000E+000
         924   0.0000000000000000E+000
         925   0.0000000000000000E+000
         926   9.2614573345663752E-009
         927   0.0000000000000000E+000
         928   0.0000000000000000E+000
         929   2.7614066168572139E-008
         930   1.8384129044576094E-008
         931   9.1677138355694458E-009
         932   0.0000000000000000E+000
         933   3.6536902665413890E-008
         934   0.0000000000000000E+000
         935   9.0985614463455220E-009
         936   0.0000000000000000E+000
         937   9.0591175044915904E-009
         938   9.0256323024112822E-009
         939   2.7045627772862570E-008
         940   8.9990183297617774E-009
         941   0.0000000000000000E+000
         942   0.0000000000000000E+000
         943   0.0000000000000000E+000
         944   0.0000000000000000E+000
         945   0.0000000000000000E+000
         946   0.0000000000000000E+000
         947   0.0000000000000000E+000
         948   8.8512519404415783E-009
         949   0.0000000000000000E+000
         950   8.8088959490268919E-009
         951   0.0000000000000000E+000
         952   0.0000000000000000E+000
         953   0.0000000000000000E+000
         954   0.0000000000000000E+000
         955   0.0000000000000000E+000
         956   0.0000000000000000E+000
         957   1.7345608931721011E-008
         958   0.0000000000000000E+000
         959   8.6378815861665719E-009
         960   8.6330071074772686E-009
         961   8.6008582036631345E-009
         962   1.7182533995502711E-008
         963   1.7135738998271601E-008
         964   0.0000000000000000E+000
         965   0.0000000000000000E+000
         966   0.0000000000000000E+000
         967   0.0000000000000000E+000
         968   0.0000000000000000E+000
         969   0.0000000000000000E+000
         970   0.0000000000000000E+000
         971   0.0000000000000000E+000
         972   0.0000000000000000E+000
         973   0.0000000000000000E+000
         974   0.0000000000000000E+000
         975   1.6730521645424033E-008
         976   0.0000000000000000E+000
         977   0.0000000000000000E+000
         978   0.0000000000000000E+000
         979   0.0000000000000000E+000
         980   0.0000000000000000E+000
         981   0.0000000000000000E+000
         982   0.0000000000000000E+000
         983   8.2279342823842672E-009
         984   0.0000000000000000E+000
         985   0.0000000000000000E+000
         986   0.0000000000000000E+000
         987   0.0000000000000000E+000
         988   0.0000000000000000E+000
         989   0.0000000000000000E+000
         990   8.1125462415794069E-009
         991   0.0000000000000000E+000
         992   0.0000000000000000E+000
         993   1.6125953992444523E-008
         994   0.0000000000000000E+000
         995   0.0000000000000000E+000
         996   0.0000000000000000E+000
         997   0.0000000000000000E+000
         998   0.0000000000000000E+000
         999   0.0000000000000000E+000
        1000   1.5915493866293258E-008
