           1  0.30769686868548995     
           2  0.32730365447999277     
           3  0.31951567573042466     
           4  0.29201913882945718     
           5  0.29014760976037546     
           6  0.28713835180364827     
           7  0.29252026167791334     
           8  0.27922719352935305     
           9  0.26656594822425045     
          10  0.26044182502410967     
          11  0.24911582417927169     
          12  0.25108408653394282     
          13  0.24167366942059379     
          14  0.24735793130692080     
          15  0.23415778222547970     
          16  0.22902159590171164     
          17  0.22063248165422400     
          18  0.21796809579932652     
          19  0.21232802618520968     
          20  0.20784601514383111     
          21  0.21048819031391930     
          22  0.20594755836631784     
          23  0.19677135853715039     
          24  0.19607518629752238     
          25  0.19228880532230752     
          26  0.18435358753497028     
          27  0.18418903459087141     
          28  0.17836681410980754     
          29  0.17454043888706491     
          30  0.17266170690227961     
          31  0.16959978935537465     
          32  0.16960541905670165     
          33  0.16372464696014730     
          34  0.16266386790351009     
          35  0.15526426802902882     
          36  0.15292812882121393     
          37  0.15057295989443184     
          38  0.14572509468925840     
          39  0.14297803882456109     
          40  0.13912776614849054     
          41  0.14003659176013666     
          42  0.13600385620286451     
          43  0.13237373442420722     
          44  0.13271991682403575     
          45  0.12628626930168121     
          46  0.12621063813938990     
          47  0.12309558987569595     
          48  0.12163075080702918     
          49  0.11841760090796395     
          50  0.11655775251727514     
          51  0.11376330822481660     
          52  0.11244951973451904     
          53  0.11029448104188994     
          54  0.10774381078021959     
          55  0.10526439089197144     
          56  0.10286758353740695     
          57  0.10002307094312958     
          58   9.8080168706415088E-002
          59   9.7016274174365744E-002
          60   9.5121293638258428E-002
          61   9.3112071790689643E-002
          62   9.1689450808574630E-002
          63   9.0321019389346321E-002
          64   8.7411935200378252E-002
          65   8.5661050512845435E-002
          66   8.5196008114702237E-002
          67   8.3005326515377759E-002
          68   8.0009647579197860E-002
          69   7.9485667688962480E-002
          70   7.8398376806014969E-002
          71   7.5937560210653551E-002
          72   7.5538259363058982E-002
          73   7.3861867818966892E-002
          74   7.1873494037537192E-002
          75   7.0818187606447300E-002
          76   6.8680119277902268E-002
          77   6.6924831565792306E-002
          78   6.6165835805360798E-002
          79   6.4879981008888504E-002
          80   6.3371499322312258E-002
          81   6.2149897122114071E-002
          82   6.1814108580444380E-002
          83   5.9937606445883529E-002
          84   5.8884527343241358E-002
          85   5.7567328404539521E-002
          86   5.6956128223822441E-002
          87   5.5144435803362715E-002
          88   5.4153944662675015E-002
          89   5.3218089551733017E-002
          90   5.2144822840214017E-002
          91   5.1194982510825097E-002
          92   4.9933099653220736E-002
          93   4.9400779335086333E-002
          94   4.7548691626353508E-002
          95   4.7296075422998997E-002
          96   4.5900187204655211E-002
          97   4.5339019874068000E-002
          98   4.4379552579512295E-002
          99   4.3354657627186356E-002
         100   4.2690726741035745E-002
         101   4.1777194358326726E-002
         102   4.1140320285674464E-002
         103   4.0264427296171468E-002
         104   3.9294828813538844E-002
         105   3.8308617650531347E-002
         106   3.7732065779938595E-002
         107   3.7004081555475299E-002
         108   3.6407022764754028E-002
         109   3.5618767232970958E-002
         110   3.5212570935979542E-002
         111   3.4401811959229332E-002
         112   3.3754666251898664E-002
         113   3.2846372714960624E-002
         114   3.2175798141339224E-002
         115   3.1665844207762771E-002
         116   3.0995135342755741E-002
         117   3.0319543134571820E-002
         118   2.9948393256037997E-002
         119   2.9437593430662289E-002
         120   2.8779145993814734E-002
         121   2.8176607963095485E-002
         122   2.7293033343702353E-002
         123   2.7074600892853108E-002
         124   2.6704771725144370E-002
         125   2.5967020693079379E-002
         126   2.5439088817368973E-002
         127   2.4766038050369407E-002
         128   2.4267641529313218E-002
         129   2.3872026466192013E-002
         130   2.3485894823526733E-002
         131   2.3009179749051874E-002
         132   2.2457072936193079E-002
         133   2.2170948528621257E-002
         134   2.1619181243691495E-002
         135   2.1220372044071081E-002
         136   2.0724128546887714E-002
         137   2.0405038866952770E-002
         138   2.0085265801370471E-002
         139   1.9469853777842345E-002
         140   1.9149530001324775E-002
         141   1.8676435172032060E-002
         142   1.8503939920242456E-002
         143   1.7995190795393877E-002
         144   1.7636281456796625E-002
         145   1.7412369274516903E-002
         146   1.7107041169522965E-002
         147   1.6706519581740891E-002
         148   1.6362245848604920E-002
         149   1.6096236486291226E-002
         150   1.5631154859432964E-002
         151   1.5545009259760455E-002
         152   1.5084243659249943E-002
         153   1.4710253851243417E-002
         154   1.4484585377290077E-002
         155   1.4101888404280215E-002
         156   1.3969032282503907E-002
         157   1.3430750997271342E-002
         158   1.3284343389479591E-002
         159   1.3102679943114308E-002
         160   1.2939557192464052E-002
         161   1.2505656005416617E-002
         162   1.2486878142949366E-002
         163   1.2208781785502958E-002
         164   1.1813169852312289E-002
         165   1.1614877921303597E-002
         166   1.1474204549643346E-002
         167   1.1127694038958599E-002
         168   1.0920048304629093E-002
         169   1.0638558786045684E-002
         170   1.0574309720481075E-002
         171   1.0429025347743757E-002
         172   1.0088802455268581E-002
         173   1.0039383507758052E-002
         174   9.7688016105933109E-003
         175   9.5389380803382467E-003
         176   9.3855328734089687E-003
         177   9.1587246230501965E-003
         178   8.9366143125682949E-003
         179   8.7824231169129525E-003
         180   8.5827033115499791E-003
         181   8.5538966249256478E-003
         182   8.2829647988852412E-003
         183   8.0968263567490709E-003
         184   7.9532396954715388E-003
         185   7.8438679334828128E-003
         186   7.7417236078337545E-003
         187   7.5565215197226903E-003
         188   7.2864111160794694E-003
         189   7.2425296342963890E-003
         190   6.9625518847053975E-003
         191   6.8892342496714616E-003
         192   6.7564743321253456E-003
         193   6.6199937246192511E-003
         194   6.4874686095250413E-003
         195   6.3403451449282272E-003
         196   6.2162462011009709E-003
         197   6.1344048796734005E-003
         198   5.9615776043056238E-003
         199   5.9863055206769511E-003
         200   5.7215838019270826E-003
         201   5.6719893246955748E-003
         202   5.5899764334296099E-003
         203   5.3653205494470797E-003
         204   5.3421866476726435E-003
         205   5.2240361315837505E-003
         206   5.1457913040792742E-003
         207   5.0492335730321766E-003
         208   4.9469617644078735E-003
         209   4.7877968906265339E-003
         210   4.7061119485141325E-003
         211   4.6617071357662040E-003
         212   4.6064488610070174E-003
         213   4.4374077280946098E-003
         214   4.3014267652916613E-003
         215   4.3160433765502661E-003
         216   4.1966500204512810E-003
         217   4.1122355544045636E-003
         218   4.0795791201923134E-003
         219   3.9489112926177237E-003
         220   3.8802615140697758E-003
         221   3.7568409197014101E-003
         222   3.7147228537975602E-003
         223   3.6607946703036695E-003
         224   3.5738033980196727E-003
         225   3.5106630411405253E-003
         226   3.4283696815936293E-003
         227   3.3010068858169341E-003
         228   3.2802562723609741E-003
         229   3.2581040135391333E-003
         230   3.1259602578196980E-003
         231   3.0821467787447085E-003
         232   2.9870867315492417E-003
         233   2.9750759443571639E-003
         234   2.8973532109704036E-003
         235   2.8635969463922752E-003
         236   2.8060309812799468E-003
         237   2.7581628988159823E-003
         238   2.6890697592243983E-003
         239   2.6189587601288698E-003
         240   2.5871636962332373E-003
         241   2.5007809710345728E-003
         242   2.4854314369350682E-003
         243   2.4382475046487470E-003
         244   2.3717816599023874E-003
         245   2.3495375783193135E-003
         246   2.3108658003095023E-003
         247   2.2561102698843280E-003
         248   2.1918242033729407E-003
         249   2.1655259631850926E-003
         250   2.1268394930565120E-003
         251   2.0927497860018292E-003
         252   2.0460286936532634E-003
         253   1.9824036305819922E-003
         254   1.9414387460574224E-003
         255   1.9266518406657047E-003
         256   1.9053454142417836E-003
         257   1.8151041703570125E-003
         258   1.7914302156541539E-003
         259   1.7614389192706686E-003
         260   1.7211211155315337E-003
         261   1.7174826644083630E-003
         262   1.6599365365598581E-003
         263   1.6377614685545684E-003
         264   1.5837010605752756E-003
         265   1.5646761183977379E-003
         266   1.5326638774565604E-003
         267   1.5247105564081896E-003
         268   1.4875388009448725E-003
         269   1.4290948983585858E-003
         270   1.4189453867769128E-003
         271   1.3876757122420081E-003
         272   1.3676736797254680E-003
         273   1.3693584418406522E-003
         274   1.3017943721964236E-003
         275   1.2595602738425312E-003
         276   1.2841271389533349E-003
         277   1.2490965041438945E-003
         278   1.2352498275376524E-003
         279   1.1968052326915446E-003
         280   1.1672779454567580E-003
         281   1.1499124010180672E-003
         282   1.1225077491061643E-003
         283   1.1030717219960018E-003
         284   1.0573282238075198E-003
         285   1.0725625098197027E-003
         286   1.0141938378836839E-003
         287   1.0193001555300213E-003
         288   1.0096287073597906E-003
         289   9.6294344862223719E-004
         290   9.4543593870857789E-004
         291   9.4306058424866585E-004
         292   9.1034266608026914E-004
         293   9.0947422562403721E-004
         294   8.9646292774609316E-004
         295   8.6103565547968389E-004
         296   8.4558081155837776E-004
         297   8.3763255242729504E-004
         298   8.0970245627950076E-004
         299   8.0281924374080605E-004
         300   7.8748804632941733E-004
         301   7.8262437411518663E-004
         302   7.3407277582162157E-004
         303   7.2906669241802374E-004
         304   7.0908488217110831E-004
         305   6.9723846679013376E-004
         306   6.9723885328535707E-004
         307   6.8121466375267953E-004
         308   6.4886364949579369E-004
         309   6.5993774299191483E-004
         310   6.4563753146049899E-004
         311   6.2509461256787184E-004
         312   6.1425028295611600E-004
         313   6.0465131752727411E-004
         314   5.8740342968923505E-004
         315   5.7790599819370551E-004
         316   5.7998120111236767E-004
         317   5.5394481269902050E-004
         318   5.4583544828497202E-004
         319   5.2426958028318918E-004
         320   5.1740899527339301E-004
         321   5.1109744991946178E-004
         322   4.9709240763367354E-004
         323   4.8217303710613367E-004
         324   4.8330684665859992E-004
         325   4.7020530292185678E-004
         326   4.6573342509667918E-004
         327   4.5457799208407712E-004
         328   4.4738032267463478E-004
         329   4.3280997793693969E-004
         330   4.3165696836066974E-004
         331   4.2791085622754588E-004
         332   4.1539406004329903E-004
         333   4.1905467490847614E-004
         334   3.9786652610676403E-004
         335   3.8733799377022976E-004
         336   3.6832716567878249E-004
         337   3.7013543849764407E-004
         338   3.6930931691579201E-004
         339   3.6965669358286264E-004
         340   3.4764586052416608E-004
         341   3.3806483506051657E-004
         342   3.3602049305869351E-004
         343   3.3169447748997649E-004
         344   3.2271736843951705E-004
         345   3.1699683276205435E-004
         346   3.1080038945495637E-004
         347   3.1368823114802651E-004
         348   2.9070566592599424E-004
         349   2.9758637405713950E-004
         350   2.9227455466056739E-004
         351   2.8119196340226148E-004
         352   2.7809396134723021E-004
         353   2.6797665438858277E-004
         354   2.6456855301935770E-004
         355   2.6043143064446821E-004
         356   2.5534232648569480E-004
         357   2.4682257511313176E-004
         358   2.3807037931063957E-004
         359   2.3502956950198373E-004
         360   2.3268899893605407E-004
         361   2.3303956651240669E-004
         362   2.1784185897482316E-004
         363   2.1742566842505471E-004
         364   2.1417336238570707E-004
         365   2.1527847793981474E-004
         366   2.0693132762148033E-004
         367   1.9520568294139216E-004
         368   1.9702502237488591E-004
         369   1.9561400799441352E-004
         370   1.9032429954324461E-004
         371   1.9021688583936919E-004
         372   1.8128498574552390E-004
         373   1.8363179536706826E-004
         374   1.7572726023947562E-004
         375   1.7332089746452758E-004
         376   1.7341758094762004E-004
         377   1.6981769886670797E-004
         378   1.6059355254315671E-004
         379   1.5980134380148459E-004
         380   1.5157907868233988E-004
         381   1.5675846772185970E-004
         382   1.5295028512489554E-004
         383   1.4868402668483842E-004
         384   1.4931362758024969E-004
         385   1.3992162107779007E-004
         386   1.3935757539132272E-004
         387   1.3514829177216145E-004
         388   1.3039244875604462E-004
         389   1.2666784041403880E-004
         390   1.2784559442313958E-004
         391   1.2548191916981558E-004
         392   1.1638027173439882E-004
         393   1.2098395754986118E-004
         394   1.1454552270639437E-004
         395   1.1315479006199359E-004
         396   1.1580608614233669E-004
         397   1.0919170131015670E-004
         398   1.1025639366385279E-004
         399   1.1124498641023233E-004
         400   1.0273916869054742E-004
         401   1.0460417463668257E-004
         402   9.8042580328981384E-005
         403   1.0112996210969213E-004
         404   9.5374580632523112E-005
         405   9.2051261005747807E-005
         406   9.4243891572407603E-005
         407   8.6933394883820456E-005
         408   8.8562347894702477E-005
         409   8.4706380267640156E-005
         410   8.4016972119418400E-005
         411   8.0503354152431500E-005
         412   7.9877082968105823E-005
         413   8.0196956521231663E-005
         414   7.9390197245183020E-005
         415   7.6048654633791471E-005
         416   7.6010849029938977E-005
         417   7.3370498099243380E-005
         418   7.1378165179738478E-005
         419   7.2940677391920933E-005
         420   6.5216126012109527E-005
         421   6.5447329648855209E-005
         422   6.7450563982664863E-005
         423   5.9590287625106102E-005
         424   6.2708375919382574E-005
         425   6.4479331451539870E-005
         426   6.6539974576458578E-005
         427   5.8650690015214829E-005
         428   5.9893462869612529E-005
         429   5.8150532010965695E-005
         430   4.8264937034063593E-005
         431   5.3469212266806223E-005
         432   5.6367623911432884E-005
         433   5.2083805547276232E-005
         434   5.2897216503286895E-005
         435   5.1023288439271466E-005
         436   5.0370024588673471E-005
         437   4.8933880851776103E-005
         438   4.7885292324958951E-005
         439   4.7911551543409308E-005
         440   4.5975170864103518E-005
         441   4.5521599159105725E-005
         442   4.3081244512991976E-005
         443   4.3573264499834962E-005
         444   4.1406971631133565E-005
         445   4.0613476117569943E-005
         446   4.2233322280007396E-005
         447   3.9341756018763667E-005
         448   3.9798329018664358E-005
         449   3.7651471164483238E-005
         450   3.7171002733036332E-005
         451   3.4741777602089136E-005
         452   3.4901506455815521E-005
         453   3.6679364672562437E-005
         454   3.6480281724717526E-005
         455   3.4901786987293472E-005
         456   3.3987421641115975E-005
         457   3.0114846922927886E-005
         458   3.1189154704958780E-005
         459   3.0721088077291533E-005
         460   3.2008071914639339E-005
         461   2.9779088950969079E-005
         462   2.9166637208385278E-005
         463   2.8005319685910787E-005
         464   2.8105354265656025E-005
         465   2.8020859531680446E-005
         466   2.6363340085767095E-005
         467   2.6651584101927263E-005
         468   2.5705550482088802E-005
         469   2.5886497715972632E-005
         470   2.5525055959556288E-005
         471   2.4053253031730471E-005
         472   2.3170172424477758E-005
         473   2.3390965788956487E-005
         474   2.3644421639097185E-005
         475   2.3826401086965160E-005
         476   2.2326588379957487E-005
         477   2.1637324980458305E-005
         478   1.9601741366086658E-005
         479   2.0559761264395449E-005
         480   2.0337158848697215E-005
         481   1.9187867629675673E-005
         482   1.9926658697889688E-005
         483   2.0459325112452661E-005
         484   1.8474982978261826E-005
         485   1.9411963355377530E-005
         486   1.9199888442503038E-005
         487   1.8013113993259356E-005
         488   1.8339659753013162E-005
         489   1.9961530779839779E-005
         490   1.6241267932151071E-005
         491   1.6503958217180808E-005
         492   1.5616795813308441E-005
         493   1.5619531253378790E-005
         494   1.5783548063592537E-005
         495   1.4877767835472040E-005
         496   1.5818901843370107E-005
         497   1.5111165635803875E-005
         498   1.5081603886295833E-005
         499   1.4351591381229398E-005
         500   1.3054808456538933E-005
         501   1.2213966158829225E-005
         502   1.3834962578757802E-005
         503   1.3999400243254803E-005
         504   1.1661136458800942E-005
         505   1.3081180551716241E-005
         506   1.3028919962271168E-005
         507   1.1029949212888033E-005
         508   1.2126171018162953E-005
         509   1.1924493096389574E-005
         510   1.2275679394346874E-005
         511   1.0310679850936623E-005
         512   1.0907129142785410E-005
         513   1.0230915370502472E-005
         514   1.0159908486738695E-005
         515   1.0989492601300375E-005
         516   9.6657261777958197E-006
         517   1.0429507497609598E-005
         518   1.0833074237469646E-005
         519   1.0054255435375135E-005
         520   8.3419621000827366E-006
         521   8.4866638705269392E-006
         522   9.4735577067115017E-006
         523   9.0880865518285298E-006
         524   9.4014939872766079E-006
         525   7.4629493985586521E-006
         526   7.6648757406910812E-006
         527   7.4648542501854097E-006
         528   7.6927188923083585E-006
         529   6.7829701208629827E-006
         530   7.1252920272868987E-006
         531   7.2395712960383716E-006
         532   6.9318167835355170E-006
         533   7.5769791695654857E-006
         534   7.3536103912144741E-006
         535   6.6037426505745148E-006
         536   6.0818776165209637E-006
         537   6.3076491376068680E-006
         538   6.6141314216236452E-006
         539   5.9060624838717498E-006
         540   6.5919310463487731E-006
         541   5.6178272508263334E-006
         542   6.3276238873984156E-006
         543   5.3338715667372594E-006
         544   5.0730276070153036E-006
         545   5.1083975798388996E-006
         546   5.0891568344597519E-006
         547   5.9465718627195508E-006
         548   4.7079548593460573E-006
         549   4.7175611160552006E-006
         550   4.6476974562760477E-006
         551   5.0240469459197406E-006
         552   4.5368387568999419E-006
         553   4.7541570060191500E-006
         554   4.7102855605852902E-006
         555   4.1776634816817648E-006
         556   3.6233574700205799E-006
         557   3.7120867227331366E-006
         558   4.7195210744302981E-006
         559   4.0416599935140243E-006
         560   4.1799690406396083E-006
         561   4.3413995173687756E-006
         562   3.9988109024470340E-006
         563   4.0095028031197421E-006
         564   3.5954287910710354E-006
         565   3.6575790072357705E-006
         566   4.3393730834743590E-006
         567   3.2368701513456387E-006
         568   3.7672763776981704E-006
         569   3.7042112644231212E-006
         570   2.9341877584801627E-006
         571   2.9235182787305656E-006
         572   3.0342434304451365E-006
         573   3.4115318544416709E-006
         574   3.1102874305235918E-006
         575   2.4031137689859750E-006
         576   2.9694552709074449E-006
         577   3.0069013182078668E-006
         578   2.8534307667165328E-006
         579   3.0575641383286571E-006
         580   2.9516924495619539E-006
         581   3.0131266811095232E-006
         582   3.1425451168318547E-006
         583   2.2205684674938270E-006
         584   2.3064565454343759E-006
         585   2.0427825350755100E-006
         586   2.7990990370985428E-006
         587   2.3283943432192265E-006
         588   2.2058917778659544E-006
         589   2.1754589952202652E-006
         590   2.2820675215406852E-006
         591   2.2517351385082860E-006
         592   1.6775663893354502E-006
         593   2.0556763549578673E-006
         594   2.0488723457240839E-006
         595   2.1090472249187765E-006
         596   1.5881059923671304E-006
         597   1.4268651082071026E-006
         598   1.7776735937030274E-006
         599   1.3284673439587440E-006
         600   1.5667810084141935E-006
         601   2.3092261748574745E-006
         602   1.7759689222357114E-006
         603   2.0755767539785911E-006
         604   1.7424223595194480E-006
         605   1.9311228915064005E-006
         606   1.9470134084218085E-006
         607   1.3801104745669374E-006
         608   1.5261684746702278E-006
         609   1.1995522885819693E-006
         610   1.7082132454422485E-006
         611   1.6390817630885352E-006
         612   1.3571440158347156E-006
         613   1.4375902010317289E-006
         614   1.3488505507510392E-006
         615   1.3653793284219620E-006
         616   9.0029096915129209E-007
         617   1.4606118881792669E-006
         618   1.0610768821068190E-006
         619   9.5370345422854824E-007
         620   1.2606554950899624E-006
         621   1.2771574026458276E-006
         622   1.1090770556890698E-006
         623   6.7538980200667397E-007
         624   1.2039128329008989E-006
         625   1.1999389745499663E-006
         626   1.1961631457591602E-006
         627   1.1115700837136857E-006
         628   1.0879047306757040E-006
         629   8.6349750244218435E-007
         630   1.0610645852104740E-006
         631   9.9765821002760567E-007
         632   1.2730748654647593E-006
         633   1.0110346358565594E-006
         634   1.1067864919518016E-006
         635   1.1035648342380944E-006
         636   8.2505094250241947E-007
         637   8.6162207089534067E-007
         638   5.8554186114728597E-007
         639   7.0062281705340213E-007
         640   7.9527633505356812E-007
         641   7.1581249955444248E-007
         642   4.6259184116991568E-007
         643   7.1092733548727518E-007
         644   6.1308708227531710E-007
         645   5.5397289051399699E-007
         646   5.7131369028155295E-007
         647   1.0628879387083829E-006
         648   6.4328142333241713E-007
         649   8.4869266862399986E-007
         650   4.8891147803516586E-007
         651   4.8763162176805203E-007
         652   3.1773027401836840E-007
         653   5.7769961867029982E-007
         654   5.2011369402506849E-007
         655   3.5184671860691914E-007
         656   3.8775136638966845E-007
         657   6.9963278960811638E-007
         658   5.8729873259090948E-007
         659   5.6706892123564071E-007
         660   5.1075641155460690E-007
         661   3.8182587045554641E-007
         662   4.8951575243358590E-007
         663   3.6151825730405619E-007
         664   3.6054910380940108E-007
         665   3.7720079054909522E-007
         666   4.8375179256415895E-007
         667   4.8222513446379387E-007
         668   5.5198589052366788E-007
         669   3.0178759022799014E-007
         670   3.0099017562105265E-007
         671   2.4698827306527178E-007
         672   5.4542772001755123E-007
         673   3.5086173119189578E-007
         674   3.1489231416272648E-007
         675   2.4424336065717086E-007
         676   3.3028973026577443E-007
         677   5.0279509215605106E-007
         678   4.4941848171782803E-007
         679   2.7561739150972959E-007
         680   3.9527332311796697E-007
         681   1.7137965257734880E-007
         682   2.3912525018700627E-007
         683   2.0442688104474790E-007
         684   1.0191309512859048E-007
         685   4.0650148758932618E-007
         686   1.6885747461913676E-007
         687   1.3472243495233414E-007
         688   2.5180135584489235E-007
         689   1.8400529549345175E-007
         690   1.3348456874150342E-007
         691   1.9969756548952395E-007
         692   1.9919693776540538E-007
         693   1.6552899707052596E-007
         694   2.8042522641260555E-007
         695   2.3030613881540974E-007
         696   2.7886168027441094E-007
         697   1.6357101477358953E-007
         698   1.3049795102801793E-007
         699   2.2776938129070442E-007
         700   1.2977632051656091E-007
         701   1.1322797507689863E-007
         702   1.2901736211256437E-007
         703   1.4470269727830597E-007
         704   2.0831282485034359E-007
         705   1.7590470165885157E-007
         706   4.7806326193753284E-008
         707   1.1123119385414676E-007
         708   2.6954256655760381E-007
         709   9.4944624823242829E-008
         710   1.1033202820182268E-007
         711   1.7301409457588506E-007
         712   1.7252461468372271E-007
         713   1.0938503178281910E-007
         714   2.0268455691848343E-007
         715   9.3222404398453506E-008
         716   7.7449298869832126E-008
         717   6.1861241672445138E-008
         718   1.5412050116394140E-007
         719   1.0753254123648763E-007
         720   1.2263036970789465E-007
         721   9.1777871930301618E-008
         722   6.0932510093692131E-008
         723   3.0406561030177505E-008
         724   1.8201971243961907E-007
         725   1.5111694318855607E-007
         726   1.2057265105123981E-007
         727   1.3524389272121210E-007
         728   7.4991557865717761E-008
         729   1.9441700718580542E-007
         730   1.1935275121151995E-007
         731   2.9768370757173635E-008
         732   5.9305703297273535E-008
         733   1.4794435156444052E-007
         734   7.3690836681376459E-008
         735   1.4710593983402663E-007
         736   4.3995938057153448E-008
         737   1.4633202369377763E-007
         738   1.0210865053113393E-007
         739   5.8174698646828795E-008
         740   1.0161187080181211E-007
         741   1.0134286961819294E-007
         742   1.4439800962274671E-008
         743   5.7552751490353881E-008
         744   7.1799108947983592E-008
         745   1.8616879700840721E-007
         746   5.7132280543095994E-008
         747   5.6970891969412839E-008
         748   1.9882748693661023E-007
         749   5.6655171284715142E-008
         750   5.6514677790448850E-008
         751   5.6344251252280566E-008
         752   4.2170233365509974E-008
         753   9.8044898596763196E-008
         754   4.1935252595689392E-008
         755   8.3666626903400909E-008
         756   1.3921850129824206E-008
         757   5.5507789045962832E-008
         758   1.3829586170675282E-008
         759   4.1377694122386993E-008
         760   1.2381996763553022E-007
         761   2.7454590846570876E-008
         762   1.0946894960053912E-007
         763   9.5542386749490016E-008
         764   2.7253332914176831E-008
         765   1.0857796538328577E-007
         766   1.3537724209348256E-008
         767   1.0808723057731870E-007
         768   8.0821681288348162E-008
         769   2.6876755926413203E-008
         770   5.3598439913150022E-008
         771   6.6864252958417287E-008
         772   5.3323404334843649E-008
         773   0.0000000000000000E+000
         774   3.9817740826661272E-008
         775   2.6471086225704694E-008
         776   3.9615060290392276E-008
         777   1.3148627110387810E-008
         778   7.8746190648231492E-008
         779   5.2417759274909883E-008
         780   7.8375664686760310E-008
         781   0.0000000000000000E+000
         782   1.0393801568664438E-007
         783   2.5936849230191216E-008
         784   3.8805147763456762E-008
         785   3.8698463281885701E-008
         786   1.2880524884544245E-008
         787   3.8537664765344087E-008
         788   1.2799103149584337E-008
         789   1.2764273381021996E-008
         790   1.0186903007761471E-007
         791   1.2698634702999032E-008
         792   1.2658773283885511E-008
         793   1.5166131532083578E-007
         794   3.7850079597068760E-008
         795   1.2578182498129098E-008
         796   3.7615367726554625E-008
         797   6.2549287047769133E-008
         798   3.7457220202848138E-008
         799   0.0000000000000000E+000
         800   6.2074720984787552E-008
         801   0.0000000000000000E+000
         802   0.0000000000000000E+000
         803   0.0000000000000000E+000
         804   0.0000000000000000E+000
         805   0.0000000000000000E+000
         806   1.2245557122071087E-008
         807   0.0000000000000000E+000
         808   0.0000000000000000E+000
         809   1.2156232212395549E-008
         810   2.4251541295938843E-008
         811   2.4165736911713132E-008
         812   1.2059467184581190E-008
         813   1.2017665641821778E-008
         814   0.0000000000000000E+000
         815   3.5921663610198562E-008
         816   0.0000000000000000E+000
         817   2.3808344153141275E-008
         818   0.0000000000000000E+000
         819   1.1848464413211233E-008
         820   1.1829563160932935E-008
         821   0.0000000000000000E+000
         822   1.1765000423319082E-008
         823   0.0000000000000000E+000
         824   1.1695653392613475E-008
         825   2.3367059780902421E-008
         826   0.0000000000000000E+000
         827   0.0000000000000000E+000
         828   0.0000000000000000E+000
         829   1.1567976411089137E-008
         830   2.3071390928160380E-008
         831   1.1501384486911136E-008
         832   0.0000000000000000E+000
         833   0.0000000000000000E+000
         834   0.0000000000000000E+000
         835   1.1401976504684459E-008
         836   0.0000000000000000E+000
         837   1.1343280810258381E-008
         838   0.0000000000000000E+000
         839   0.0000000000000000E+000
         840   0.0000000000000000E+000
         841   1.1226321761131589E-008
         842   0.0000000000000000E+000
         843   0.0000000000000000E+000
         844   0.0000000000000000E+000
         845   1.1140704422110012E-008
         846   1.1113202262925287E-008
         847   2.2183597717619560E-008
         848   0.0000000000000000E+000
         849   0.0000000000000000E+000
         850   2.2004406855263897E-008
         851   3.2932940310562369E-008
         852   1.0951305681442673E-008
         853   1.0917361748926693E-008
         854   0.0000000000000000E+000
         855   0.0000000000000000E+000
         856   1.0844918057955352E-008
         857   0.0000000000000000E+000
         858   0.0000000000000000E+000
         859   0.0000000000000000E+000
         860   0.0000000000000000E+000
         861   0.0000000000000000E+000
         862   1.0687954401171524E-008
         863   1.0678117061578209E-008
         864   0.0000000000000000E+000
         865   0.0000000000000000E+000
         866   1.0599516774978161E-008
         867   1.0581912748855852E-008
         868   1.0548594923931173E-008
         869   2.1066241630866879E-008
         870   3.1514210118806080E-008
         871   0.0000000000000000E+000
         872   1.0453597723590589E-008
         873   0.0000000000000000E+000
         874   1.0410095845513543E-008
         875   0.0000000000000000E+000
         876   0.0000000000000000E+000
         877   0.0000000000000000E+000
         878   0.0000000000000000E+000
         879   0.0000000000000000E+000
         880   0.0000000000000000E+000
         881   0.0000000000000000E+000
         882   0.0000000000000000E+000
         883   1.0201827306153022E-008
         884   0.0000000000000000E+000
         885   0.0000000000000000E+000
         886   1.0131998419331210E-008
         887   1.0107500994778783E-008
         888   0.0000000000000000E+000
         889   0.0000000000000000E+000
         890   0.0000000000000000E+000
         891   2.0025894655996491E-008
         892   1.9974860743383435E-008
         893   0.0000000000000000E+000
         894   1.9904734607313703E-008
         895   0.0000000000000000E+000
         896   1.9797779569630731E-008
         897   9.8751605533981256E-009
         898   0.0000000000000000E+000
         899   0.0000000000000000E+000
         900   9.8181961943746477E-009
         901   0.0000000000000000E+000
         902   0.0000000000000000E+000
         903   9.7411426312438593E-009
         904   0.0000000000000000E+000
         905   0.0000000000000000E+000
         906   0.0000000000000000E+000
         907   0.0000000000000000E+000
         908   0.0000000000000000E+000
         909   0.0000000000000000E+000
         910   0.0000000000000000E+000
         911   0.0000000000000000E+000
         912   0.0000000000000000E+000
         913   0.0000000000000000E+000
         914   1.9035514278446077E-008
         915   9.4953935156346976E-009
         916   0.0000000000000000E+000
         917   0.0000000000000000E+000
         918   0.0000000000000000E+000
         919   9.4072176509555725E-009
         920   0.0000000000000000E+000
         921   9.3614236032405061E-009
         922   0.0000000000000000E+000
         923   0.0000000000000000E+000
         924   0.0000000000000000E+000
         925   0.0000000000000000E+000
         926   0.0000000000000000E+000
         927   0.0000000000000000E+000
         928   0.0000000000000000E+000
         929   0.0000000000000000E+000
         930   0.0000000000000000E+000
         931   0.0000000000000000E+000
         932   0.0000000000000000E+000
         933   0.0000000000000000E+000
         934   9.1026399760433257E-009
         935   0.0000000000000000E+000
         936   0.0000000000000000E+000
         937   0.0000000000000000E+000
         938   0.0000000000000000E+000
         939   9.0204118002235965E-009
         940   0.0000000000000000E+000
         941   0.0000000000000000E+000
         942   0.0000000000000000E+000
         943   0.0000000000000000E+000
         944   0.0000000000000000E+000
         945   0.0000000000000000E+000
         946   0.0000000000000000E+000
         947   0.0000000000000000E+000
         948   0.0000000000000000E+000
         949   0.0000000000000000E+000
         950   0.0000000000000000E+000
         951   0.0000000000000000E+000
         952   0.0000000000000000E+000
         953   0.0000000000000000E+000
         954   0.0000000000000000E+000
         955   0.0000000000000000E+000
         956   0.0000000000000000E+000
         957   8.6875534666967868E-009
         958   8.6531282671609803E-009
         959   8.6478382679580411E-009
         960   8.6239599642168934E-009
         961   0.0000000000000000E+000
         962   0.0000000000000000E+000
         963   8.5747321520510014E-009
         964   0.0000000000000000E+000
         965   8.5292259228519719E-009
         966   8.5242826574808071E-009
         967   0.0000000000000000E+000
         968   8.4797887551049966E-009
         969   0.0000000000000000E+000
         970   0.0000000000000000E+000
         971   0.0000000000000000E+000
         972   0.0000000000000000E+000
         973   0.0000000000000000E+000
         974   0.0000000000000000E+000
         975   1.6715442114487216E-008
         976   0.0000000000000000E+000
         977   0.0000000000000000E+000
         978   0.0000000000000000E+000
         979   0.0000000000000000E+000
         980   0.0000000000000000E+000
         981   0.0000000000000000E+000
         982   0.0000000000000000E+000
         983   1.6441225267375112E-008
         984   0.0000000000000000E+000
         985   0.0000000000000000E+000
         986   0.0000000000000000E+000
         987   0.0000000000000000E+000
         988   8.1418382103741493E-009
         989   0.0000000000000000E+000
         990   0.0000000000000000E+000
         991   0.0000000000000000E+000
         992   1.6153015331781347E-008
         993   0.0000000000000000E+000
         994   8.0429099015014692E-009
         995   1.6055683267178276E-008
         996   0.0000000000000000E+000
         997   0.0000000000000000E+000
         998   0.0000000000000000E+000
         999   0.0000000000000000E+000
        1000   1.9894367332870481E-007
