           1  0.71044348811553260     
           2  0.44499605845756046     
           3  0.47792017579601070     
           4  0.50760365730999601     
           5  0.50913474504051726     
           6  0.48624721218775446     
           7  0.45368646808216906     
           8  0.45315444278795375     
           9  0.42054259012035861     
          10  0.41541624825289575     
          11  0.41681427672420213     
          12  0.39339860207820387     
          13  0.40464162529860376     
          14  0.39308164979302185     
          15  0.37563422084791309     
          16  0.36511525175746612     
          17  0.36182782066382180     
          18  0.34939571413601572     
          19  0.34242768776593319     
          20  0.32402230701471202     
          21  0.32779786596400429     
          22  0.31453664369664858     
          23  0.30997694440815643     
          24  0.30174656100431585     
          25  0.29505436258783607     
          26  0.28794617051423738     
          27  0.28517320035447308     
          28  0.27598008573373545     
          29  0.27080711921032063     
          30  0.26280282716699827     
          31  0.25922425447334091     
          32  0.25095297286004459     
          33  0.24517100439679809     
          34  0.23877942540775310     
          35  0.23527003951634531     
          36  0.22958756918668641     
          37  0.22229765491356399     
          38  0.21852122662770748     
          39  0.21374535070390888     
          40  0.20732241111854172     
          41  0.20420682040794677     
          42  0.19789763780914818     
          43  0.19300765745745296     
          44  0.18864343403524553     
          45  0.18185438049224859     
          46  0.17620735118885075     
          47  0.17412308644874497     
          48  0.17158002548373311     
          49  0.16585972410738395     
          50  0.16303693188537655     
          51  0.16074724200866367     
          52  0.15627896745600936     
          53  0.15120735672338861     
          54  0.14882345354972717     
          55  0.14647249796612780     
          56  0.14264418744879706     
          57  0.13807876204027805     
          58  0.13429693914444407     
          59  0.13100766172405756     
          60  0.12849757932942515     
          61  0.12420969458248633     
          62  0.12168795553780154     
          63  0.12000542922237979     
          64  0.11704547797484133     
          65  0.11366034940022514     
          66  0.11081778023374737     
          67  0.10883023746038561     
          68  0.10525419410768391     
          69  0.10363427022157673     
          70  0.10206731934518862     
          71   9.8020266873267148E-002
          72   9.6929633864013792E-002
          73   9.4333874065477524E-002
          74   9.2129748164281045E-002
          75   8.9566758099982380E-002
          76   8.7110990824164597E-002
          77   8.5381829182111221E-002
          78   8.3205376260767669E-002
          79   8.2234175470588505E-002
          80   7.9898155619350264E-002
          81   7.8087047245024452E-002
          82   7.5622259955999499E-002
          83   7.4336427005673125E-002
          84   7.2141533670553412E-002
          85   7.0704357423859374E-002
          86   6.8507214760324536E-002
          87   6.6917368184038234E-002
          88   6.5636215505594772E-002
          89   6.4343192533100224E-002
          90   6.2259318033471227E-002
          91   6.1204133259461752E-002
          92   5.9931685229944451E-002
          93   5.7818012100034476E-002
          94   5.6688635644396267E-002
          95   5.5489218263179263E-002
          96   5.4325922079851978E-002
          97   5.3066604020426449E-002
          98   5.1822994758568504E-002
          99   5.0330092169785949E-002
         100   4.9138019279189926E-002
         101   4.8310194086266155E-002
         102   4.7195166447687148E-002
         103   4.5829122152120434E-002
         104   4.4925740240530608E-002
         105   4.3653916372681435E-002
         106   4.2817523393721288E-002
         107   4.1855527165979893E-002
         108   4.0524537827257741E-002
         109   3.9578009121428295E-002
         110   3.9068157057845623E-002
         111   3.7651136690451587E-002
         112   3.6959981667808291E-002
         113   3.5968647163167999E-002
         114   3.5619553653318536E-002
         115   3.4228035255240444E-002
         116   3.3633241127037750E-002
         117   3.2983050738218292E-002
         118   3.2032596062288768E-002
         119   3.1627073795344497E-002
         120   3.0232708068333530E-002
         121   2.9601836556131161E-002
         122   2.8956507319592515E-002
         123   2.8383525862028542E-002
         124   2.7978906192449225E-002
         125   2.6987898425409874E-002
         126   2.6497453687208610E-002
         127   2.5860125838011862E-002
         128   2.5228979117345500E-002
         129   2.4689011261870931E-002
         130   2.4076084521238699E-002
         131   2.3441423332603240E-002
         132   2.2843861378558834E-002
         133   2.2397286012437258E-002
         134   2.1866349374600490E-002
         135   2.1525335186494961E-002
         136   2.0773837450645660E-002
         137   2.0295400348112821E-002
         138   1.9727471769757504E-002
         139   1.9294636832791458E-002
         140   1.8804837724980539E-002
         141   1.8561098790229758E-002
         142   1.7942890998240764E-002
         143   1.7383887057432199E-002
         144   1.7126872423166180E-002
         145   1.6757976274376835E-002
         146   1.6306411713972103E-002
         147   1.5998284143801226E-002
         148   1.5629816258486435E-002
         149   1.5138994505826465E-002
         150   1.4950382464147862E-002
         151   1.4425778700889187E-002
         152   1.4113045659493844E-002
         153   1.3824036516398143E-002
         154   1.3565476235101582E-002
         155   1.3131827213145519E-002
         156   1.2931476411248800E-002
         157   1.2573274534444328E-002
         158   1.2366985080813074E-002
         159   1.1938502075661273E-002
         160   1.1792725263333161E-002
         161   1.1418472717460446E-002
         162   1.0995597576505775E-002
         163   1.0826536313203145E-002
         164   1.0656404425880117E-002
         165   1.0468555263103231E-002
         166   1.0118486513644227E-002
         167   9.9513706896510682E-003
         168   9.6133462840362564E-003
         169   9.3208188848094217E-003
         170   9.1834679465249858E-003
         171   8.8176016303586242E-003
         172   8.6086374934313242E-003
         173   8.4951873021325182E-003
         174   8.2893887841966208E-003
         175   8.2103165980807365E-003
         176   7.8929410550107933E-003
         177   7.8310222805532351E-003
         178   7.5480397388342493E-003
         179   7.4528259541992072E-003
         180   7.2735559928903543E-003
         181   7.1278396473574623E-003
         182   6.8846262636858488E-003
         183   6.7537559124374461E-003
         184   6.5880900376152742E-003
         185   6.4420567665275045E-003
         186   6.3220957243810914E-003
         187   6.2405840281813518E-003
         188   5.9764505355397188E-003
         189   5.8599844342459434E-003
         190   5.6690440765644707E-003
         191   5.5776399081846921E-003
         192   5.4203059180653185E-003
         193   5.2748604725619619E-003
         194   5.1558616721414374E-003
         195   5.0901061837590623E-003
         196   4.9150871358301651E-003
         197   4.8013755062865622E-003
         198   4.7214118829831181E-003
         199   4.5882779347131602E-003
         200   4.4385726016250484E-003
         201   4.4435545820303854E-003
         202   4.2546598754409845E-003
         203   4.1922812164039980E-003
         204   4.0577309213644074E-003
         205   4.0013402942569078E-003
         206   3.8878263682995871E-003
         207   3.8157249642710050E-003
         208   3.7082960766123200E-003
         209   3.6338920072461717E-003
         210   3.5422814869851007E-003
         211   3.4501609835394091E-003
         212   3.4189410007674044E-003
         213   3.3020526328941379E-003
         214   3.2440691555112727E-003
         215   3.1543963256250567E-003
         216   3.0483156026189302E-003
         217   3.0226745345681375E-003
         218   2.9325177707972792E-003
         219   2.9063060913716967E-003
         220   2.8100382946869870E-003
         221   2.7094903378430974E-003
         222   2.6404274464361670E-003
         223   2.5942542313433102E-003
         224   2.5390861530912947E-003
         225   2.4528575776529057E-003
         226   2.3879972898174194E-003
         227   2.3984501981319890E-003
         228   2.3178472396975141E-003
         229   2.2216012755376414E-003
         230   2.1553516677876475E-003
         231   2.1320321428687345E-003
         232   2.0936153888113642E-003
         233   2.0269126040656756E-003
         234   1.9960175994737481E-003
         235   1.9562685974829760E-003
         236   1.9234157663667575E-003
         237   1.8636890679115746E-003
         238   1.8206159335396391E-003
         239   1.7409068997888339E-003
         240   1.7049557733959456E-003
         241   1.6663025303623898E-003
         242   1.6675913305775208E-003
         243   1.6131642451419326E-003
         244   1.5789575032824407E-003
         245   1.5235030916490020E-003
         246   1.4718547786455264E-003
         247   1.4572122661850558E-003
         248   1.4504627477823768E-003
         249   1.3711959431896531E-003
         250   1.3498131669128154E-003
         251   1.3244194865344970E-003
         252   1.2716669241699527E-003
         253   1.2503737058416448E-003
         254   1.2082166934543584E-003
         255   1.1971910826734597E-003
         256   1.1789536965967592E-003
         257   1.1532160255119954E-003
         258   1.1212243729885570E-003
         259   1.1001584977471911E-003
         260   1.0602705110901850E-003
         261   1.0346047335419938E-003
         262   1.0152528186165332E-003
         263   9.7512833472331386E-004
         264   9.5956913830762736E-004
         265   9.3305766639205812E-004
         266   9.2492557844518959E-004
         267   9.0681965645057641E-004
         268   8.8407397362795677E-004
         269   8.4669350276924250E-004
         270   8.4656411645313420E-004
         271   8.0255750495260953E-004
         272   8.0193306562471390E-004
         273   7.7928775580364312E-004
         274   7.5438434302255609E-004
         275   7.4915245574527333E-004
         276   7.2135076425609618E-004
         277   7.1034239948267251E-004
         278   6.8461553343032667E-004
         279   6.9290651997883394E-004
         280   6.6610872709243465E-004
         281   6.3811750537190275E-004
         282   6.3769112989336854E-004
         283   6.0921849019896976E-004
         284   5.9622219876697444E-004
         285   5.8431632742767317E-004
         286   5.8342094103259773E-004
         287   5.5889959475210679E-004
         288   5.5645288940196172E-004
         289   5.2762505617370739E-004
         290   5.2072809269210045E-004
         291   5.0432699424010044E-004
         292   4.8999630984035089E-004
         293   4.7014406422446280E-004
         294   4.6795221589588661E-004
         295   4.5686167381246598E-004
         296   4.7649190570147774E-004
         297   4.3707638558590988E-004
         298   4.3057113544417186E-004
         299   4.1376390558583483E-004
         300   3.9692966343886940E-004
         301   3.9002998408753283E-004
         302   3.7873774561418945E-004
         303   3.8358384624253840E-004
         304   3.6692194483879372E-004
         305   3.6921850114114306E-004
         306   3.6340363871759302E-004
         307   3.4211466857855626E-004
         308   3.5085289712617692E-004
         309   3.2101252757010438E-004
         310   3.2214855422682374E-004
         311   3.2241091633527174E-004
         312   3.0059520964798150E-004
         313   3.0299944433853713E-004
         314   3.0467038024889785E-004
         315   2.9314827237302449E-004
         316   2.7422878473597244E-004
         317   2.6896482138621779E-004
         318   2.5461246103798175E-004
         319   2.6240241959670012E-004
         320   2.5232177422141339E-004
         321   2.3854072917454077E-004
         322   2.3896215933339482E-004
         323   2.3322410737751137E-004
         324   2.2726206047499249E-004
         325   2.2562854189260510E-004
         326   2.2096184948376985E-004
         327   2.2377398523167671E-004
         328   2.0883488493100995E-004
         329   1.9804567173651037E-004
         330   1.8868847632285391E-004
         331   1.9038105972700670E-004
         332   1.9334510121893310E-004
         333   1.8138048534186471E-004
         334   1.7907888893950238E-004
         335   1.7427178018016796E-004
         336   1.7886152885049621E-004
         337   1.6676131683322922E-004
         338   1.5819906038913765E-004
         339   1.5492180083699885E-004
         340   1.5744380108311697E-004
         341   1.4887829865456583E-004
         342   1.4870933027210043E-004
         343   1.4460849355118265E-004
         344   1.4671068757547405E-004
         345   1.3686392008690836E-004
         346   1.3951669653044499E-004
         347   1.4108545555879373E-004
         348   1.3124620615869933E-004
         349   1.1721230162967252E-004
         350   1.2871675328101297E-004
         351   1.2063680847583308E-004
         352   1.1745257616572632E-004
         353   1.1940692759971050E-004
         354   1.1182598882325264E-004
         355   1.0527948379150257E-004
         356   1.0575639278279368E-004
         357   1.0746137754847125E-004
         358   1.0142091545887880E-004
         359   9.6357575563170013E-005
         360   9.4418766639344580E-005
         361   9.2495801323809636E-005
         362   8.9019010402878343E-005
         363   9.1056057932483264E-005
         364   8.4088644018611293E-005
         365   8.3041241799443552E-005
         366   8.0692008730715484E-005
         367   8.5784762888706923E-005
         368   8.3217720109467729E-005
         369   7.8697575895759339E-005
         370   7.8843303166473158E-005
         371   7.5704935858425835E-005
         372   7.4549889041356925E-005
         373   7.1132288984584793E-005
         374   6.8933468622388289E-005
         375   6.7387931263161716E-005
         376   6.7703440690786108E-005
         377   6.3885945201360353E-005
         378   6.5210761216807220E-005
         379   6.5147669665282203E-005
         380   5.9526139524042390E-005
         381   5.9102062191869809E-005
         382   5.7544348800405398E-005
         383   5.6222044703656810E-005
         384   5.7167546635567056E-005
         385   5.3282090080499493E-005
         386   5.0604348088936139E-005
         387   5.0613964138488987E-005
         388   4.7928410430577551E-005
         389   4.8313574746021138E-005
         390   4.6186096581006533E-005
         391   4.6985980282348254E-005
         392   4.4166063598893320E-005
         393   4.5999745029594487E-005
         394   4.1825560900524079E-005
         395   4.4004955839346333E-005
         396   4.0295798490915145E-005
         397   3.9540681571900553E-005
         398   3.7135138930433390E-005
         399   3.8789685982104939E-005
         400   3.8992462474037021E-005
         401   3.7268354049964378E-005
         402   3.6642911357301663E-005
         403   3.4945672961050619E-005
         404   3.2296605563021078E-005
         405   3.1699658810582696E-005
         406   2.9662514378469758E-005
         407   3.2298985052333737E-005
         408   2.8802947429897688E-005
         409   2.8047576328600279E-005
         410   2.9374793749883265E-005
         411   2.9887576468098815E-005
         412   2.5304419882172549E-005
         413   2.7272317615631687E-005
         414   2.5847161957559724E-005
         415   2.7518470651435159E-005
         416   2.5136283918273516E-005
         417   2.2964038620145411E-005
         418   2.2537322068160665E-005
         419   2.3331578147276785E-005
         420   2.0342462104547447E-005
         421   2.1815379449329302E-005
         422   2.1487751144042087E-005
         423   2.1920723013910217E-005
         424   1.7840554465381979E-005
         425   2.0614891361639562E-005
         426   2.0561839810987850E-005
         427   1.8898519535118828E-005
         428   1.8897404738729669E-005
         429   1.8721832076868625E-005
         430   1.8593768752028543E-005
         431   1.8462645351422862E-005
         432   1.6464855659704095E-005
         433   1.5583795583025217E-005
         434   1.6058915238152763E-005
         435   1.6993532797222152E-005
         436   1.5245176900532646E-005
         437   1.6464454726122601E-005
         438   1.2912299564115355E-005
         439   1.5531516465458915E-005
         440   1.4478155792009163E-005
         441   1.2453898242501358E-005
         442   1.2313724642077131E-005
         443   1.3594697663554697E-005
         444   1.4140026517142748E-005
         445   1.2791664661019421E-005
         446   1.1494672614040842E-005
         447   1.3233798676673166E-005
         448   1.1788829002999744E-005
         449   1.0594816664965439E-005
         450   1.0351698100193375E-005
         451   1.0304843590854615E-005
         452   9.5612821907582523E-006
         453   1.0059586053177178E-005
         454   1.0747018932661681E-005
         455   9.7802474756744876E-006
         456   9.2041143870658783E-006
         457   9.2017144829004292E-006
         458   9.0473212360667285E-006
         459   8.6322043420818666E-006
         460   9.1957378642424801E-006
         461   8.1438900209727808E-006
         462   7.6645421323649806E-006
         463   9.0369710917895765E-006
         464   7.4143344384892844E-006
         465   7.8935573609909180E-006
         466   7.6797390126647828E-006
         467   6.3355107305931741E-006
         468   6.9620138099421497E-006
         469   6.4259371745182191E-006
         470   6.2193863004362270E-006
         471   6.8719814002414178E-006
         472   5.6320848995894530E-006
         473   6.7446760184599669E-006
         474   6.5031077353542642E-006
         475   5.8770173082244387E-006
         476   5.8513111184191882E-006
         477   5.2692676615379134E-006
         478   6.3953811142290137E-006
         479   4.3258735343176292E-006
         480   4.5845476453238358E-006
         481   4.6344081180707027E-006
         482   3.8962400459869530E-006
         483   5.2764806926882236E-006
         484   4.3732155447926225E-006
         485   5.3010798395364194E-006
         486   4.7414200916757876E-006
         487   4.3534488081329568E-006
         488   3.6680578226499506E-006
         489   3.8533114610073438E-006
         490   4.2338260368462503E-006
         491   4.0184850485705882E-006
         492   3.8706658257251839E-006
         493   3.6591138368896515E-006
         494   3.7413662329387334E-006
         495   3.5976161282909521E-006
         496   3.8091863212447109E-006
         497   3.7294483303187711E-006
         498   3.1698625451200884E-006
         499   2.6151336146702800E-006
         500   3.7169838728868262E-006
         501   3.5757201756961018E-006
         502   2.8040776984577499E-006
         503   2.7613787074337951E-006
         504   2.9388106837044710E-006
         505   2.9884361173361400E-006
         506   3.1011654024213795E-006
         507   2.3480792594639401E-006
         508   3.7550226906867921E-006
         509   2.3303668246469321E-006
         510   2.5346196512144798E-006
         511   2.2809581130164615E-006
         512   2.5456683917008158E-006
         513   1.9617024023198212E-006
         514   2.3753821269903360E-006
         515   2.0962444164835187E-006
         516   2.2963768283217776E-006
         517   1.6340329227286833E-006
         518   1.8049793652891236E-006
         519   1.4451904704391784E-006
         520   2.3492134706510560E-006
         521   2.2237858785311337E-006
         522   2.0114916281187632E-006
         523   1.7999247389893864E-006
         524   1.7069657868246214E-006
         525   1.7292344564909595E-006
         526   1.4925537056154014E-006
         527   1.4865043939131575E-006
         528   1.2821743998848792E-006
         529   1.4474716826625601E-006
         530   1.5274167547188336E-006
         531   1.2676769221150606E-006
         532   1.8240694360507518E-006
         533   1.2861867355628686E-006
         534   1.7275495304428179E-006
         535   1.4984212608193586E-006
         536   1.2163331424240135E-006
         537   9.6376613540917649E-007
         538   9.8783697233994520E-007
         539   1.3944404166349346E-006
         540   1.4982881151574076E-006
         541   1.3571870814868980E-006
         542   9.1969453940726429E-007
         543   1.1044643578421222E-006
         544   1.0199632397289247E-006
         545   1.0959784481112031E-006
         546   5.5982220314137487E-007
         547   1.1413291635844214E-006
         548   5.5568952575083154E-007
         549   1.2121259593714405E-006
         550   8.4006229609271372E-007
         551   6.5438574664567871E-007
         552   7.8185757217817150E-007
         553   1.0128883304393241E-006
         554   1.1903816798086346E-006
         555   8.7681549645057209E-007
         556   9.2526452533640582E-007
         557   7.4239952994003776E-007
         558   8.6719385849138974E-007
         559   7.1192494556021931E-007
         560   8.6148128046056346E-007
         561   5.0453696378497088E-007
         562   7.7957635794923702E-007
         563   6.2657634651466550E-007
         564   6.9948248123551700E-007
         565   4.9755743425279261E-007
         566   6.1977649669611280E-007
         567   4.6938598390574777E-007
         568   8.3696690271780218E-007
         569   5.3994638193503386E-007
         570   6.8438901528795714E-007
         571   5.1179911720301049E-007
         572   9.7102321835732026E-007
         573   5.8079434506683952E-007
         574   6.7486776593427041E-007
         575   4.5659852098830669E-007
         576   6.9439519381575224E-007
         577   3.8181302123095693E-007
         578   3.3303652473677643E-007
         579   5.6871009312441605E-007
         580   5.1964681189477357E-007
         581   3.5296133703049471E-007
         582   5.8634098681973448E-007
         583   4.2055926699475172E-007
         584   7.4545530003878517E-007
         585   3.4820896654915801E-007
         586   3.0073958851082738E-007
         587   3.4579275461009529E-007
         588   4.8257680779541400E-007
         589   5.7246062936930704E-007
         590   5.0207066454496726E-007
         591   4.7771164713308973E-007
         592   4.0783463409413791E-007
         593   2.2590976105948712E-007
         594   4.0530333751658230E-007
         595   2.2430912012079882E-007
         596   2.9085632762974492E-007
         597   7.1358867108194675E-007
         598   3.9980622565014781E-007
         599   2.8789239448792324E-007
         600   3.0914473570504132E-007
         601   2.1997225919597443E-007
         602   3.5083854955391329E-007
         603   2.1842862839305474E-007
         604   3.0487288603337113E-007
         605   3.2556979663118309E-007
         606   1.7310311412992996E-007
         607   4.0968796661910955E-007
         608   3.8679782418723885E-007
         609   2.9985331285546047E-007
         610   1.9215076872763830E-007
         611   3.8308075967253618E-007
         612   2.1213730973930062E-007
         613   1.2690008162216471E-007
         614   1.6853400294786544E-007
         615   2.3114856977003813E-007
         616   3.9780161230891233E-007
         617   2.9209964546084147E-007
         618   4.7852327712410833E-007
         619   2.6947041089238685E-007
         620   2.6863811285517720E-007
         621   8.2357634789673568E-008
         622   2.6695440882771265E-007
         623   1.6380442096491430E-007
         624   1.2240937889270959E-007
         625   8.1408562283289796E-008
         626   3.6499237835095427E-007
         627   6.0683024690865055E-008
         628   1.6121606191504801E-007
         629   1.8078869197675555E-007
         630   2.0030736665498842E-007
         631   1.5956201428482365E-007
         632   1.7905467861006514E-007
         633   9.9129347442700885E-008
         634   1.5812131891456520E-007
         635   3.5453858049697263E-007
         636   1.7679986963564462E-007
         637   2.1530844226675442E-007
         638   9.7481051678222587E-008
         639   1.9441197740236510E-008
         640   7.7501909291165460E-008
         641   7.7341400213275841E-008
         642   2.6973506583240799E-007
         643   3.8426703513771287E-008
         644   2.1068818089517021E-007
         645   1.1458383449210135E-007
         646   3.8063140209466827E-008
         647   1.5173429582554630E-007
         648   1.5143417639632463E-007
         649   1.5098671537602082E-007
         650   9.3948130997696772E-008
         651   9.3747171763761096E-008
         652   1.1215855188051083E-007
         653   7.4536062377451923E-008
         654   9.2927349412126677E-008
         655   1.2958977762082491E-007
         656   1.4769158707338384E-007
         657   1.6565632022845295E-007
         658   3.6692057947212093E-008
         659   7.3179671372530829E-008
         660   1.2774723273192078E-007
         661   9.0931028009134699E-008
         662   1.6314155824410299E-007
         663   9.0383788130773293E-008
         664   1.8004298919815093E-008
         665   8.9796246187298742E-008
         666   1.7909396941205239E-008
         667   1.7862850000901730E-008
         668   3.5602749062193613E-008
         669   0.0000000000000000E+000
         670   3.5403237125363314E-008
         671   7.0555819645364956E-008
         672   1.0557971014666087E-007
         673   8.7681794737450691E-008
         674   7.0035925117775973E-008
         675   0.0000000000000000E+000
         676   1.2171481826327410E-007
         677   3.4697243039628447E-008
         678   1.0371320981691399E-007
         679   6.8919770361675866E-008
         680   6.8776980429567427E-008
         681   8.5694815913705708E-008
         682   1.0248064563522041E-007
         683   3.4101631788135664E-008
         684   5.0949800094738854E-008
         685   3.3873706924677885E-008
         686   1.0135279515974452E-007
         687   5.0526659260061012E-008
         688   5.0338584816971574E-008
         689   3.3475976424226453E-008
         690   3.3409451443521863E-008
         691   1.6663652491661480E-008
         692   0.0000000000000000E+000
         693   3.3113124810132136E-008
         694   0.0000000000000000E+000
         695   6.5797067895786650E-008
         696   0.0000000000000000E+000
         697   3.2714108138501539E-008
         698   1.6291456420874789E-008
         699   3.2519213949491852E-008
         700   0.0000000000000000E+000
         701   1.6159388126588618E-008
         702   4.8414926897752231E-008
         703   1.6100321062141419E-008
         704   3.2045002357043122E-008
         705   0.0000000000000000E+000
         706   3.1863783616756360E-008
         707   1.5916836627015600E-008
         708   7.9229965835709209E-008
         709   0.0000000000000000E+000
         710   0.0000000000000000E+000
         711   0.0000000000000000E+000
         712   1.5663704192341223E-008
         713   3.1241534021612237E-008
         714   6.2364834761005485E-008
         715   0.0000000000000000E+000
         716   6.2024388370919464E-008
         717   0.0000000000000000E+000
         718   1.5403762273756347E-008
         719   3.0731338636284229E-008
         720   0.0000000000000000E+000
         721   4.5881737536718786E-008
         722   0.0000000000000000E+000
         723   0.0000000000000000E+000
         724   0.0000000000000000E+000
         725   1.5124088904248982E-008
         726   0.0000000000000000E+000
         727   0.0000000000000000E+000
         728   0.0000000000000000E+000
         729   2.9920472319667108E-008
         730   1.4927915813509010E-008
         731   1.4872806858796408E-008
         732   0.0000000000000000E+000
         733   1.4779348736885259E-008
         734   0.0000000000000000E+000
         735   1.4701187540004204E-008
         736   0.0000000000000000E+000
         737   1.4611065580851287E-008
         738   0.0000000000000000E+000
         739   0.0000000000000000E+000
         740   4.3496958393421025E-008
         741   1.4464576296347342E-008
         742   0.0000000000000000E+000
         743   1.4392774412493443E-008
         744   0.0000000000000000E+000
         745   0.0000000000000000E+000
         746   0.0000000000000000E+000
         747   0.0000000000000000E+000
         748   0.0000000000000000E+000
         749   0.0000000000000000E+000
         750   0.0000000000000000E+000
         751   1.4086711834069210E-008
         752   0.0000000000000000E+000
         753   0.0000000000000000E+000
         754   0.0000000000000000E+000
         755   0.0000000000000000E+000
         756   1.3920363843483499E-008
         757   0.0000000000000000E+000
         758   1.3817099421834116E-008
         759   0.0000000000000000E+000
         760   0.0000000000000000E+000
         761   0.0000000000000000E+000
         762   0.0000000000000000E+000
         763   0.0000000000000000E+000
         764   1.3629988455321793E-008
         765   0.0000000000000000E+000
         766   1.3535167325775249E-008
         767   2.7012887940053747E-008
         768   0.0000000000000000E+000
         769   0.0000000000000000E+000
         770   4.0178129753592967E-008
         771   0.0000000000000000E+000
         772   0.0000000000000000E+000
         773   0.0000000000000000E+000
         774   0.0000000000000000E+000
         775   0.0000000000000000E+000
         776   3.9632860831870386E-008
         777   0.0000000000000000E+000
         778   0.0000000000000000E+000
         779   0.0000000000000000E+000
         780   1.3079355087775157E-008
         781   1.3031368858039316E-008
         782   0.0000000000000000E+000
         783   0.0000000000000000E+000
         784   0.0000000000000000E+000
         785   0.0000000000000000E+000
         786   0.0000000000000000E+000
         787   0.0000000000000000E+000
         788   0.0000000000000000E+000
         789   0.0000000000000000E+000
         790   0.0000000000000000E+000
         791   0.0000000000000000E+000
         792   1.2677184933965177E-008
         793   3.7923024029391186E-008
         794   0.0000000000000000E+000
         795   0.0000000000000000E+000
         796   0.0000000000000000E+000
         797   3.7550446115407331E-008
         798   0.0000000000000000E+000
         799   2.4922121207844424E-008
         800   0.0000000000000000E+000
         801   0.0000000000000000E+000
         802   0.0000000000000000E+000
         803   1.2319733144975168E-008
         804   0.0000000000000000E+000
         805   0.0000000000000000E+000
         806   0.0000000000000000E+000
         807   0.0000000000000000E+000
         808   1.2170740484737307E-008
         809   0.0000000000000000E+000
         810   0.0000000000000000E+000
         811   3.6265742378613734E-008
         812   1.2047319424894169E-008
         813   4.8148984192621438E-008
         814   1.1993577600334266E-008
         815   0.0000000000000000E+000
         816   0.0000000000000000E+000
         817   0.0000000000000000E+000
         818   0.0000000000000000E+000
         819   0.0000000000000000E+000
         820   1.1833629596787295E-008
         821   0.0000000000000000E+000
         822   1.1775171535229278E-008
         823   3.5226637413116612E-008
         824   1.1700644151405808E-008
         825   0.0000000000000000E+000
         826   0.0000000000000000E+000
         827   0.0000000000000000E+000
         828   0.0000000000000000E+000
         829   0.0000000000000000E+000
         830   0.0000000000000000E+000
         831   0.0000000000000000E+000
         832   0.0000000000000000E+000
         833   0.0000000000000000E+000
         834   0.0000000000000000E+000
         835   0.0000000000000000E+000
         836   0.0000000000000000E+000
         837   0.0000000000000000E+000
         838   0.0000000000000000E+000
         839   0.0000000000000000E+000
         840   0.0000000000000000E+000
         841   0.0000000000000000E+000
         842   0.0000000000000000E+000
         843   0.0000000000000000E+000
         844   0.0000000000000000E+000
         845   0.0000000000000000E+000
         846   0.0000000000000000E+000
         847   0.0000000000000000E+000
         848   0.0000000000000000E+000
         849   0.0000000000000000E+000
         850   1.1000429958400143E-008
         851   0.0000000000000000E+000
         852   0.0000000000000000E+000
         853   0.0000000000000000E+000
         854   0.0000000000000000E+000
         855   0.0000000000000000E+000
         856   0.0000000000000000E+000
         857   0.0000000000000000E+000
         858   0.0000000000000000E+000
         859   0.0000000000000000E+000
         860   0.0000000000000000E+000
         861   0.0000000000000000E+000
         862   0.0000000000000000E+000
         863   0.0000000000000000E+000
         864   0.0000000000000000E+000
         865   0.0000000000000000E+000
         866   0.0000000000000000E+000
         867   0.0000000000000000E+000
         868   0.0000000000000000E+000
         869   0.0000000000000000E+000
         870   0.0000000000000000E+000
         871   0.0000000000000000E+000
         872   0.0000000000000000E+000
         873   0.0000000000000000E+000
         874   0.0000000000000000E+000
         875   0.0000000000000000E+000
         876   0.0000000000000000E+000
         877   0.0000000000000000E+000
         878   0.0000000000000000E+000
         879   0.0000000000000000E+000
         880   0.0000000000000000E+000
         881   0.0000000000000000E+000
         882   0.0000000000000000E+000
         883   0.0000000000000000E+000
         884   0.0000000000000000E+000
         885   0.0000000000000000E+000
         886   0.0000000000000000E+000
         887   0.0000000000000000E+000
         888   0.0000000000000000E+000
         889   0.0000000000000000E+000
         890   0.0000000000000000E+000
         891   0.0000000000000000E+000
         892   0.0000000000000000E+000
         893   0.0000000000000000E+000
         894   0.0000000000000000E+000
         895   0.0000000000000000E+000
         896   0.0000000000000000E+000
         897   0.0000000000000000E+000
         898   0.0000000000000000E+000
         899   0.0000000000000000E+000
         900   0.0000000000000000E+000
         901   0.0000000000000000E+000
         902   0.0000000000000000E+000
         903   0.0000000000000000E+000
         904   0.0000000000000000E+000
         905   0.0000000000000000E+000
         906   0.0000000000000000E+000
         907   0.0000000000000000E+000
         908   0.0000000000000000E+000
         909   0.0000000000000000E+000
         910   0.0000000000000000E+000
         911   0.0000000000000000E+000
         912   0.0000000000000000E+000
         913   0.0000000000000000E+000
         914   0.0000000000000000E+000
         915   0.0000000000000000E+000
         916   0.0000000000000000E+000
         917   0.0000000000000000E+000
         918   0.0000000000000000E+000
         919   0.0000000000000000E+000
         920   0.0000000000000000E+000
         921   0.0000000000000000E+000
         922   0.0000000000000000E+000
         923   0.0000000000000000E+000
         924   0.0000000000000000E+000
         925   0.0000000000000000E+000
         926   0.0000000000000000E+000
         927   0.0000000000000000E+000
         928   0.0000000000000000E+000
         929   0.0000000000000000E+000
         930   0.0000000000000000E+000
         931   0.0000000000000000E+000
         932   0.0000000000000000E+000
         933   0.0000000000000000E+000
         934   0.0000000000000000E+000
         935   0.0000000000000000E+000
         936   0.0000000000000000E+000
         937   0.0000000000000000E+000
         938   0.0000000000000000E+000
         939   0.0000000000000000E+000
         940   0.0000000000000000E+000
         941   0.0000000000000000E+000
         942   0.0000000000000000E+000
         943   0.0000000000000000E+000
         944   0.0000000000000000E+000
         945   0.0000000000000000E+000
         946   0.0000000000000000E+000
         947   0.0000000000000000E+000
         948   0.0000000000000000E+000
         949   0.0000000000000000E+000
         950   0.0000000000000000E+000
         951   0.0000000000000000E+000
         952   0.0000000000000000E+000
         953   0.0000000000000000E+000
         954   0.0000000000000000E+000
         955   0.0000000000000000E+000
         956   0.0000000000000000E+000
         957   0.0000000000000000E+000
         958   0.0000000000000000E+000
         959   0.0000000000000000E+000
         960   0.0000000000000000E+000
         961   0.0000000000000000E+000
         962   0.0000000000000000E+000
         963   0.0000000000000000E+000
         964   0.0000000000000000E+000
         965   0.0000000000000000E+000
         966   0.0000000000000000E+000
         967   0.0000000000000000E+000
         968   0.0000000000000000E+000
         969   0.0000000000000000E+000
         970   0.0000000000000000E+000
         971   0.0000000000000000E+000
         972   0.0000000000000000E+000
         973   0.0000000000000000E+000
         974   0.0000000000000000E+000
         975   0.0000000000000000E+000
         976   0.0000000000000000E+000
         977   0.0000000000000000E+000
         978   0.0000000000000000E+000
         979   0.0000000000000000E+000
         980   0.0000000000000000E+000
         981   0.0000000000000000E+000
         982   0.0000000000000000E+000
         983   0.0000000000000000E+000
         984   0.0000000000000000E+000
         985   0.0000000000000000E+000
         986   0.0000000000000000E+000
         987   0.0000000000000000E+000
         988   0.0000000000000000E+000
         989   0.0000000000000000E+000
         990   0.0000000000000000E+000
         991   0.0000000000000000E+000
         992   0.0000000000000000E+000
         993   0.0000000000000000E+000
         994   0.0000000000000000E+000
         995   0.0000000000000000E+000
         996   0.0000000000000000E+000
         997   0.0000000000000000E+000
         998   0.0000000000000000E+000
         999   0.0000000000000000E+000
        1000   0.0000000000000000E+000
