           1   2.1007727061353187     
           2   1.0015638326602847     
           3  0.71055392324281341     
           4  0.72179678671795422     
           5  0.63382353118274082     
           6  0.67766132175661098     
           7  0.84357087041115686     
           8  0.59007263029667922     
           9  0.75259511090652553     
          10  0.72921584596820421     
          11  0.64120423091859102     
          12  0.65791342233836980     
          13  0.61087383564220776     
          14  0.63765596495235655     
          15  0.60249652003540810     
          16  0.60826114357779648     
          17  0.58142311316257433     
          18  0.55892894219156952     
          19  0.53042791012250157     
          20  0.53557510080930337     
          21  0.51185090229650065     
          22  0.49899707088264278     
          23  0.49876196101719994     
          24  0.49224404100980479     
          25  0.45868233432265249     
          26  0.45227104886880876     
          27  0.43847854793099261     
          28  0.42269376566185907     
          29  0.40678253748850846     
          30  0.39351554072128830     
          31  0.38287757267517536     
          32  0.39371321120459896     
          33  0.36294371378337398     
          34  0.35694865466192965     
          35  0.36082059219702012     
          36  0.34385451296150232     
          37  0.32907274794250146     
          38  0.32603217714101035     
          39  0.31631810505182728     
          40  0.30368971307800013     
          41  0.29049145250883301     
          42  0.28606359621840693     
          43  0.28175117434442259     
          44  0.27620062197815837     
          45  0.26860439570161632     
          46  0.24854263155220677     
          47  0.24953334953762216     
          48  0.23970008137017557     
          49  0.22684408886565616     
          50  0.22654306511357220     
          51  0.22381294608683636     
          52  0.22055692993495296     
          53  0.21173721820530642     
          54  0.20352995419993827     
          55  0.19491269065632666     
          56  0.18882370752832961     
          57  0.18381688716077135     
          58  0.18033959686067136     
          59  0.17489133012037994     
          60  0.16761113042627027     
          61  0.16361959578542914     
          62  0.16788580415433144     
          63  0.16066617597796096     
          64  0.14695705932034425     
          65  0.14865903648716550     
          66  0.14251476663069024     
          67  0.13906227347932268     
          68  0.13753830978358061     
          69  0.13096284073111744     
          70  0.12836860052312624     
          71  0.12564842275251320     
          72  0.12179247377605915     
          73  0.11817325716575873     
          74  0.11478975694629187     
          75  0.11417227293184275     
          76  0.10912567433892686     
          77  0.10622660245624897     
          78   9.8570395391260224E-002
          79   9.5670753224060406E-002
          80   9.7845038010236418E-002
          81   9.1881069872281840E-002
          82   9.0134103563670465E-002
          83   8.7626091650797114E-002
          84   8.4185405553018441E-002
          85   8.2929348484824417E-002
          86   8.0178968102425238E-002
          87   7.7762382287375822E-002
          88   7.4965376287981708E-002
          89   7.4709333136886005E-002
          90   7.3267596319878198E-002
          91   6.9109759295798878E-002
          92   6.8644960117056009E-002
          93   6.5921543854226244E-002
          94   6.4516946298489100E-002
          95   6.3533974406883215E-002
          96   5.9695374416469257E-002
          97   5.7387500880637134E-002
          98   5.5533116551611895E-002
          99   5.6006878667380168E-002
         100   5.3405910361023420E-002
         101   5.0697122447545838E-002
         102   5.0822701853723951E-002
         103   5.0362261101183817E-002
         104   4.7931378399786652E-002
         105   4.5743815322850934E-002
         106   4.5103641682637155E-002
         107   4.3515233510795497E-002
         108   4.1726024237466686E-002
         109   4.0742513072343431E-002
         110   3.9457108049861384E-002
         111   3.7790255468685134E-002
         112   3.7837378175048945E-002
         113   3.6894275271754221E-002
         114   3.5572983221894332E-002
         115   3.3658811028129232E-002
         116   3.3814631266935208E-002
         117   3.2534284298693386E-002
         118   3.1589468789142067E-002
         119   3.0178878979542325E-002
         120   2.9556337769411065E-002
         121   2.9473893946732117E-002
         122   2.7614295270720502E-002
         123   2.7008574009746603E-002
         124   2.6606735620630862E-002
         125   2.6141624315445155E-002
         126   2.4335925139686250E-002
         127   2.4639843127513668E-002
         128   2.3566037640527383E-002
         129   2.3086654320943815E-002
         130   2.2072839972107131E-002
         131   2.1246174469109504E-002
         132   2.1510525940687912E-002
         133   2.0627738294551275E-002
         134   1.9699230430344043E-002
         135   1.9214960297956236E-002
         136   1.8937640213628065E-002
         137   1.8207424975587951E-002
         138   1.7725223480987869E-002
         139   1.7479074931270329E-002
         140   1.6287165961458891E-002
         141   1.5331139038674451E-002
         142   1.5997663605043014E-002
         143   1.4778967815962805E-002
         144   1.4464871978883293E-002
         145   1.4401927197764045E-002
         146   1.3669426526823318E-002
         147   1.3774799169319158E-002
         148   1.3588063354969959E-002
         149   1.2369163895121068E-002
         150   1.2619947409282338E-002
         151   1.2012310704171076E-002
         152   1.1618957524786729E-002
         153   1.1404612133168542E-002
         154   1.1622997612406705E-002
         155   1.0505504927808825E-002
         156   1.0358383524452449E-002
         157   9.8258014498596915E-003
         158   1.0089310711687534E-002
         159   9.2398984701655973E-003
         160   9.2614862054515579E-003
         161   9.1888117204706170E-003
         162   8.5405953667213822E-003
         163   8.3658645326812990E-003
         164   8.0694144365703654E-003
         165   7.6911712036984384E-003
         166   7.3979867686533411E-003
         167   7.7105680742311708E-003
         168   7.2368508525651213E-003
         169   7.0329551295815335E-003
         170   6.9549731402467670E-003
         171   6.7419595098726923E-003
         172   6.6027706738123080E-003
         173   6.3530599126232525E-003
         174   6.2595165011194061E-003
         175   5.9240417628853769E-003
         176   5.6815169444202210E-003
         177   5.4170420213574188E-003
         178   5.3475142222213059E-003
         179   5.3648973881336472E-003
         180   4.9681269113591615E-003
         181   5.1868020780645955E-003
         182   4.6208868462206147E-003
         183   4.6125158571846620E-003
         184   4.3978597637710382E-003
         185   4.2994674290760797E-003
         186   4.1959221254291267E-003
         187   4.2876679752081367E-003
         188   4.1478148318893175E-003
         189   3.9382171500704820E-003
         190   3.5762726897416853E-003
         191   3.5128440918649889E-003
         192   3.5430103644643212E-003
         193   3.3048746369935800E-003
         194   3.2899449129509691E-003
         195   3.3939851112243691E-003
         196   3.1633480730124197E-003
         197   3.1094583383883762E-003
         198   2.9039216139563327E-003
         199   2.9312749014039283E-003
         200   2.7322492989830926E-003
         201   2.7752124721394070E-003
         202   2.7556813871351957E-003
         203   2.7551997833608417E-003
         204   2.5531375439000283E-003
         205   2.4310217027358112E-003
         206   2.3176744527183941E-003
         207   2.3416596441733152E-003
         208   2.2825569049523854E-003
         209   1.9926292752904216E-003
         210   2.0636630099525131E-003
         211   2.1028091107740130E-003
         212   1.9403117985944281E-003
         213   1.8017459650233119E-003
         214   1.8175495103175171E-003
         215   1.8197235658698576E-003
         216   1.7690189175140055E-003
         217   1.6386790670178399E-003
         218   1.5435029221925398E-003
         219   1.6677006144364963E-003
         220   1.6287760052940720E-003
         221   1.4112740908883144E-003
         222   1.3666329876078928E-003
         223   1.4610459906560982E-003
         224   1.3517104707097868E-003
         225   1.3598884577483280E-003
         226   1.2114837208869003E-003
         227   1.2346983593334361E-003
         228   1.1034789915164724E-003
         229   1.1602620244278009E-003
         230   1.0813476352583647E-003
         231   1.0944819978563674E-003
         232   1.0363773495433077E-003
         233   1.0508446464864206E-003
         234   9.5218815304807353E-004
         235   1.0805210371645970E-003
         236   9.9745001282622531E-004
         237   8.7183036640269657E-004
         238   8.4650266634733707E-004
         239   9.0438906624071942E-004
         240   8.3247704331580004E-004
         241   7.6542185328721635E-004
         242   6.9570324829326257E-004
         243   6.8715884995750065E-004
         244   7.2952053903928065E-004
         245   7.1430374070791710E-004
         246   6.4308354046156582E-004
         247   7.2361142234470433E-004
         248   5.9398549930233906E-004
         249   5.4712122436634399E-004
         250   5.9595533599806586E-004
         251   5.6236763761463473E-004
         252   5.5423167977910624E-004
         253   4.9526199465729163E-004
         254   4.8891479753081679E-004
         255   5.4495787774096107E-004
         256   4.6815649155900716E-004
         257   4.5721926078822785E-004
         258   4.7868699248850477E-004
         259   4.6444134437491699E-004
         260   4.0450236849456917E-004
         261   4.0488865115870514E-004
         262   3.8569383289684036E-004
         263   4.0682913260081313E-004
         264   3.5376482715531268E-004
         265   3.6234869008383878E-004
         266   3.4059102023812162E-004
         267   3.8361083697964948E-004
         268   3.2334232153465628E-004
         269   3.2750657810578474E-004
         270   3.2411399506885685E-004
         271   3.0554953430764491E-004
         272   2.5826810081153878E-004
         273   3.1168016267594693E-004
         274   2.8412722694681904E-004
         275   2.5790363950034089E-004
         276   2.5608322898205542E-004
         277   2.2319344062994472E-004
         278   2.0929936137381323E-004
         279   2.1086486012673056E-004
         280   2.1342849928315152E-004
         281   2.4201300601729421E-004
         282   1.9844068944079244E-004
         283   2.0497947881236228E-004
         284   1.7882441704046212E-004
         285   1.9822576505050492E-004
         286   1.7548907644854972E-004
         287   1.8193562803385342E-004
         288   1.7785288107954845E-004
         289   1.8227458242325278E-004
         290   1.4613134723213446E-004
         291   1.7236298283352896E-004
         292   1.6932146995561677E-004
         293   1.9123310266658502E-004
         294   1.4588250563291432E-004
         295   1.4308510465893770E-004
         296   1.2583562690091982E-004
         297   1.5550571351075822E-004
         298   1.0717014672569143E-004
         299   1.4371816870354236E-004
         300   1.3040540530632767E-004
         301   1.1732592821537532E-004
         302   1.2260496322843168E-004
         303   1.3387201940515188E-004
         304   1.2872893318570248E-004
         305   1.0997403870159542E-004
         306   8.7248457380029483E-005
         307   1.0097653473634810E-004
         308   9.2808395776981510E-005
         309   1.0547123229073791E-004
         310   7.6767000634655433E-005
         311   8.3632238690670705E-005
         312   8.9646122586402674E-005
         313   8.9065366781540458E-005
         314   9.2513017346791538E-005
         315   8.3931047210990427E-005
         316   5.2417222329499202E-005
         317   5.2108784400479001E-005
         318   8.0037595470302590E-005
         319   5.3007729342418155E-005
         320   4.8022982125842108E-005
         321   5.4642305940800149E-005
         322   5.2812859533805542E-005
         323   5.3235998248103747E-005
         324   4.4584838244692766E-005
         325   4.7329816925253749E-005
         326   4.3300950410059967E-005
         327   6.1605321403250575E-005
         328   4.7928232048064736E-005
         329   4.8346745952313958E-005
         330   5.1012657743701259E-005
         331   4.4166376934838584E-005
         332   4.1741306966268423E-005
         333   2.8615759782501287E-005
         334   3.9123469768357404E-005
         335   3.8881250632055741E-005
         336   2.8111760975709810E-005
         337   2.1661738466244607E-005
         338   4.1652616962634647E-005
         339   4.0726592288704447E-005
         340   1.8528057131334178E-005
         341   3.2739394120146674E-005
         342   2.6459894983383162E-005
         343   3.1021172331941516E-005
         344   2.4806409282978859E-005
         345   2.3339362857932511E-005
         346   2.1870021305325531E-005
         347   1.5142088699947766E-005
         348   2.1623314211346330E-005
         349   2.0839736225631039E-005
         350   1.8772775915426737E-005
         351   1.6103952633575182E-005
         352   2.3063211086296130E-005
         353   2.1657858307931384E-005
         354   2.1532434704024628E-005
         355   2.0152658547203961E-005
         356   1.8163368172732341E-005
         357   1.6176894363986616E-005
         358   1.6096464521231152E-005
         359   6.7783855812410108E-006
         360   1.7154012273779780E-005
         361   6.0873758160747793E-006
         362   1.2116615492543578E-005
         363   1.0243042160126808E-005
         364   1.1972634521065884E-005
         365   1.1324235346212513E-005
         366   1.0661777626589418E-005
         367   1.0013465400474722E-005
         368   8.2035763403444822E-006
         369   1.5149737195591401E-005
         370   8.1168616288353950E-006
         371   9.2189984596616333E-006
         372   1.0889028988896395E-005
         373   5.1362131674076457E-006
         374   1.0779493488681573E-005
         375   7.9130647709486672E-006
         376   9.5474840336173054E-006
         377   5.5861679314535876E-006
         378   1.1667160490870304E-005
         379   6.6366231336252629E-006
         380   8.7893424530297804E-006
         381   3.2832062743761934E-006
         382   5.9808730068797990E-006
         383   3.7872526658859502E-006
         384   4.3084298755273061E-006
         385   7.4936736774441680E-006
         386   3.1959150980052466E-006
         387   8.4821354953400771E-006
         388   6.3272217477350149E-006
         389   7.3376805142267493E-006
         390   5.2153260553819738E-006
         391   5.1966486031655625E-006
         392   6.1951983587241672E-006
         393   7.7060873929930875E-006
         394   3.5830907280141606E-006
         395   4.0640013383516338E-006
         396   1.0110844729464883E-006
         397   2.0142688789082513E-006
         398   2.5044329141065879E-006
         399   1.4948421116172571E-006
         400   2.9730609445037573E-006
         401   4.9338073774670625E-007
         402   1.9687927956116746E-006
         403   1.4688422466512038E-006
         404   1.4579278329131833E-006
         405   4.3573344983444097E-006
         406   3.3725163875640322E-006
         407   4.7861159535927642E-007
         408   0.0000000000000000E+000
         409   1.4247476506778899E-006
         410   8.0292746389969934E-006
         411   0.0000000000000000E+000
         412   4.6681335774822797E-007
         413   1.3981434025419932E-006
         414   5.0880464111458872E-006
         415   2.3066717147942323E-006
         416   4.5792172078289133E-007
         417   0.0000000000000000E+000
         418   2.7250590378050175E-006
         419   9.0537532885583226E-007
         420   4.4950627668713261E-007
         421   8.9498242588534646E-007
         422   4.4630615386213920E-007
         423   0.0000000000000000E+000
         424   8.8117536956800636E-007
         425   2.1972257114950820E-006
         426   1.3117429950309208E-006
         427   1.7408579253262710E-006
         428   8.6779571215730089E-007
         429   0.0000000000000000E+000
         430   4.2847011212024046E-007
         431   0.0000000000000000E+000
         432   0.0000000000000000E+000
         433   0.0000000000000000E+000
         434   1.6878413075128825E-006
         435   4.1934300546167085E-007
         436   0.0000000000000000E+000
         437   1.6615520441064555E-006
         438   2.4861079390934645E-006
         439   4.1156868973055907E-007
         440   4.0982463981919589E-007
         441   0.0000000000000000E+000
         442   0.0000000000000000E+000
         443   4.0383873616086544E-007
         444   0.0000000000000000E+000
         445   0.0000000000000000E+000
         446   0.0000000000000000E+000
         447   3.9692109131507923E-007
         448   1.1868024320479285E-006
         449   0.0000000000000000E+000
         450   3.9252628317670812E-007
         451   0.0000000000000000E+000
         452   0.0000000000000000E+000
         453   0.0000000000000000E+000
         454   0.0000000000000000E+000
         455   0.0000000000000000E+000
         456   0.0000000000000000E+000
         457   0.0000000000000000E+000
         458   0.0000000000000000E+000
         459   1.5050717006233877E-006
         460   0.0000000000000000E+000
         461   0.0000000000000000E+000
         462   0.0000000000000000E+000
         463   0.0000000000000000E+000
         464   0.0000000000000000E+000
         465   0.0000000000000000E+000
         466   0.0000000000000000E+000
         467   0.0000000000000000E+000
         468   0.0000000000000000E+000
         469   0.0000000000000000E+000
         470   0.0000000000000000E+000
         471   0.0000000000000000E+000
         472   0.0000000000000000E+000
         473   0.0000000000000000E+000
         474   0.0000000000000000E+000
         475   0.0000000000000000E+000
         476   0.0000000000000000E+000
         477   0.0000000000000000E+000
         478   0.0000000000000000E+000
         479   0.0000000000000000E+000
         480   0.0000000000000000E+000
         481   0.0000000000000000E+000
         482   0.0000000000000000E+000
         483   0.0000000000000000E+000
         484   0.0000000000000000E+000
         485   0.0000000000000000E+000
         486   0.0000000000000000E+000
         487   0.0000000000000000E+000
         488   0.0000000000000000E+000
         489   0.0000000000000000E+000
         490   0.0000000000000000E+000
         491   0.0000000000000000E+000
         492   0.0000000000000000E+000
         493   0.0000000000000000E+000
         494   0.0000000000000000E+000
         495   0.0000000000000000E+000
         496   0.0000000000000000E+000
         497   0.0000000000000000E+000
         498   0.0000000000000000E+000
         499   0.0000000000000000E+000
         500   0.0000000000000000E+000
         501   0.0000000000000000E+000
         502   0.0000000000000000E+000
         503   0.0000000000000000E+000
         504   0.0000000000000000E+000
         505   0.0000000000000000E+000
         506   0.0000000000000000E+000
         507   0.0000000000000000E+000
         508   0.0000000000000000E+000
         509   0.0000000000000000E+000
         510   0.0000000000000000E+000
         511   0.0000000000000000E+000
         512   0.0000000000000000E+000
         513   0.0000000000000000E+000
         514   0.0000000000000000E+000
         515   0.0000000000000000E+000
         516   0.0000000000000000E+000
         517   0.0000000000000000E+000
         518   0.0000000000000000E+000
         519   0.0000000000000000E+000
         520   0.0000000000000000E+000
         521   0.0000000000000000E+000
         522   0.0000000000000000E+000
         523   0.0000000000000000E+000
         524   0.0000000000000000E+000
         525   0.0000000000000000E+000
         526   0.0000000000000000E+000
         527   0.0000000000000000E+000
         528   0.0000000000000000E+000
         529   0.0000000000000000E+000
         530   0.0000000000000000E+000
         531   0.0000000000000000E+000
         532   0.0000000000000000E+000
         533   0.0000000000000000E+000
         534   0.0000000000000000E+000
         535   0.0000000000000000E+000
         536   0.0000000000000000E+000
         537   0.0000000000000000E+000
         538   0.0000000000000000E+000
         539   0.0000000000000000E+000
         540   0.0000000000000000E+000
         541   0.0000000000000000E+000
         542   0.0000000000000000E+000
         543   0.0000000000000000E+000
         544   0.0000000000000000E+000
         545   0.0000000000000000E+000
         546   0.0000000000000000E+000
         547   0.0000000000000000E+000
         548   0.0000000000000000E+000
         549   0.0000000000000000E+000
         550   0.0000000000000000E+000
         551   0.0000000000000000E+000
         552   0.0000000000000000E+000
         553   0.0000000000000000E+000
         554   0.0000000000000000E+000
         555   0.0000000000000000E+000
         556   0.0000000000000000E+000
         557   0.0000000000000000E+000
         558   0.0000000000000000E+000
         559   0.0000000000000000E+000
         560   0.0000000000000000E+000
         561   0.0000000000000000E+000
         562   0.0000000000000000E+000
         563   0.0000000000000000E+000
         564   0.0000000000000000E+000
         565   0.0000000000000000E+000
         566   0.0000000000000000E+000
         567   0.0000000000000000E+000
         568   0.0000000000000000E+000
         569   0.0000000000000000E+000
         570   0.0000000000000000E+000
         571   0.0000000000000000E+000
         572   0.0000000000000000E+000
         573   0.0000000000000000E+000
         574   0.0000000000000000E+000
         575   0.0000000000000000E+000
         576   0.0000000000000000E+000
         577   0.0000000000000000E+000
         578   0.0000000000000000E+000
         579   0.0000000000000000E+000
         580   0.0000000000000000E+000
         581   0.0000000000000000E+000
         582   0.0000000000000000E+000
         583   0.0000000000000000E+000
         584   0.0000000000000000E+000
         585   0.0000000000000000E+000
         586   0.0000000000000000E+000
         587   0.0000000000000000E+000
         588   0.0000000000000000E+000
         589   0.0000000000000000E+000
         590   0.0000000000000000E+000
         591   0.0000000000000000E+000
         592   0.0000000000000000E+000
         593   0.0000000000000000E+000
         594   0.0000000000000000E+000
         595   0.0000000000000000E+000
         596   0.0000000000000000E+000
         597   0.0000000000000000E+000
         598   0.0000000000000000E+000
         599   0.0000000000000000E+000
         600   0.0000000000000000E+000
         601   0.0000000000000000E+000
         602   0.0000000000000000E+000
         603   0.0000000000000000E+000
         604   0.0000000000000000E+000
         605   0.0000000000000000E+000
         606   0.0000000000000000E+000
         607   0.0000000000000000E+000
         608   0.0000000000000000E+000
         609   0.0000000000000000E+000
         610   0.0000000000000000E+000
         611   0.0000000000000000E+000
         612   0.0000000000000000E+000
         613   0.0000000000000000E+000
         614   0.0000000000000000E+000
         615   0.0000000000000000E+000
         616   0.0000000000000000E+000
         617   0.0000000000000000E+000
         618   0.0000000000000000E+000
         619   0.0000000000000000E+000
         620   0.0000000000000000E+000
         621   0.0000000000000000E+000
         622   0.0000000000000000E+000
         623   0.0000000000000000E+000
         624   0.0000000000000000E+000
         625   0.0000000000000000E+000
         626   0.0000000000000000E+000
         627   0.0000000000000000E+000
         628   0.0000000000000000E+000
         629   0.0000000000000000E+000
         630   0.0000000000000000E+000
         631   0.0000000000000000E+000
         632   0.0000000000000000E+000
         633   0.0000000000000000E+000
         634   0.0000000000000000E+000
         635   0.0000000000000000E+000
         636   0.0000000000000000E+000
         637   0.0000000000000000E+000
         638   0.0000000000000000E+000
         639   0.0000000000000000E+000
         640   0.0000000000000000E+000
         641   0.0000000000000000E+000
         642   0.0000000000000000E+000
         643   0.0000000000000000E+000
         644   0.0000000000000000E+000
         645   0.0000000000000000E+000
         646   0.0000000000000000E+000
         647   0.0000000000000000E+000
         648   0.0000000000000000E+000
         649   0.0000000000000000E+000
         650   0.0000000000000000E+000
         651   0.0000000000000000E+000
         652   0.0000000000000000E+000
         653   0.0000000000000000E+000
         654   0.0000000000000000E+000
         655   0.0000000000000000E+000
         656   0.0000000000000000E+000
         657   0.0000000000000000E+000
         658   0.0000000000000000E+000
         659   0.0000000000000000E+000
         660   0.0000000000000000E+000
         661   0.0000000000000000E+000
         662   0.0000000000000000E+000
         663   0.0000000000000000E+000
         664   0.0000000000000000E+000
         665   0.0000000000000000E+000
         666   0.0000000000000000E+000
         667   0.0000000000000000E+000
         668   0.0000000000000000E+000
         669   0.0000000000000000E+000
         670   0.0000000000000000E+000
         671   0.0000000000000000E+000
         672   0.0000000000000000E+000
         673   0.0000000000000000E+000
         674   0.0000000000000000E+000
         675   0.0000000000000000E+000
         676   0.0000000000000000E+000
         677   0.0000000000000000E+000
         678   0.0000000000000000E+000
         679   0.0000000000000000E+000
         680   0.0000000000000000E+000
         681   0.0000000000000000E+000
         682   0.0000000000000000E+000
         683   0.0000000000000000E+000
         684   0.0000000000000000E+000
         685   0.0000000000000000E+000
         686   0.0000000000000000E+000
         687   0.0000000000000000E+000
         688   0.0000000000000000E+000
         689   0.0000000000000000E+000
         690   0.0000000000000000E+000
         691   0.0000000000000000E+000
         692   0.0000000000000000E+000
         693   0.0000000000000000E+000
         694   0.0000000000000000E+000
         695   0.0000000000000000E+000
         696   0.0000000000000000E+000
         697   0.0000000000000000E+000
         698   0.0000000000000000E+000
         699   0.0000000000000000E+000
         700   0.0000000000000000E+000
         701   0.0000000000000000E+000
         702   0.0000000000000000E+000
         703   0.0000000000000000E+000
         704   0.0000000000000000E+000
         705   0.0000000000000000E+000
         706   0.0000000000000000E+000
         707   0.0000000000000000E+000
         708   0.0000000000000000E+000
         709   0.0000000000000000E+000
         710   0.0000000000000000E+000
         711   0.0000000000000000E+000
         712   0.0000000000000000E+000
         713   0.0000000000000000E+000
         714   0.0000000000000000E+000
         715   0.0000000000000000E+000
         716   0.0000000000000000E+000
         717   0.0000000000000000E+000
         718   0.0000000000000000E+000
         719   0.0000000000000000E+000
         720   0.0000000000000000E+000
         721   0.0000000000000000E+000
         722   0.0000000000000000E+000
         723   0.0000000000000000E+000
         724   0.0000000000000000E+000
         725   0.0000000000000000E+000
         726   0.0000000000000000E+000
         727   0.0000000000000000E+000
         728   0.0000000000000000E+000
         729   0.0000000000000000E+000
         730   0.0000000000000000E+000
         731   0.0000000000000000E+000
         732   0.0000000000000000E+000
         733   0.0000000000000000E+000
         734   0.0000000000000000E+000
         735   0.0000000000000000E+000
         736   0.0000000000000000E+000
         737   0.0000000000000000E+000
         738   0.0000000000000000E+000
         739   0.0000000000000000E+000
         740   0.0000000000000000E+000
         741   0.0000000000000000E+000
         742   0.0000000000000000E+000
         743   0.0000000000000000E+000
         744   0.0000000000000000E+000
         745   0.0000000000000000E+000
         746   0.0000000000000000E+000
         747   0.0000000000000000E+000
         748   0.0000000000000000E+000
         749   0.0000000000000000E+000
         750   0.0000000000000000E+000
         751   0.0000000000000000E+000
         752   0.0000000000000000E+000
         753   0.0000000000000000E+000
         754   0.0000000000000000E+000
         755   0.0000000000000000E+000
         756   0.0000000000000000E+000
         757   0.0000000000000000E+000
         758   0.0000000000000000E+000
         759   0.0000000000000000E+000
         760   0.0000000000000000E+000
         761   0.0000000000000000E+000
         762   0.0000000000000000E+000
         763   0.0000000000000000E+000
         764   0.0000000000000000E+000
         765   0.0000000000000000E+000
         766   0.0000000000000000E+000
         767   0.0000000000000000E+000
         768   0.0000000000000000E+000
         769   0.0000000000000000E+000
         770   0.0000000000000000E+000
         771   0.0000000000000000E+000
         772   0.0000000000000000E+000
         773   0.0000000000000000E+000
         774   0.0000000000000000E+000
         775   0.0000000000000000E+000
         776   0.0000000000000000E+000
         777   0.0000000000000000E+000
         778   0.0000000000000000E+000
         779   0.0000000000000000E+000
         780   0.0000000000000000E+000
         781   0.0000000000000000E+000
         782   0.0000000000000000E+000
         783   0.0000000000000000E+000
         784   0.0000000000000000E+000
         785   0.0000000000000000E+000
         786   0.0000000000000000E+000
         787   0.0000000000000000E+000
         788   0.0000000000000000E+000
         789   0.0000000000000000E+000
         790   0.0000000000000000E+000
         791   0.0000000000000000E+000
         792   0.0000000000000000E+000
         793   0.0000000000000000E+000
         794   0.0000000000000000E+000
         795   0.0000000000000000E+000
         796   0.0000000000000000E+000
         797   0.0000000000000000E+000
         798   0.0000000000000000E+000
         799   0.0000000000000000E+000
         800   0.0000000000000000E+000
         801   0.0000000000000000E+000
         802   0.0000000000000000E+000
         803   0.0000000000000000E+000
         804   0.0000000000000000E+000
         805   0.0000000000000000E+000
         806   0.0000000000000000E+000
         807   0.0000000000000000E+000
         808   0.0000000000000000E+000
         809   0.0000000000000000E+000
         810   0.0000000000000000E+000
         811   0.0000000000000000E+000
         812   0.0000000000000000E+000
         813   0.0000000000000000E+000
         814   0.0000000000000000E+000
         815   0.0000000000000000E+000
         816   0.0000000000000000E+000
         817   0.0000000000000000E+000
         818   0.0000000000000000E+000
         819   0.0000000000000000E+000
         820   0.0000000000000000E+000
         821   0.0000000000000000E+000
         822   0.0000000000000000E+000
         823   0.0000000000000000E+000
         824   0.0000000000000000E+000
         825   0.0000000000000000E+000
         826   0.0000000000000000E+000
         827   0.0000000000000000E+000
         828   0.0000000000000000E+000
         829   0.0000000000000000E+000
         830   0.0000000000000000E+000
         831   0.0000000000000000E+000
         832   0.0000000000000000E+000
         833   0.0000000000000000E+000
         834   0.0000000000000000E+000
         835   0.0000000000000000E+000
         836   0.0000000000000000E+000
         837   0.0000000000000000E+000
         838   0.0000000000000000E+000
         839   0.0000000000000000E+000
         840   0.0000000000000000E+000
         841   0.0000000000000000E+000
         842   0.0000000000000000E+000
         843   0.0000000000000000E+000
         844   0.0000000000000000E+000
         845   0.0000000000000000E+000
         846   0.0000000000000000E+000
         847   0.0000000000000000E+000
         848   0.0000000000000000E+000
         849   0.0000000000000000E+000
         850   0.0000000000000000E+000
         851   0.0000000000000000E+000
         852   0.0000000000000000E+000
         853   0.0000000000000000E+000
         854   0.0000000000000000E+000
         855   0.0000000000000000E+000
         856   0.0000000000000000E+000
         857   0.0000000000000000E+000
         858   0.0000000000000000E+000
         859   0.0000000000000000E+000
         860   0.0000000000000000E+000
         861   0.0000000000000000E+000
         862   0.0000000000000000E+000
         863   0.0000000000000000E+000
         864   0.0000000000000000E+000
         865   0.0000000000000000E+000
         866   0.0000000000000000E+000
         867   0.0000000000000000E+000
         868   0.0000000000000000E+000
         869   0.0000000000000000E+000
         870   0.0000000000000000E+000
         871   0.0000000000000000E+000
         872   0.0000000000000000E+000
         873   0.0000000000000000E+000
         874   0.0000000000000000E+000
         875   0.0000000000000000E+000
         876   0.0000000000000000E+000
         877   0.0000000000000000E+000
         878   0.0000000000000000E+000
         879   0.0000000000000000E+000
         880   0.0000000000000000E+000
         881   0.0000000000000000E+000
         882   0.0000000000000000E+000
         883   0.0000000000000000E+000
         884   0.0000000000000000E+000
         885   0.0000000000000000E+000
         886   0.0000000000000000E+000
         887   0.0000000000000000E+000
         888   0.0000000000000000E+000
         889   0.0000000000000000E+000
         890   0.0000000000000000E+000
         891   0.0000000000000000E+000
         892   0.0000000000000000E+000
         893   0.0000000000000000E+000
         894   0.0000000000000000E+000
         895   0.0000000000000000E+000
         896   0.0000000000000000E+000
         897   0.0000000000000000E+000
         898   0.0000000000000000E+000
         899   0.0000000000000000E+000
         900   0.0000000000000000E+000
         901   0.0000000000000000E+000
         902   0.0000000000000000E+000
         903   0.0000000000000000E+000
         904   0.0000000000000000E+000
         905   0.0000000000000000E+000
         906   0.0000000000000000E+000
         907   0.0000000000000000E+000
         908   0.0000000000000000E+000
         909   0.0000000000000000E+000
         910   0.0000000000000000E+000
         911   0.0000000000000000E+000
         912   0.0000000000000000E+000
         913   0.0000000000000000E+000
         914   0.0000000000000000E+000
         915   0.0000000000000000E+000
         916   0.0000000000000000E+000
         917   0.0000000000000000E+000
         918   0.0000000000000000E+000
         919   0.0000000000000000E+000
         920   0.0000000000000000E+000
         921   0.0000000000000000E+000
         922   0.0000000000000000E+000
         923   0.0000000000000000E+000
         924   0.0000000000000000E+000
         925   0.0000000000000000E+000
         926   0.0000000000000000E+000
         927   0.0000000000000000E+000
         928   0.0000000000000000E+000
         929   0.0000000000000000E+000
         930   0.0000000000000000E+000
         931   0.0000000000000000E+000
         932   0.0000000000000000E+000
         933   0.0000000000000000E+000
         934   0.0000000000000000E+000
         935   0.0000000000000000E+000
         936   0.0000000000000000E+000
         937   0.0000000000000000E+000
         938   0.0000000000000000E+000
         939   0.0000000000000000E+000
         940   0.0000000000000000E+000
         941   0.0000000000000000E+000
         942   0.0000000000000000E+000
         943   0.0000000000000000E+000
         944   0.0000000000000000E+000
         945   0.0000000000000000E+000
         946   0.0000000000000000E+000
         947   0.0000000000000000E+000
         948   0.0000000000000000E+000
         949   0.0000000000000000E+000
         950   0.0000000000000000E+000
         951   0.0000000000000000E+000
         952   0.0000000000000000E+000
         953   0.0000000000000000E+000
         954   0.0000000000000000E+000
         955   0.0000000000000000E+000
         956   0.0000000000000000E+000
         957   0.0000000000000000E+000
         958   0.0000000000000000E+000
         959   0.0000000000000000E+000
         960   0.0000000000000000E+000
         961   0.0000000000000000E+000
         962   0.0000000000000000E+000
         963   0.0000000000000000E+000
         964   0.0000000000000000E+000
         965   0.0000000000000000E+000
         966   0.0000000000000000E+000
         967   0.0000000000000000E+000
         968   0.0000000000000000E+000
         969   0.0000000000000000E+000
         970   0.0000000000000000E+000
         971   0.0000000000000000E+000
         972   0.0000000000000000E+000
         973   0.0000000000000000E+000
         974   0.0000000000000000E+000
         975   0.0000000000000000E+000
         976   0.0000000000000000E+000
         977   0.0000000000000000E+000
         978   0.0000000000000000E+000
         979   0.0000000000000000E+000
         980   0.0000000000000000E+000
         981   0.0000000000000000E+000
         982   0.0000000000000000E+000
         983   0.0000000000000000E+000
         984   0.0000000000000000E+000
         985   0.0000000000000000E+000
         986   0.0000000000000000E+000
         987   0.0000000000000000E+000
         988   0.0000000000000000E+000
         989   0.0000000000000000E+000
         990   0.0000000000000000E+000
         991   0.0000000000000000E+000
         992   0.0000000000000000E+000
         993   0.0000000000000000E+000
         994   0.0000000000000000E+000
         995   0.0000000000000000E+000
         996   0.0000000000000000E+000
         997   0.0000000000000000E+000
         998   0.0000000000000000E+000
         999   0.0000000000000000E+000
        1000   0.0000000000000000E+000
