           1  0.58095492252632785     
           2  0.46523268584468425     
           3  0.27474178606573829     
           4  0.32431714001705109     
           5  0.31960277002657267     
           6  0.36252389895300036     
           7  0.28643886282427727     
           8  0.25571514469176237     
           9  0.31005754349674891     
          10  0.32168047544095224     
          11  0.28064920593544412     
          12  0.27566399680891018     
          13  0.27825065832959339     
          14  0.26503239245216920     
          15  0.27771348573371030     
          16  0.26078192721805649     
          17  0.26895756393804626     
          18  0.24773392518510373     
          19  0.24623378391866424     
          20  0.24241333585935756     
          21  0.23510021661086755     
          22  0.23367953281577475     
          23  0.22140152949960601     
          24  0.22412244514927757     
          25  0.22313767250696184     
          26  0.21896221815426559     
          27  0.20847770433294840     
          28  0.19814356235863306     
          29  0.20377925261054750     
          30  0.18872126379419848     
          31  0.19757677833919521     
          32  0.19061183637913123     
          33  0.17747377405738457     
          34  0.17735286485178722     
          35  0.17204385859533791     
          36  0.17407854423718250     
          37  0.17269061013616632     
          38  0.16958035598688850     
          39  0.16552419909499114     
          40  0.15422740208364669     
          41  0.16304631436388886     
          42  0.15573463911530155     
          43  0.15019373251676379     
          44  0.15312738335641243     
          45  0.14348517205117817     
          46  0.14266941226032598     
          47  0.13798638784587355     
          48  0.14217659814548247     
          49  0.13802381228679114     
          50  0.13145545295120054     
          51  0.12534554689419442     
          52  0.12848392577519396     
          53  0.12582782313979418     
          54  0.12295393687211748     
          55  0.12165605916425515     
          56  0.11421648380349632     
          57  0.11595557491857733     
          58  0.11496414547496456     
          59  0.11203964174906497     
          60  0.10760096378380907     
          61  0.10681000994950124     
          62  0.10375887069088620     
          63  0.10547313803683249     
          64  0.10030013508502732     
          65  0.10040887917366541     
          66   9.6661888763484680E-002
          67   9.4896953560538622E-002
          68   9.1258274682914586E-002
          69   9.1908546994535975E-002
          70   8.6665746148404055E-002
          71   8.5465244214421490E-002
          72   8.4153864596682171E-002
          73   8.4871258993021309E-002
          74   8.1321616612714018E-002
          75   7.7907705878457578E-002
          76   7.7534220292322681E-002
          77   7.5553392089611190E-002
          78   7.4561182922477806E-002
          79   7.1817189878202500E-002
          80   7.1007189076441712E-002
          81   7.1274200877370825E-002
          82   7.0747775086679551E-002
          83   6.7355199494425769E-002
          84   6.5760279746775299E-002
          85   6.6078296243957127E-002
          86   6.4063996240213680E-002
          87   6.1584554776810845E-002
          88   6.0967929086115459E-002
          89   5.7947505720274899E-002
          90   5.7534385413540619E-002
          91   5.6836331688814537E-002
          92   5.7293507459113296E-002
          93   5.6448793092323965E-002
          94   5.3160353233429124E-002
          95   5.2072710170550734E-002
          96   5.3022503280998889E-002
          97   4.9434784009279691E-002
          98   4.8569781781896623E-002
          99   4.8972141945085236E-002
         100   4.7382712671840813E-002
         101   4.5538255575722754E-002
         102   4.5502035879405163E-002
         103   4.5687280003208146E-002
         104   4.3587563614901507E-002
         105   4.2528414688771186E-002
         106   4.2721234293694739E-002
         107   4.0878816132931678E-002
         108   3.9530666414206092E-002
         109   3.8363670179550967E-002
         110   3.8691509778782454E-002
         111   3.7042236551960317E-002
         112   3.6021743715519451E-002
         113   3.5985769436254852E-002
         114   3.6144863136368173E-002
         115   3.2978329963037380E-002
         116   3.3274306533778657E-002
         117   3.2718881170602211E-002
         118   3.1628626579060036E-002
         119   3.1903390373366522E-002
         120   3.1012050907156051E-002
         121   2.9377460015948043E-002
         122   2.9909372650700150E-002
         123   2.8390989469358401E-002
         124   2.8538957807232840E-002
         125   2.7568338533541587E-002
         126   2.7161399180314010E-002
         127   2.7045064094879792E-002
         128   2.6681641835061179E-002
         129   2.5819132063379463E-002
         130   2.5437055548736008E-002
         131   2.5166367869135099E-002
         132   2.3619236941549191E-002
         133   2.3266223986902011E-002
         134   2.2841171829624238E-002
         135   2.2094739076394126E-002
         136   2.1774290312417118E-002
         137   2.1500938248783380E-002
         138   2.0784457436641979E-002
         139   2.0857379950169130E-002
         140   2.0040910387615102E-002
         141   1.9858060064829677E-002
         142   1.9137059615118659E-002
         143   1.9120419917602209E-002
         144   1.8273304138514388E-002
         145   1.8148869217931202E-002
         146   1.7099863473084228E-002
         147   1.7619401484116080E-002
         148   1.6807406057551637E-002
         149   1.6805467141509121E-002
         150   1.6395386805019410E-002
         151   1.6145095555010907E-002
         152   1.5699610587567778E-002
         153   1.5259949570177303E-002
         154   1.5025638115887861E-002
         155   1.4482414410624785E-002
         156   1.4419807533137595E-002
         157   1.3663664786415231E-002
         158   1.3651128143952359E-002
         159   1.2938547921945003E-002
         160   1.3366627776906182E-002
         161   1.3065860155674663E-002
         162   1.2608155355988729E-002
         163   1.2235925740045743E-002
         164   1.1625583268220932E-002
         165   1.1772239812113597E-002
         166   1.1859081989944722E-002
         167   1.1608010320748187E-002
         168   1.1221275475457036E-002
         169   1.0807684815970765E-002
         170   1.0924326675657089E-002
         171   1.0839377462489355E-002
         172   1.0158095116090646E-002
         173   9.6997939977263407E-003
         174   9.7525194168001181E-003
         175   9.1727108450349315E-003
         176   9.2832761811856984E-003
         177   9.2395247694938461E-003
         178   8.8456375492155705E-003
         179   8.8100555928182032E-003
         180   8.3586410304614684E-003
         181   8.5841171510234234E-003
         182   8.1119553438911956E-003
         183   7.8265960125260218E-003
         184   7.9250036939351783E-003
         185   7.5776037496929367E-003
         186   7.5587928269187149E-003
         187   7.3684872697449312E-003
         188   7.0824538402269703E-003
         189   7.0424747530727526E-003
         190   6.8355259505387929E-003
         191   6.7804772317645876E-003
         192   6.5467745529639958E-003
         193   6.4233660936199354E-003
         194   6.2242462078221927E-003
         195   6.0814026499614402E-003
         196   5.9993580314555098E-003
         197   6.0978325714523291E-003
         198   5.8268236127675035E-003
         199   5.7403399168947759E-003
         200   5.3529617039741895E-003
         201   5.5397128552416037E-003
         202   5.3935457745695834E-003
         203   4.6889439177257037E-003
         204   5.2389677138308154E-003
         205   4.9113268697375785E-003
         206   4.8721060993686047E-003
         207   4.6519354046550632E-003
         208   4.5748473161729376E-003
         209   4.4282938636018600E-003
         210   4.2857279054434360E-003
         211   4.2557365839906046E-003
         212   4.3580215614338101E-003
         213   3.8181059628861801E-003
         214   3.8813350543814144E-003
         215   3.9427661300274700E-003
         216   3.9815813823906249E-003
         217   3.9147591839753066E-003
         218   3.6635470695972308E-003
         219   3.6494807489116316E-003
         220   3.3569281171589318E-003
         221   3.3642362651290689E-003
         222   3.3303728950977488E-003
         223   3.1003049517511747E-003
         224   3.1811994685475992E-003
         225   3.1640736645177866E-003
         226   3.0322941410782711E-003
         227   3.1147415890535714E-003
         228   2.9783397554031662E-003
         229   2.8375260068923946E-003
         230   2.7591259374267463E-003
         231   2.7337105474025307E-003
         232   2.7147615941594491E-003
         233   2.7744750155088232E-003
         234   2.6295864013207160E-003
         235   2.4832442368645626E-003
         236   2.3291206600609361E-003
         237   2.4082995036094901E-003
         238   2.3417873167131493E-003
         239   2.2389742568271662E-003
         240   2.2827028058790815E-003
         241   2.1820657977007279E-003
         242   2.0337688983382667E-003
         243   1.9235648852067079E-003
         244   2.0897903022718367E-003
         245   1.9119017384255359E-003
         246   1.9473957580010942E-003
         247   1.8877137235968448E-003
         248   1.7604027311577050E-003
         249   1.9532360432624259E-003
         250   1.7565777903949230E-003
         251   1.7336645421933098E-003
         252   1.6911907661811682E-003
         253   1.6209685053920680E-003
         254   1.5606116537474639E-003
         255   1.6043231857160104E-003
         256   1.5675152773859907E-003
         257   1.4810550976110503E-003
         258   1.3993126686242749E-003
         259   1.3472828256949597E-003
         260   1.4576996243847492E-003
         261   1.3814759844692809E-003
         262   1.3627382842188237E-003
         263   1.2779993459781931E-003
         264   1.1876221922367586E-003
         265   1.2070081241958299E-003
         266   1.1968682118241451E-003
         267   1.1844678397519147E-003
         268   1.1072462061437118E-003
         269   1.0880173753036061E-003
         270   1.0483624220783891E-003
         271   9.7262989991107093E-004
         272   1.0214202242632151E-003
         273   1.0267875478724760E-003
         274   9.9168833751187555E-004
         275   9.8337850084960162E-004
         276   9.6056117343040520E-004
         277   9.2280099767182481E-004
         278   8.6797982404765819E-004
         279   9.5451461863738487E-004
         280   8.3333609726104390E-004
         281   7.3509569231669926E-004
         282   7.6865493306363679E-004
         283   8.0205123417862812E-004
         284   7.5797519093515639E-004
         285   7.3326436723929818E-004
         286   7.4466291569502566E-004
         287   7.0767677938227548E-004
         288   7.0088106853024841E-004
         289   6.4863833465747577E-004
         290   6.5157669403809453E-004
         291   6.4804847536028035E-004
         292   6.2882124090031500E-004
         293   6.5320780155563246E-004
         294   5.6808409927557057E-004
         295   5.6404895696299511E-004
         296   5.7387024309066466E-004
         297   5.1162092202541485E-004
         298   5.5287140394543063E-004
         299   4.9847513668257548E-004
         300   4.5029742528708880E-004
         301   4.9724341475763413E-004
         302   4.4703310404943649E-004
         303   4.5709434608833747E-004
         304   4.9181358420761242E-004
         305   4.5876059252888057E-004
         306   4.3542539898506528E-004
         307   4.1898721056361587E-004
         308   4.2893463817867176E-004
         309   3.5636509926053109E-004
         310   3.8622443192226803E-004
         311   3.4770087361280926E-004
         312   3.6746730476108162E-004
         313   3.3604125462444564E-004
         314   3.5231781170425383E-004
         315   3.7645938672239661E-004
         316   3.3449831184731785E-004
         317   3.3705502517971417E-004
         318   3.2321420335846022E-004
         319   2.8061695687931463E-004
         320   3.2612209742375085E-004
         321   2.5713680907530359E-004
         322   2.9158889405630909E-004
         323   2.8290255019066220E-004
         324   2.9545970172862760E-004
         325   2.5238390600121346E-004
         326   2.3070706613438565E-004
         327   2.5746619078272987E-004
         328   2.3079547384702740E-004
         329   2.4775742596449700E-004
         330   2.1422756132342158E-004
         331   2.4334711697153848E-004
         332   1.7780146963791870E-004
         333   2.1387645747433502E-004
         334   1.9201854951584929E-004
         335   1.7319894503328110E-004
         336   1.9678251302574810E-004
         337   1.9417662210116459E-004
         338   2.0553803026265085E-004
         339   1.5600960137151896E-004
         340   1.5853738290213322E-004
         341   1.6305514547136955E-004
         342   1.5399797781751346E-004
         343   1.6726498393549425E-004
         344   1.5490243132001768E-004
         345   1.3801468090953698E-004
         346   1.5712226555009942E-004
         347   1.5943591054851263E-004
         348   1.2516815423165926E-004
         349   1.2314806718359862E-004
         350   1.4964639200864511E-004
         351   1.4104468331186152E-004
         352   1.2425430073145533E-004
         353   1.2861687812203983E-004
         354   1.1461840491050175E-004
         355   9.9449364836633685E-005
         356   1.0080321525000793E-004
         357   1.2015702910415293E-004
         358   1.0338563101436889E-004
         359   9.9153874398564152E-005
         360   1.0346523871953688E-004
         361   9.9846184444787479E-005
         362   9.1450713359776022E-005
         363   8.3709222874759034E-005
         364   9.5253408333270873E-005
         365   7.5033402070287977E-005
         366   8.1174427476596634E-005
         367   8.8984375555334566E-005
         368   7.6764807055052100E-005
         369   7.6367628047265367E-005
         370   6.9025534972470359E-005
         371   6.1136641008579013E-005
         372   6.3650873152089994E-005
         373   4.1074488940337138E-005
         374   6.4104216564370950E-005
         375   5.1381186832697745E-005
         376   5.5020630806512499E-005
         377   5.6397770385366701E-005
         378   4.9438516158537871E-005
         379   5.5791585658531018E-005
         380   5.9915423392414056E-005
         381   5.5213793663160516E-005
         382   4.5698015395990277E-005
         383   5.4109166469506670E-005
         384   5.5452365079041735E-005
         385   4.0692495488907671E-005
         386   3.1446866359388076E-005
         387   4.6094795654655635E-005
         388   4.7977300450371693E-005
         389   3.7772174830227515E-005
         390   2.6614022176391050E-005
         391   2.8553195676431373E-005
         392   3.5119026779744729E-005
         393   2.7252531384015639E-005
         394   2.9149036932008990E-005
         395   3.4586501762233078E-005
         396   2.7844224796530399E-005
         397   2.5689250936525205E-005
         398   2.2050280527178446E-005
         399   2.7939884592383187E-005
         400   2.5794063373727453E-005
         401   2.2212526829964768E-005
         402   2.7015229495228639E-005
         403   2.5905517534316265E-005
         404   1.9936784054551099E-005
         405   2.1295838564116910E-005
         406   1.8786063998488511E-005
         407   2.0131789668670925E-005
         408   1.6699146580469964E-005
         409   1.3285026017314583E-005
         410   1.9818006135019127E-005
         411   1.7865092532137689E-005
         412   1.3556876093538824E-005
         413   1.1638267478701422E-005
         414   1.5747192862032659E-005
         415   1.6132307488242077E-005
         416   1.1008097215683680E-005
         417   1.2325562725289858E-005
         418   2.1356769493777156E-005
         419   1.4474188525903506E-005
         420   9.4509510310406006E-006
         421   8.5128824996713477E-006
         422   1.4714244774701371E-005
         423   1.5078422346055815E-005
         424   1.3697769940409063E-005
         425   7.4700933169546381E-006
         426   9.6240557059033196E-006
         427   9.1377795215476336E-006
         428   5.1977916723653828E-006
         429   8.1949517652964646E-006
         430   9.0187456511513523E-006
         431   7.2692551020794712E-006
         432   3.4017755054815655E-006
         433   8.8905615213699168E-006
         434   4.2113730332883062E-006
         435   3.7737295882867695E-006
         436   1.2522581308339317E-006
         437   4.9916537415002863E-006
         438   3.7245844068466690E-006
         439   7.4183718933504467E-006
         440   8.2014189257561650E-007
         441   4.0824193519417978E-006
         442   6.1011053830855008E-006
         443   1.2150353651840082E-006
         444   2.0153453491465795E-006
         445   2.8090333244503728E-006
         446   7.9778267180789653E-006
         447   3.1791339207039174E-006
         448   3.9520290975398188E-006
         449   1.9691789835316244E-006
         450   3.1388582319538768E-006
         451   0.0000000000000000E+000
         452   1.5570879933620429E-006
         453   3.8744280143635461E-007
         454   1.1561708715550058E-006
         455   3.8297520906807328E-007
         456   3.0558095105528012E-006
         457   2.6604722398233838E-006
         458   1.8929726207195876E-006
         459   1.1301401754179389E-006
         460   3.7452405748141366E-007
         461   0.0000000000000000E+000
         462   2.2324662882164249E-006
         463   1.8505069775631400E-006
         464   3.6958902243267583E-007
         465   3.6753453824560436E-007
         466   1.8264920150306386E-006
         467   7.2808064838808790E-007
         468   3.6242631234429132E-007
         469   3.6152092744616126E-007
         470   0.0000000000000000E+000
         471   0.0000000000000000E+000
         472   0.0000000000000000E+000
         473   3.5451458228135678E-007
         474   3.5404522175218548E-007
         475   0.0000000000000000E+000
         476   3.5004176702471174E-007
         477   3.4891050864075772E-007
         478   1.0415272351722521E-006
         479   0.0000000000000000E+000
         480   0.0000000000000000E+000
         481   0.0000000000000000E+000
         482   0.0000000000000000E+000
         483   0.0000000000000000E+000
         484   0.0000000000000000E+000
         485   0.0000000000000000E+000
         486   0.0000000000000000E+000
         487   0.0000000000000000E+000
         488   0.0000000000000000E+000
         489   0.0000000000000000E+000
         490   0.0000000000000000E+000
         491   0.0000000000000000E+000
         492   0.0000000000000000E+000
         493   0.0000000000000000E+000
         494   0.0000000000000000E+000
         495   0.0000000000000000E+000
         496   0.0000000000000000E+000
         497   0.0000000000000000E+000
         498   0.0000000000000000E+000
         499   0.0000000000000000E+000
         500   0.0000000000000000E+000
         501   0.0000000000000000E+000
         502   0.0000000000000000E+000
         503   0.0000000000000000E+000
         504   0.0000000000000000E+000
         505   0.0000000000000000E+000
         506   0.0000000000000000E+000
         507   0.0000000000000000E+000
         508   0.0000000000000000E+000
         509   0.0000000000000000E+000
         510   0.0000000000000000E+000
         511   0.0000000000000000E+000
         512   0.0000000000000000E+000
         513   3.0195518739133435E-007
         514   0.0000000000000000E+000
         515   0.0000000000000000E+000
         516   0.0000000000000000E+000
         517   0.0000000000000000E+000
         518   0.0000000000000000E+000
         519   0.0000000000000000E+000
         520   0.0000000000000000E+000
         521   8.7837001629526828E-007
         522   0.0000000000000000E+000
         523   0.0000000000000000E+000
         524   0.0000000000000000E+000
         525   5.7689030175630207E-007
         526   0.0000000000000000E+000
         527   2.8602637582556676E-007
         528   2.8515320486036965E-007
         529   2.8398184641881089E-007
         530   5.6557937512664654E-007
         531   5.6313978884524081E-007
         532   0.0000000000000000E+000
         533   0.0000000000000000E+000
         534   1.1145000440376348E-006
         535   0.0000000000000000E+000
         536   0.0000000000000000E+000
         537   1.3777976394669864E-006
         538   0.0000000000000000E+000
         539   2.7365185197836076E-007
         540   2.7215274085889787E-007
         541   8.1408320402932822E-007
         542   5.4064959501889993E-007
         543   8.0782104968049625E-007
         544   1.3427977303072204E-006
         545   2.6743363169891229E-007
         546   1.0661172289946317E-006
         547   5.3175145711352351E-007
         548   1.5888759800360576E-006
         549   2.6381226238120292E-007
         550   7.8686806407555960E-007
         551   5.2326947657296194E-007
         552   2.6058118587005555E-007
         553   5.1917209925025361E-007
         554   2.5888680528356747E-006
         555   5.1662074230137625E-007
         556   2.5738458604468645E-007
         557   2.0479170798275615E-006
         558   7.6590678069906071E-007
         559   0.0000000000000000E+000
         560   1.0146372806338552E-006
         561   5.0450272651840379E-007
         562   1.0058002197859979E-006
         563   7.5203552602979637E-007
         564   4.9895442728018206E-007
         565   0.0000000000000000E+000
         566   1.4873957358453484E-006
         567   1.2353680938736394E-006
         568   0.0000000000000000E+000
         569   7.3553708833466161E-007
         570   1.4664067572356546E-006
         571   7.3113034542242469E-007
         572   1.2150544925665082E-006
         573   4.8357037735407335E-007
         574   7.2270795362455850E-007
         575   1.2022206590501636E-006
         576   7.1858749062207871E-007
         577   1.1927483044971625E-006
         578   2.1406139192430168E-006
         579   7.1105940198342967E-007
         580   7.0870755869159772E-007
         581   1.1760672250177522E-006
         582   9.3859167293209884E-007
         583   1.1694128604147631E-006
         584   1.3983461836359300E-006
         585   9.2886271073800028E-007
         586   1.6203116692305465E-006
         587   4.6145942475841094E-007
         588   9.1839679276314278E-007
         589   1.6014746031480746E-006
         590   1.3693593101543215E-006
         591   1.1379430055456014E-006
         592   6.7999410705985152E-007
         593   6.7779907885165747E-007
         594   1.3512356209834833E-006
         595   2.2442368787906136E-007
         596   6.7050980705045402E-007
         597   1.7838897467200647E-006
         598   1.7764698355286335E-006
         599   1.3291292750282180E-006
         600   2.2091304937552502E-007
         601   1.7593184590464798E-006
         602   1.3153009609375922E-006
         603   6.5587511325783003E-007
         604   1.5235283438656809E-006
         605   1.0850627701836097E-006
         606   8.6577008548984936E-007
         607   6.4728377611999667E-007
         608   1.0739793335467499E-006
         609   1.5001579960962341E-006
         610   1.4942620640621795E-006
         611   4.2543793785022543E-007
         612   1.0613008705700151E-006
         613   1.2690640217471719E-006
         614   1.2650911751205690E-006
         615   1.2603778858798654E-006
         616   1.4654890389374230E-006
         617   1.8793477879716122E-006
         618   1.6646101999417100E-006
         619   1.6585564460851381E-006
         620   1.0331962904335623E-006
         621   8.2386573214247661E-007
         622   1.2325197438382399E-006
         623   1.2280021167609481E-006
         624   2.0410303749045404E-006
         625   1.2208971155126852E-006
         626   6.0827078131541755E-007
         627   2.2236276008028618E-006
         628   6.0406617437662915E-007
         629   1.4059992976574706E-006
         630   6.0079664431477664E-007
         631   1.9941408748898267E-006
         632   1.1938336797252311E-006
         633   5.9507144145292110E-007
         634   1.9772523043131662E-006
         635   1.1826417041752388E-006
         636   1.1784442257974722E-006
         637   2.9374163217277206E-006
         638   9.7696490189664787E-007
         639   9.7243211866839353E-007
         640   9.6957852689919305E-007
         641   1.9327293887946285E-007
         642   1.9288958296786088E-006
         643   5.7610720179522243E-007
         644   1.1497036136970315E-006
         645   1.7190648534396849E-006
         646   5.7153512340921621E-007
         647   9.4928414644705059E-007
         648   1.8920067115592102E-006
         649   1.3200157814605964E-006
         650   5.6383644544755958E-007
         651   9.3743262942288787E-007
         652   1.3086261278120474E-006
         653   1.3040747893331993E-006
         654   1.8585174508475160E-006
         655   2.2228536898445244E-006
         656   1.2925015570120653E-006
         657   1.6562353578158202E-006
         658   1.4684547402715875E-006
         659   1.0970714077078146E-006
         660   7.2928477965966608E-007
         661   1.0910759917994603E-006
         662   1.0874073766449570E-006
         663   1.0839864515339033E-006
         664   1.2607959306913016E-006
         665   1.6169744383133767E-006
         666   1.4331031691016139E-006
         667   1.0714171004043776E-006
         668   7.1268061558765130E-007
         669   1.5985936831583862E-006
         670   1.4160027285931245E-006
         671   7.0545666038070359E-007
         672   7.0353029409317490E-007
         673   8.7777216706422482E-007
         674   3.4944476599744266E-007
         675   5.2337283790029160E-007
         676   1.0426649991293588E-006
         677   1.3869639290231714E-006
         678   8.6428653028855509E-007
         679   0.0000000000000000E+000
         680   1.2032295589519234E-006
         681   6.8519294321097869E-007
         682   1.5370805737642069E-006
         683   1.7054289283735263E-007
         684   3.3991447391149316E-007
         685   5.0838076029855239E-007
         686   3.3748844320789063E-007
         687   1.0102288779457548E-006
         688   5.0325899695451892E-007
         689   3.3482834110264859E-007
         690   8.3433157188842063E-007
         691   8.3187494017676611E-007
         692   6.6423142192758862E-007
         693   1.9863351169559371E-006
         694   8.2446269672397452E-007
         695   1.3159332476318065E-006
         696   8.1993668073791885E-007
         697   9.8144088044618932E-007
         698   1.1414952317958522E-006
         699   1.1392973976126613E-006
         700   4.8639189030510966E-007
         701   6.4705733702831700E-007
         702   6.4450434348013757E-007
         703   6.4309779311360159E-007
         704   1.2829645592152414E-006
         705   1.1192308009169936E-006
         706   4.7818019577905895E-007
         707   0.0000000000000000E+000
         708   3.1710921902071418E-007
         709   0.0000000000000000E+000
         710   9.4545433700416713E-007
         711   9.4265243526332987E-007
         712   6.2719048893539512E-007
         713   6.2551882614431809E-007
         714   3.1211764458090292E-007
         715   7.7721641718115737E-007
         716   6.1978269921817854E-007
         717   1.5476041598661523E-007
         718   6.1670059612927099E-007
         719   3.0740524273123547E-007
         720   1.5326072824491680E-007
         721   6.1162994453542942E-007
         722   0.0000000000000000E+000
         723   9.1236468220466300E-007
         724   3.0341436135688508E-007
         725   9.0735106533086963E-007
         726   4.5232222569926629E-007
         727   3.0071208670086841E-007
         728   4.4944049281978513E-007
         729   1.0472525583075972E-006
         730   5.9624479328562996E-007
         731   4.4621431826982797E-007
         732   1.4831313693785889E-007
         733   1.0347757636336161E-006
         734   4.4232989073419380E-007
         735   1.4712947670004476E-006
         736   4.4003945453192345E-007
         737   4.3873311135580839E-007
         738   5.8314761923467230E-007
         739   5.8213473937908740E-007
         740   4.3523265298148762E-007
         741   2.8952521737267929E-007
         742   1.4429537689822415E-007
         743   1.4399753585586628E-007
         744   1.1481579750044005E-006
         745   1.0024032452502505E-006
         746   4.2846533024323120E-007
         747   7.1243195780679617E-007
         748   5.6801778916351320E-007
         749   2.8334488185583433E-007
         750   4.2399701009154789E-007
         751   9.8637646238962049E-007
         752   7.0188605671014240E-007
         753   8.4083455598719186E-007
         754   9.7844765705200655E-007
         755   6.9752501575729711E-007
         756   4.1716358993760058E-007
         757   4.1611846643083705E-007
         758   4.1484897492991197E-007
         759   5.5199348374322826E-007
         760   6.8731667170736143E-007
         761   6.8646126400762721E-007
         762   0.0000000000000000E+000
         763   9.5579431120335422E-007
         764   4.0827463389473807E-007
         765   6.7923002714793321E-007
         766   9.4838343180896996E-007
         767   1.0806721573713119E-006
         768   5.3887926530137739E-007
         769   2.6858082418820708E-007
         770   2.6807704556007770E-007
         771   2.6727209836598438E-007
         772   3.9993908433492581E-007
         773   2.6592730742691919E-007
         774   2.6529106644935873E-007
         775   0.0000000000000000E+000
         776   3.9608940540608730E-007
         777   9.2154914287700219E-007
         778   9.1869290678796562E-007
         779   3.9287428216843654E-007
         780   6.5309327285005843E-007
         781   5.2154024421606231E-007
         782   6.5025442053711300E-007
         783   3.8876824294178076E-007
         784   3.8813588241307041E-007
         785   2.5790347114268677E-007
         786   1.2850170264030794E-007
         787   5.1333509218674488E-007
         788   6.4016615702444768E-007
         789   0.0000000000000000E+000
         790   2.5490695398848497E-007
         791   5.0829135052851545E-007
         792   5.0703417275788797E-007
         793   2.5261265619375829E-007
         794   1.2621987532077606E-007
         795   6.2900937395899021E-007
         796   7.5176731960751922E-007
         797   5.0033050949273106E-007
         798   0.0000000000000000E+000
         799   0.0000000000000000E+000
         800   4.9698340225436897E-007
         801   0.0000000000000000E+000
         802   1.2348503820140112E-007
         803   6.1606058167059997E-007
         804   2.4580066403872695E-007
         805   2.4527893989948398E-007
         806   3.6721761493794224E-007
         807   0.0000000000000000E+000
         808   1.2175165613826782E-007
         809   2.4295629199363327E-007
         810   1.2109329402732231E-007
         811   3.6242053137362740E-007
         812   1.2042486637992296E-007
         813   1.2037244668792706E-007
         814   3.5976972207084027E-007
         815   1.1954406906534731E-007
         816   4.7751385712851613E-007
         817   1.1913150396330751E-007
         818   0.0000000000000000E+000
         819   3.5550779761007573E-007
         820   4.7274606127507443E-007
         821   2.3587303749112795E-007
         822   3.5298383278346144E-007
         823   1.1739938350904241E-007
         824   2.3415024559811654E-007
         825   0.0000000000000000E+000
         826   0.0000000000000000E+000
         827   4.6516957724892994E-007
         828   5.7984859213427221E-007
         829   1.1569441022088634E-007
         830   0.0000000000000000E+000
         831   0.0000000000000000E+000
         832   1.1473035497560067E-007
         833   4.5809359878323895E-007
         834   2.2852238277772370E-007
         835   1.1409893431442150E-007
         836   1.1384755372474366E-007
         837   2.2694265451137188E-007
         838   4.5244187845465809E-007
         839   0.0000000000000000E+000
         840   1.1270051139351758E-007
         841   0.0000000000000000E+000
         842   2.2416171339054766E-007
         843   4.4728249014140151E-007
         844   0.0000000000000000E+000
         845   2.2286559942697312E-007
         846   1.1102835303287988E-007
         847   1.1071476828931603E-007
         848   1.1041449626322045E-007
         849   0.0000000000000000E+000
         850   2.2006271728077483E-007
         851   0.0000000000000000E+000
         852   4.3811088531626334E-007
         853   0.0000000000000000E+000
         854   3.2697270050400411E-007
         855   4.3481453641738486E-007
         856   0.0000000000000000E+000
         857   2.1633410607497610E-007
         858   1.0808829275818996E-007
         859   0.0000000000000000E+000
         860   5.3743941021768128E-007
         861   0.0000000000000000E+000
         862   3.2090303259901779E-007
         863   0.0000000000000000E+000
         864   2.1300540661965051E-007
         865   1.0624756066784615E-007
         866   1.0601537212996331E-007
         867   4.2271675268194844E-007
         868   1.0546295988915664E-007
         869   1.0536245575834032E-007
         870   4.1975170004746207E-007
         871   1.0487388353716499E-007
         872   1.0445383472163377E-007
         873   1.0429040049552735E-007
         874   0.0000000000000000E+000
         875   0.0000000000000000E+000
         876   0.0000000000000000E+000
         877   1.0328936797108636E-007
         878   2.0611984120423354E-007
         879   2.0562783692872235E-007
         880   0.0000000000000000E+000
         881   0.0000000000000000E+000
         882   2.0447825917794923E-007
         883   0.0000000000000000E+000
         884   1.0164933862052257E-007
         885   0.0000000000000000E+000
         886   0.0000000000000000E+000
         887   0.0000000000000000E+000
         888   0.0000000000000000E+000
         889   0.0000000000000000E+000
         890   2.0060316807302648E-007
         891   0.0000000000000000E+000
         892   0.0000000000000000E+000
         893   0.0000000000000000E+000
         894   0.0000000000000000E+000
         895   9.9222863483683031E-008
         896   0.0000000000000000E+000
         897   0.0000000000000000E+000
         898   0.0000000000000000E+000
         899   9.8338956758447453E-008
         900   0.0000000000000000E+000
         901   0.0000000000000000E+000
         902   9.7796429470406463E-008
         903   9.7436318904548749E-008
         904   0.0000000000000000E+000
         905   0.0000000000000000E+000
         906   0.0000000000000000E+000
         907   0.0000000000000000E+000
         908   0.0000000000000000E+000
         909   0.0000000000000000E+000
         910   0.0000000000000000E+000
         911   0.0000000000000000E+000
         912   9.5542886963824213E-008
         913   1.9071241951546783E-007
         914   9.5086477706265341E-008
         915   0.0000000000000000E+000
         916   0.0000000000000000E+000
         917   0.0000000000000000E+000
         918   0.0000000000000000E+000
         919   0.0000000000000000E+000
         920   9.3868638628517997E-008
         921   9.3795771509901663E-008
         922   0.0000000000000000E+000
         923   0.0000000000000000E+000
         924   0.0000000000000000E+000
         925   0.0000000000000000E+000
         926   0.0000000000000000E+000
         927   0.0000000000000000E+000
         928   0.0000000000000000E+000
         929   0.0000000000000000E+000
         930   0.0000000000000000E+000
         931   0.0000000000000000E+000
         932   0.0000000000000000E+000
         933   0.0000000000000000E+000
         934   0.0000000000000000E+000
         935   0.0000000000000000E+000
         936   0.0000000000000000E+000
         937   9.0460555437389198E-008
         938   0.0000000000000000E+000
         939   0.0000000000000000E+000
         940   0.0000000000000000E+000
         941   0.0000000000000000E+000
         942   0.0000000000000000E+000
         943   0.0000000000000000E+000
         944   0.0000000000000000E+000
         945   0.0000000000000000E+000
         946   0.0000000000000000E+000
         947   0.0000000000000000E+000
         948   0.0000000000000000E+000
         949   0.0000000000000000E+000
         950   0.0000000000000000E+000
         951   0.0000000000000000E+000
         952   0.0000000000000000E+000
         953   0.0000000000000000E+000
         954   0.0000000000000000E+000
         955   0.0000000000000000E+000
         956   0.0000000000000000E+000
         957   0.0000000000000000E+000
         958   0.0000000000000000E+000
         959   0.0000000000000000E+000
         960   0.0000000000000000E+000
         961   0.0000000000000000E+000
         962   0.0000000000000000E+000
         963   0.0000000000000000E+000
         964   0.0000000000000000E+000
         965   0.0000000000000000E+000
         966   0.0000000000000000E+000
         967   0.0000000000000000E+000
         968   0.0000000000000000E+000
         969   0.0000000000000000E+000
         970   0.0000000000000000E+000
         971   0.0000000000000000E+000
         972   0.0000000000000000E+000
         973   0.0000000000000000E+000
         974   0.0000000000000000E+000
         975   0.0000000000000000E+000
         976   0.0000000000000000E+000
         977   0.0000000000000000E+000
         978   0.0000000000000000E+000
         979   0.0000000000000000E+000
         980   0.0000000000000000E+000
         981   0.0000000000000000E+000
         982   0.0000000000000000E+000
         983   0.0000000000000000E+000
         984   0.0000000000000000E+000
         985   0.0000000000000000E+000
         986   0.0000000000000000E+000
         987   0.0000000000000000E+000
         988   0.0000000000000000E+000
         989   0.0000000000000000E+000
         990   0.0000000000000000E+000
         991   0.0000000000000000E+000
         992   0.0000000000000000E+000
         993   0.0000000000000000E+000
         994   0.0000000000000000E+000
         995   0.0000000000000000E+000
         996   0.0000000000000000E+000
         997   0.0000000000000000E+000
         998   0.0000000000000000E+000
         999   0.0000000000000000E+000
        1000   0.0000000000000000E+000
