           1  0.11337673376400423     
           2  0.32941254532353909     
           3  0.19588243316624143     
           4  0.10944630188708099     
           5  0.19879199723832455     
           6  0.16975885248809808     
           7  0.13839708508604801     
           8  0.16557291151973291     
           9  0.14708684951926387     
          10  0.16849600776871548     
          11  0.15999705682179047     
          12  0.14088974201561125     
          13  0.16471886771293531     
          14  0.12421073962620288     
          15  0.13581088160672319     
          16  0.14406632565573319     
          17  0.14064144026809619     
          18  0.14678747166854109     
          19  0.12990803360119821     
          20  0.13306140662500388     
          21  0.12719032914175712     
          22  0.11698928182001574     
          23  0.13161045484181530     
          24  0.12161468958410233     
          25  0.11120163438639628     
          26  0.12169177756154849     
          27  0.10952083075796779     
          28  0.11440918326644633     
          29  0.10891863862539859     
          30  0.11488219611692421     
          31  0.11290065198472855     
          32  0.11026576474974877     
          33  0.10410416287373207     
          34  0.10364089601436022     
          35  0.10333202425143542     
          36  0.10370796309501036     
          37  0.10293203121495205     
          38   9.6713502502464452E-002
          39  0.10307415060301726     
          40   9.3746707436913893E-002
          41   9.0528901091085690E-002
          42   9.2687725931193399E-002
          43   8.8193271672728488E-002
          44   8.6769596122994938E-002
          45   8.9675925791907848E-002
          46   8.3695075658797899E-002
          47   8.6397719651327129E-002
          48   8.3093909854337386E-002
          49   8.0994007024916811E-002
          50   8.0582967704773453E-002
          51   8.0023627126387886E-002
          52   8.0642541515627858E-002
          53   7.9258445428312382E-002
          54   7.6060040050342004E-002
          55   7.1414493875462143E-002
          56   7.4033087241932680E-002
          57   7.4536358618424364E-002
          58   6.9925404987987549E-002
          59   6.9500188567702043E-002
          60   6.8037183173852517E-002
          61   7.0197862830031599E-002
          62   6.4817759351992590E-002
          63   6.6821026603113370E-002
          64   6.5040397686872517E-002
          65   6.4985613862149322E-002
          66   6.2854100965648835E-002
          67   6.2209520676915639E-002
          68   6.2652483240197399E-002
          69   5.9925286746220954E-002
          70   5.7850335731687727E-002
          71   6.1092996488028378E-002
          72   5.5974094620375184E-002
          73   5.5838675426466838E-002
          74   5.6600322356442807E-002
          75   5.4536683008524559E-002
          76   5.2648264228591618E-002
          77   5.3424879545077207E-002
          78   5.0335062340853318E-002
          79   4.9887657203462617E-002
          80   4.9290310873714528E-002
          81   4.8146220718374204E-002
          82   4.7768389631001731E-002
          83   4.7955510584747944E-002
          84   4.7824082599318606E-002
          85   4.6742768622826648E-002
          86   4.5497483044764885E-002
          87   4.4077999846911679E-002
          88   4.2238219178167925E-002
          89   4.3028284471250379E-002
          90   4.2273427169167668E-002
          91   4.0682835909065719E-002
          92   4.1417316222466610E-002
          93   3.9417520361089579E-002
          94   3.8926811770648495E-002
          95   4.0075051702005940E-002
          96   3.9290190561567434E-002
          97   3.7702909231638118E-002
          98   3.5923838646065909E-002
          99   3.5647847001375611E-002
         100   3.5170294749493611E-002
         101   3.4755730684358638E-002
         102   3.4538991609670583E-002
         103   3.3949881972968061E-002
         104   3.4028556992524175E-002
         105   3.3028324807281906E-002
         106   3.2691261157360429E-002
         107   3.1468297713035255E-002
         108   3.1141678775809697E-002
         109   3.0236790307548663E-002
         110   2.9699563909885401E-002
         111   3.0151473673195171E-002
         112   2.8946236862600436E-002
         113   2.8214459925599417E-002
         114   2.8236640881489874E-002
         115   2.8423325177833508E-002
         116   2.8134285158331905E-002
         117   2.7178416992986572E-002
         118   2.6730984425213825E-002
         119   2.6015639731315592E-002
         120   2.5494758789484206E-002
         121   2.4672389583453334E-002
         122   2.4633190587863230E-002
         123   2.4396240933699524E-002
         124   2.3632629532884045E-002
         125   2.3429150992744768E-002
         126   2.2204267491073407E-002
         127   2.2723898539143909E-002
         128   2.2379357136393656E-002
         129   2.1404134466708080E-002
         130   2.1013348397103695E-002
         131   2.0663526269705336E-002
         132   2.0697723750490248E-002
         133   2.0685089667911685E-002
         134   1.9925046720127172E-002
         135   2.0015910766709260E-002
         136   1.9045472700586975E-002
         137   1.9082010464003596E-002
         138   1.8655507539225871E-002
         139   1.8358257699594496E-002
         140   1.8562987942924356E-002
         141   1.7328093432020367E-002
         142   1.7665790814403878E-002
         143   1.7740951709914906E-002
         144   1.7131614984320174E-002
         145   1.6665305772727106E-002
         146   1.6234432147151281E-002
         147   1.5989631707203071E-002
         148   1.5817880552417250E-002
         149   1.5843941701247498E-002
         150   1.5846185306563065E-002
         151   1.5172897636473748E-002
         152   1.4874854648676916E-002
         153   1.3924865662535689E-002
         154   1.4501840938648662E-002
         155   1.4464935879211310E-002
         156   1.3972452687365591E-002
         157   1.3614635254858804E-002
         158   1.2901825522572682E-002
         159   1.3128945699363719E-002
         160   1.2900279430140455E-002
         161   1.2570707629293527E-002
         162   1.2197072143423608E-002
         163   1.2257290146586520E-002
         164   1.1827724636590906E-002
         165   1.2207987830507385E-002
         166   1.1063186538657746E-002
         167   1.1458491422973014E-002
         168   1.1446979957189473E-002
         169   1.1690991690105953E-002
         170   1.1071594437124452E-002
         171   1.0796293643250439E-002
         172   1.0563745891411791E-002
         173   1.0222529774333858E-002
         174   1.0312301659291886E-002
         175   1.0084285226322296E-002
         176   9.8444183386115821E-003
         177   9.5407418631493109E-003
         178   9.3832360554199998E-003
         179   9.4180832345911198E-003
         180   9.3225387128405505E-003
         181   8.9021348516150883E-003
         182   9.0474594341038300E-003
         183   8.9228069437959114E-003
         184   8.6492157953140004E-003
         185   8.3296457859463394E-003
         186   8.0716261170577439E-003
         187   8.1831999422667719E-003
         188   8.1653202759608898E-003
         189   7.9362522301376220E-003
         190   7.8677558873109579E-003
         191   7.4781084113798085E-003
         192   7.4541056266265561E-003
         193   7.4287384913263805E-003
         194   7.2506030146036538E-003
         195   7.2557075220118956E-003
         196   7.0252884905857927E-003
         197   7.0286018407847029E-003
         198   6.6564052296811272E-003
         199   6.6525437157386250E-003
         200   6.4040067833504915E-003
         201   6.2014837939476531E-003
         202   6.4258673216038877E-003
         203   6.4069930089178150E-003
         204   5.8438199804826847E-003
         205   6.0714232606716538E-003
         206   5.9271404993036549E-003
         207   5.8330331046757477E-003
         208   5.7606265512457266E-003
         209   5.5863564359344090E-003
         210   5.7721896485333881E-003
         211   5.2693225927237710E-003
         212   5.3631591366082266E-003
         213   5.1452012862834174E-003
         214   5.2260734314940977E-003
         215   5.0858239196958695E-003
         216   4.8810377866054348E-003
         217   4.9862112666720750E-003
         218   4.8636539744208746E-003
         219   4.6471654428843021E-003
         220   4.6335133353459217E-003
         221   4.6833158299664536E-003
         222   4.4349493609291248E-003
         223   4.4047700231484924E-003
         224   4.2980231907945501E-003
         225   4.3488217984866614E-003
         226   4.2455140684680504E-003
         227   4.2836821689132111E-003
         228   4.0435917776423958E-003
         229   4.1412491945996164E-003
         230   3.9230436216546446E-003
         231   3.8919991336438262E-003
         232   3.9100368358625601E-003
         233   3.8314294500950410E-003
         234   3.7266473562129802E-003
         235   3.5553979002023533E-003
         236   3.6635848566499130E-003
         237   3.5537079537033855E-003
         238   3.4160358927285092E-003
         239   3.4737579883673416E-003
         240   3.2635412431760509E-003
         241   3.3143083277951285E-003
         242   3.2597718377406311E-003
         243   3.2482102713804733E-003
         244   3.1305038201473027E-003
         245   2.9958720244691733E-003
         246   2.9360452832627865E-003
         247   2.9622632826943386E-003
         248   2.9045889588994239E-003
         249   2.8178297677532434E-003
         250   2.8558407154600312E-003
         251   2.8294312326883615E-003
         252   2.8273527507694544E-003
         253   2.7430675869797609E-003
         254   2.5371281919333057E-003
         255   2.6195385318377516E-003
         256   2.5863004154946518E-003
         257   2.4735961382076083E-003
         258   2.4366514057690821E-003
         259   2.5432750659870988E-003
         260   2.3958335739478185E-003
         261   2.3865911569535855E-003
         262   2.3063860506158623E-003
         263   2.2589910051062749E-003
         264   2.1668769767095291E-003
         265   2.1528613008424302E-003
         266   2.1265646372082645E-003
         267   2.0985845533138623E-003
         268   2.1027237415261698E-003
         269   2.0193914923681737E-003
         270   2.0381983168432081E-003
         271   2.0113618207698858E-003
         272   2.0007679632359828E-003
         273   1.8308791576598716E-003
         274   1.8801220588309784E-003
         275   1.7730106272616161E-003
         276   1.6862041405326402E-003
         277   1.7793542374952781E-003
         278   1.6959134818623337E-003
         279   1.7163953950018605E-003
         280   1.6941020615013592E-003
         281   1.6810045496794526E-003
         282   1.5934771531878971E-003
         283   1.5624496528878638E-003
         284   1.5738609843392068E-003
         285   1.4605939252689420E-003
         286   1.5578380339777405E-003
         287   1.5047693673725386E-003
         288   1.4637257789366608E-003
         289   1.4128771888731249E-003
         290   1.3738683787197928E-003
         291   1.4292946499115543E-003
         292   1.3597345702452332E-003
         293   1.3552141934234656E-003
         294   1.3047528922869667E-003
         295   1.2813238321985876E-003
         296   1.2373236618375093E-003
         297   1.2056467896381273E-003
         298   1.2307604459639171E-003
         299   1.1240571116763348E-003
         300   1.1853310779907421E-003
         301   1.1389005930028146E-003
         302   1.1322665520156713E-003
         303   1.1092329299857010E-003
         304   1.0496066934178919E-003
         305   1.0701308208562453E-003
         306   1.0970569294050110E-003
         307   1.0722354828756728E-003
         308   1.0719867440788264E-003
         309   9.9448954926603661E-004
         310   9.7812849297625984E-004
         311   9.7919418853955622E-004
         312   9.2980496051205087E-004
         313   9.4891993148631538E-004
         314   9.2836812297068143E-004
         315   8.9308774788841611E-004
         316   8.4053681711533657E-004
         317   8.5969502183185159E-004
         318   8.6443367024406626E-004
         319   8.1851708025946471E-004
         320   8.4515227736658418E-004
         321   8.2378039229654353E-004
         322   7.9878415531932216E-004
         323   7.8863516626514693E-004
         324   7.8971044684976054E-004
         325   7.9160459214518077E-004
         326   7.5478121365805592E-004
         327   7.2414781778061793E-004
         328   7.6622469437958793E-004
         329   6.6702282503367969E-004
         330   6.6585147512841921E-004
         331   6.4009218168085556E-004
         332   7.0249835603178996E-004
         333   6.4607921385553141E-004
         334   6.4578606138102057E-004
         335   6.6026838978012223E-004
         336   6.1215546466599294E-004
         337   6.4482180992451554E-004
         338   6.0072985221921169E-004
         339   6.1173475224971191E-004
         340   5.7797791938627981E-004
         341   6.2239372195205787E-004
         342   5.0201048466833205E-004
         343   5.2411507414469192E-004
         344   5.2835707965390752E-004
         345   5.3257733104757705E-004
         346   5.4613753672039093E-004
         347   5.3315034413632363E-004
         348   5.1046491269275793E-004
         349   5.1074436462605671E-004
         350   4.7482608932044738E-004
         351   4.4827702128968347E-004
         352   4.5979324873584660E-004
         353   4.4133968239357541E-004
         354   4.4638393680917229E-004
         355   4.9809620778406747E-004
         356   4.6522816555370175E-004
         357   4.0347954273556129E-004
         358   3.9129797718369505E-004
         359   4.0702710897788338E-004
         360   4.3168680559059106E-004
         361   4.1767457222207738E-004
         362   3.8574184742918357E-004
         363   3.9088901553295432E-004
         364   3.7195943388652566E-004
         365   3.6876062706427159E-004
         366   4.0468324637833530E-004
         367   3.8418916600925854E-004
         368   3.6805176627774410E-004
         369   3.9749949259898948E-004
         370   3.9194610636380649E-004
         371   3.6095626339778053E-004
         372   3.2000019121517913E-004
         373   3.3305712435577637E-004
         374   3.2283618456090731E-004
         375   3.3299045556231662E-004
         376   3.2336291765927300E-004
         377   3.2388489403604645E-004
         378   3.0662539805357967E-004
         379   2.9889911221771557E-004
         380   2.9077434018171493E-004
         381   2.8101626091384189E-004
         382   3.0183389068180131E-004
         383   2.7973401289351770E-004
         384   2.5784655413842091E-004
         385   2.9289788249360453E-004
         386   2.6262348746713260E-004
         387   2.3422989485950759E-004
         388   2.6255004287031766E-004
         389   2.6545607833168339E-004
         390   2.5104255300674048E-004
         391   2.4506688049930509E-004
         392   2.4849279011073764E-004
         393   2.3279864579619960E-004
         394   2.1933243111666684E-004
         395   1.9590830357361328E-004
         396   2.1916427392883382E-004
         397   2.2006209110934786E-004
         398   2.2145204903261927E-004
         399   2.0392247180457354E-004
         400   2.0144406438638243E-004
         401   2.0091293941933852E-004
         402   2.0535578579533194E-004
         403   1.9403709033374245E-004
         404   1.7170399088267189E-004
         405   1.8391560519899440E-004
         406   1.9742289922224551E-004
         407   1.6965640793299616E-004
         408   1.7119063573184967E-004
         409   1.8129489424597786E-004
         410   1.8370664006164293E-004
         411   1.8045569553504944E-004
         412   1.5805341909539634E-004
         413   1.4613460260665245E-004
         414   1.6954516180619082E-004
         415   1.6133607880902608E-004
         416   1.5965919186737332E-004
         417   1.5934716655236327E-004
         418   1.3678512986279093E-004
         419   1.3339181375326698E-004
         420   1.4042910201866375E-004
         421   1.5052038813770990E-004
         422   1.2214090136451085E-004
         423   1.4243501916194794E-004
         424   1.2056240566568434E-004
         425   1.3493963893155249E-004
         426   1.2467823261577528E-004
         427   1.3149517699859468E-004
         428   1.2482042365031702E-004
         429   1.2036638706966624E-004
         430   1.0776687917764185E-004
         431   1.1539949307791007E-004
         432   1.1484354112574374E-004
         433   1.1094015178089608E-004
         434   1.0075200784773590E-004
         435   1.1748076044681920E-004
         436   1.1152132146144230E-004
         437   1.0185957265492855E-004
         438   1.0261948224027931E-004
         439   9.8044618535043115E-005
         440   9.3104669041536156E-005
         441   8.9401203379363989E-005
         442   1.0606855928495535E-004
         443   1.0803562299052347E-004
         444   9.3429754784581939E-005
         445   9.4638298468653463E-005
         446   9.1400944230689174E-005
         447   1.0333757867998532E-004
         448   8.6241387518907673E-005
         449   9.5300852992617158E-005
         450   8.9780883341595370E-005
         451   9.2921997753905226E-005
         452   8.2795722333661346E-005
         453   7.3526666256129504E-005
         454   7.2803110833201436E-005
         455   8.0923143829058673E-005
         456   7.3706364062756994E-005
         457   7.7938503551576031E-005
         458   8.1006218473361286E-005
         459   7.5755078004318644E-005
         460   6.4172490791551559E-005
         461   6.7626768316625456E-005
         462   6.7344985814646316E-005
         463   6.6297983893571683E-005
         464   6.5656851883572631E-005
         465   6.3528705470650531E-005
         466   5.8872003923006459E-005
         467   6.1887713598600944E-005
         468   6.3448107606018490E-005
         469   5.8126448485534882E-005
         470   6.1826395295623370E-005
         471   6.0492992470432405E-005
         472   6.7725587804648644E-005
         473   6.1416969081689172E-005
         474   5.1249235243593150E-005
         475   4.8927635914963185E-005
         476   4.9759902530754399E-005
         477   5.4457101493056612E-005
         478   5.1087571750316804E-005
         479   5.3995609991805081E-005
         480   4.1354584230027343E-005
         481   3.9807311737993580E-005
         482   4.9903101398593840E-005
         483   5.0724281956673752E-005
         484   4.6778469053131315E-005
         485   4.4220076665046273E-005
         486   4.6073682496664839E-005
         487   4.9881108694787138E-005
         488   4.5355376691379520E-005
         489   3.8526095235347322E-005
         490   4.1011128131930682E-005
         491   4.2497763916733225E-005
         492   3.7071276154893676E-005
         493   3.5615320964898713E-005
         494   3.6125354484297022E-005
         495   4.6669188705799166E-005
         496   3.3900576161577619E-005
         497   4.0183252636167999E-005
         498   4.2592209670935509E-005
         499   2.9662461735267197E-005
         500   4.0973411428149208E-005
         501   3.5125421812603855E-005
         502   2.6473565141315088E-005
         503   3.1390050990731131E-005
         504   3.4383447073709250E-005
         505   2.3985668261600277E-005
         506   3.1328290320036575E-005
         507   2.8723300554621402E-005
         508   2.9236084951422767E-005
         509   2.5439699023386316E-005
         510   2.3818968254198500E-005
         511   2.9807307028583534E-005
         512   2.5446262202046777E-005
         513   2.1428462335732164E-005
         514   2.1951495949228497E-005
         515   2.7545790820784700E-005
         516   2.7448359798366487E-005
         517   2.3175637582801030E-005
         518   2.1901708923242676E-005
         519   2.4179553030737782E-005
         520   2.2909587993147363E-005
         521   2.7217011259546115E-005
         522   2.3025781419236589E-005
         523   2.6134446071839620E-005
         524   2.2268001586558095E-005
         525   2.4783713115126987E-005
         526   2.5259402248479747E-005
         527   1.7446534525023211E-005
         528   1.5665336576426042E-005
         529   2.1569410394916153E-005
         530   2.0636195374121572E-005
         531   2.3098834127852101E-005
         532   2.0206480119748354E-005
         533   1.6217659212406569E-005
         534   1.6715961737426268E-005
         535   1.9422363718998914E-005
         536   1.1884609271384248E-005
         537   1.2947030828550994E-005
         538   1.7844064385960604E-005
         539   1.5034984378530427E-005
         540   1.2259094050661379E-005
         541   1.2486777360211399E-005
         542   1.1086373555457860E-005
         543   1.5084390329279478E-005
         544   1.2348287249401255E-005
         545   1.9253902538640808E-005
         546   1.2258338219765176E-005
         547   1.1149607949159816E-005
         548   1.4547447574711153E-005
         549   8.6966568473774802E-006
         550   8.6640614054369913E-006
         551   1.0205370016805950E-005
         552   1.3033118289601098E-005
         553   1.1169376319076650E-005
         554   1.3458291533630238E-005
         555   1.4442160710334102E-005
         556   1.4385793415627745E-005
         557   1.2807836002317560E-005
         558   1.1987512469010996E-005
         559   1.1945239784208875E-005
         560   1.0134257974096415E-005
         561   1.1609940318822295E-005
         562   1.0812794251590696E-005
         563   1.1780562211024728E-005
         564   6.9889540091487515E-006
         565   6.9682279367580235E-006
         566   9.4260936171258084E-006
         567   1.1611659399817089E-005
         568   1.0334175794767089E-005
         569   9.5682136018247050E-006
         570   8.5559084563565719E-006
         571   8.2807047653228885E-006
         572   8.9832639358709787E-006
         573   7.9828586149598733E-006
         574   6.2671795368224777E-006
         575   9.8492034745960014E-006
         576   9.5755398122936935E-006
         577   8.3524576562681755E-006
         578   9.5113737856464312E-006
         579   8.2948063509389268E-006
         580   8.2663982293562193E-006
         581   6.1189669599850827E-006
         582   4.9238464402856806E-006
         583   5.1441174015810184E-006
         584   6.2908621850124646E-006
         585   7.8907486120947951E-006
         586   6.0134648244279401E-006
         587   5.5355665426515504E-006
         588   6.2033102432204424E-006
         589   5.9549896496720179E-006
         590   5.2484252856785138E-006
         591   6.3698209167870144E-006
         592   7.4798677404534307E-006
         593   7.4537441928821159E-006
         594   7.4314745818493859E-006
         595   6.0596285723691084E-006
         596   4.6993976928715062E-006
         597   6.9099474435498641E-006
         598   6.4413951785255780E-006
         599   4.4276754229768068E-006
         600   6.3991810118487451E-006
         601   4.6206765026762450E-006
         602   4.8224217631095434E-006
         603   4.8056273724361601E-006
         604   8.0563073958599520E-006
         605   3.2560373100300555E-006
         606   3.8927036013883763E-006
         607   5.1731675826328067E-006
         608   5.3746598195044136E-006
         609   4.0708556776145227E-006
         610   3.6285139106366528E-006
         611   6.3831932259944857E-006
         612   6.3638246890907020E-006
         613   4.6511286943768538E-006
         614   4.2166886011978231E-006
         615   3.7800227723105208E-006
         616   5.2349002235351386E-006
         617   4.1751136022384170E-006
         618   3.3291073720586169E-006
         619   3.7328363300552845E-006
         620   4.7535644532313537E-006
         621   3.5035913929829029E-006
         622   3.6985468858679246E-006
         623   2.6622233553047373E-006
         624   3.2645358535101893E-006
         625   2.0341743591618733E-006
         626   2.4324680220711188E-006
         627   2.6278478838779168E-006
         628   2.8193735786565629E-006
         629   2.2090179712704720E-006
         630   5.8070457059903295E-006
         631   2.7938046965204322E-006
         632   2.1881069380931641E-006
         633   2.3797198925933250E-006
         634   2.9653280563728465E-006
         635   1.9709266186225436E-006
         636   4.5175477584755084E-006
         637   3.5245947261688757E-006
         638   2.7340440182351171E-006
         639   2.9178274222083375E-006
         640   2.3267033332557656E-006
         641   2.3214879251462731E-006
         642   2.6975999303735578E-006
         643   9.6090376027537620E-007
         644   2.2993053244824717E-006
         645   1.9101537233322232E-006
         646   3.0467140153841626E-006
         647   1.7086608411622278E-006
         648   1.8926750176321917E-006
         649   2.0755079691924517E-006
         650   1.6941479693450993E-006
         651   1.6875895991423138E-006
         652   2.9898576098890672E-006
         653   3.3551086924471428E-006
         654   1.4851347557801302E-006
         655   1.2959793502497331E-006
         656   1.6618838501124125E-006
         657   2.5775582060619926E-006
         658   2.3853674996045630E-006
         659   2.5620450483862984E-006
         660   2.0056993345661196E-006
         661   1.4549654917713873E-006
         662   1.6318188827685897E-006
         663   1.9882107947401012E-006
         664   1.4419931631846593E-006
         665   2.1558279432704847E-006
         666   1.4320176062891869E-006
         667   2.6786193375583588E-006
         668   1.4243517486465658E-006
         669   2.1303470340368437E-006
         670   1.2393648281649485E-006
         671   7.0638520430130045E-007
         672   8.7980237800077543E-007
         673   1.9299204147158933E-006
         674   2.7995589557695596E-006
         675   5.2328343868295397E-007
         676   8.6993557529030096E-007
         677   1.5601213147995647E-006
         678   5.1874917019245474E-007
         679   1.2065414129355658E-006
         680   1.3746619081371700E-006
         681   8.5661084749065045E-007
         682   5.1296376209439997E-007
         683   6.8141136601641062E-007
         684   1.3585034880375135E-006
         685   8.4672020538992442E-007
         686   1.5199846795334923E-006
         687   3.3710845642897411E-007
         688   1.0070779351278003E-006
         689   8.3654008509101463E-007
         690   6.6748805147411380E-007
         691   1.6645109433370449E-006
         692   1.8256605099013408E-006
         693   1.1589577836153687E-006
         694   4.9473947661522549E-007
         695   1.1516819816740556E-006
         696   3.2807238710899686E-007
         697   8.1805459932057699E-007
         698   6.5243441499279408E-007
         699   1.1378720617716675E-006
         700   9.7335746977149080E-007
         701   1.2933106910470973E-006
         702   6.4481684563503549E-007
         703   1.1258943016579047E-006
         704   8.0095411555268744E-007
         705   4.7963916909932470E-007
         706   6.3812775854639023E-007
         707   1.1124373336474281E-006
         708   1.7437677733020619E-006
         709   6.3234209096423041E-007
         710   1.5767263598993096E-006
         711   1.5715124987705223E-006
         712   1.0968863466994797E-006
         713   4.6900791426558087E-007
         714   1.5570950154193943E-007
         715   4.6634008303442026E-007
         716   1.5508344679791037E-007
         717   3.0915286575385276E-007
         718   9.2473205946871336E-007
         719   0.0000000000000000E+000
         720   4.5967016872616506E-007
         721   7.6434932348654813E-007
         722   1.5244010433401086E-007
         723   3.0377315530174329E-007
         724   1.2134921362701732E-006
         725   1.5129799200653357E-007
         726   3.0138746475264059E-007
         727   3.0066110710092698E-007
         728   4.4988375151536571E-007
         729   2.9924370212976376E-007
         730   1.1924929709598901E-006
         731   5.9419958845088279E-007
         732   7.4155179170795358E-007
         733   7.3927490901166099E-007
         734   4.4267941793275320E-007
         735   4.4104558570808277E-007
         736   5.8708112747110585E-007
         737   8.7809692589686154E-007
         738   5.8325003414441393E-007
         739   2.9112759913811450E-007
         740   5.8042141726055449E-007
         741   8.6815877731148035E-007
         742   4.3339892235574056E-007
         743   2.8799835847009731E-007
         744   2.8690387705494416E-007
         745   4.2946709590325046E-007
         746   1.4261678722372065E-007
         747   1.4243073928779315E-007
         748   0.0000000000000000E+000
         749   2.8334927785155703E-007
         750   5.6471735242612165E-007
         751   4.2257601232297996E-007
         752   2.8091434571870675E-007
         753   5.6050720838399039E-007
         754   1.3973305094066624E-007
         755   5.5735550616362147E-007
         756   6.9491167639570056E-007
         757   1.3860479601997554E-007
         758   1.3846498253550403E-007
         759   4.1389467361845229E-007
         760   6.8807423637348590E-007
         761   1.3731293858606394E-007
         762   4.1061291433851971E-007
         763   4.0971895295011421E-007
         764   2.7242851020327193E-007
         765   0.0000000000000000E+000
         766   2.7065068566265378E-007
         767   8.1114024257071336E-007
         768   0.0000000000000000E+000
         769   2.6859035493062913E-007
         770   4.0222992831699485E-007
         771   0.0000000000000000E+000
         772   1.3323296975553317E-007
         773   1.3290708448823535E-007
         774   2.6527063808511647E-007
         775   3.9738973511591358E-007
         776   2.6395039195017299E-007
         777   0.0000000000000000E+000
         778   3.9399979725130802E-007
         779   2.6189906375764379E-007
         780   0.0000000000000000E+000
         781   2.6059082595832996E-007
         782   0.0000000000000000E+000
         783   6.4804077757115451E-007
         784   1.2936235778017943E-007
         785   0.0000000000000000E+000
         786   0.0000000000000000E+000
         787   2.5655793731418447E-007
         788   0.0000000000000000E+000
         789   5.1081282388550696E-007
         790   2.5463297509612462E-007
         791   0.0000000000000000E+000
         792   2.5350928646587246E-007
         793   5.0556296766193486E-007
         794   3.7812621644826815E-007
         795   2.5155444380271097E-007
         796   1.2543241133798792E-007
         797   3.7541596160995120E-007
         798   1.2492359079831403E-007
         799   2.4906780450105691E-007
         800   0.0000000000000000E+000
         801   2.4765409099881351E-007
         802   1.2346412544618512E-007
         803   4.9315791792376102E-007
         804   2.4589511649269658E-007
         805   1.2277056530516643E-007
         806   6.1180523124583271E-007
         807   2.4430622435800335E-007
         808   4.8706456317986899E-007
         809   0.0000000000000000E+000
         810   1.2101203365527661E-007
         811   2.4158515904583803E-007
         812   1.2040561769473445E-007
         813   0.0000000000000000E+000
         814   0.0000000000000000E+000
         815   0.0000000000000000E+000
         816   3.5830190957215282E-007
         817   1.1914865021852201E-007
         818   2.3763632448253464E-007
         819   1.1837769318030339E-007
         820   0.0000000000000000E+000
         821   0.0000000000000000E+000
         822   0.0000000000000000E+000
         823   0.0000000000000000E+000
         824   0.0000000000000000E+000
         825   1.1685437799797545E-007
         826   0.0000000000000000E+000
         827   0.0000000000000000E+000
         828   0.0000000000000000E+000
         829   1.1568392379211591E-007
         830   2.3094023615130003E-007
         831   0.0000000000000000E+000
         832   0.0000000000000000E+000
         833   0.0000000000000000E+000
         834   2.2855054293286994E-007
         835   0.0000000000000000E+000
         836   0.0000000000000000E+000
         837   0.0000000000000000E+000
         838   0.0000000000000000E+000
         839   0.0000000000000000E+000
         840   2.2505451382269251E-007
         841   0.0000000000000000E+000
         842   0.0000000000000000E+000
         843   0.0000000000000000E+000
         844   0.0000000000000000E+000
         845   1.1119826629563565E-007
         846   0.0000000000000000E+000
         847   0.0000000000000000E+000
         848   0.0000000000000000E+000
         849   0.0000000000000000E+000
         850   0.0000000000000000E+000
         851   0.0000000000000000E+000
         852   0.0000000000000000E+000
         853   0.0000000000000000E+000
         854   0.0000000000000000E+000
         855   1.0871460809434964E-007
         856   0.0000000000000000E+000
         857   0.0000000000000000E+000
         858   0.0000000000000000E+000
         859   0.0000000000000000E+000
         860   0.0000000000000000E+000
         861   0.0000000000000000E+000
         862   0.0000000000000000E+000
         863   0.0000000000000000E+000
         864   0.0000000000000000E+000
         865   0.0000000000000000E+000
         866   0.0000000000000000E+000
         867   0.0000000000000000E+000
         868   0.0000000000000000E+000
         869   0.0000000000000000E+000
         870   0.0000000000000000E+000
         871   0.0000000000000000E+000
         872   0.0000000000000000E+000
         873   0.0000000000000000E+000
         874   0.0000000000000000E+000
         875   0.0000000000000000E+000
         876   0.0000000000000000E+000
         877   0.0000000000000000E+000
         878   0.0000000000000000E+000
         879   0.0000000000000000E+000
         880   0.0000000000000000E+000
         881   0.0000000000000000E+000
         882   0.0000000000000000E+000
         883   0.0000000000000000E+000
         884   0.0000000000000000E+000
         885   0.0000000000000000E+000
         886   0.0000000000000000E+000
         887   0.0000000000000000E+000
         888   0.0000000000000000E+000
         889   0.0000000000000000E+000
         890   0.0000000000000000E+000
         891   0.0000000000000000E+000
         892   0.0000000000000000E+000
         893   0.0000000000000000E+000
         894   0.0000000000000000E+000
         895   0.0000000000000000E+000
         896   0.0000000000000000E+000
         897   0.0000000000000000E+000
         898   0.0000000000000000E+000
         899   0.0000000000000000E+000
         900   0.0000000000000000E+000
         901   0.0000000000000000E+000
         902   0.0000000000000000E+000
         903   0.0000000000000000E+000
         904   0.0000000000000000E+000
         905   0.0000000000000000E+000
         906   0.0000000000000000E+000
         907   0.0000000000000000E+000
         908   0.0000000000000000E+000
         909   0.0000000000000000E+000
         910   0.0000000000000000E+000
         911   0.0000000000000000E+000
         912   0.0000000000000000E+000
         913   0.0000000000000000E+000
         914   0.0000000000000000E+000
         915   0.0000000000000000E+000
         916   0.0000000000000000E+000
         917   0.0000000000000000E+000
         918   0.0000000000000000E+000
         919   0.0000000000000000E+000
         920   0.0000000000000000E+000
         921   0.0000000000000000E+000
         922   0.0000000000000000E+000
         923   0.0000000000000000E+000
         924   0.0000000000000000E+000
         925   0.0000000000000000E+000
         926   0.0000000000000000E+000
         927   0.0000000000000000E+000
         928   0.0000000000000000E+000
         929   0.0000000000000000E+000
         930   0.0000000000000000E+000
         931   0.0000000000000000E+000
         932   0.0000000000000000E+000
         933   0.0000000000000000E+000
         934   0.0000000000000000E+000
         935   0.0000000000000000E+000
         936   0.0000000000000000E+000
         937   0.0000000000000000E+000
         938   0.0000000000000000E+000
         939   0.0000000000000000E+000
         940   0.0000000000000000E+000
         941   0.0000000000000000E+000
         942   0.0000000000000000E+000
         943   0.0000000000000000E+000
         944   0.0000000000000000E+000
         945   0.0000000000000000E+000
         946   0.0000000000000000E+000
         947   0.0000000000000000E+000
         948   0.0000000000000000E+000
         949   0.0000000000000000E+000
         950   0.0000000000000000E+000
         951   0.0000000000000000E+000
         952   0.0000000000000000E+000
         953   0.0000000000000000E+000
         954   0.0000000000000000E+000
         955   0.0000000000000000E+000
         956   0.0000000000000000E+000
         957   0.0000000000000000E+000
         958   0.0000000000000000E+000
         959   0.0000000000000000E+000
         960   0.0000000000000000E+000
         961   0.0000000000000000E+000
         962   0.0000000000000000E+000
         963   0.0000000000000000E+000
         964   0.0000000000000000E+000
         965   0.0000000000000000E+000
         966   0.0000000000000000E+000
         967   0.0000000000000000E+000
         968   0.0000000000000000E+000
         969   0.0000000000000000E+000
         970   0.0000000000000000E+000
         971   0.0000000000000000E+000
         972   0.0000000000000000E+000
         973   0.0000000000000000E+000
         974   0.0000000000000000E+000
         975   0.0000000000000000E+000
         976   0.0000000000000000E+000
         977   0.0000000000000000E+000
         978   0.0000000000000000E+000
         979   0.0000000000000000E+000
         980   0.0000000000000000E+000
         981   0.0000000000000000E+000
         982   0.0000000000000000E+000
         983   0.0000000000000000E+000
         984   0.0000000000000000E+000
         985   0.0000000000000000E+000
         986   0.0000000000000000E+000
         987   0.0000000000000000E+000
         988   0.0000000000000000E+000
         989   0.0000000000000000E+000
         990   0.0000000000000000E+000
         991   0.0000000000000000E+000
         992   0.0000000000000000E+000
         993   0.0000000000000000E+000
         994   0.0000000000000000E+000
         995   0.0000000000000000E+000
         996   0.0000000000000000E+000
         997   0.0000000000000000E+000
         998   0.0000000000000000E+000
         999   0.0000000000000000E+000
        1000   0.0000000000000000E+000
