           1  0.31344474501843039     
           2  0.17238414331103288     
           3  0.11180222295756369     
           4  0.13870022838698112     
           5  0.11657638828887211     
           6  0.19869562615056119     
           7  0.16674952203256499     
           8  0.13475698322823731     
           9  0.12226848439331370     
          10  0.13432772518171043     
          11  0.11888834056020504     
          12  0.12002844428693565     
          13  0.13610281933097013     
          14  0.10885828645436951     
          15  0.11057104714606296     
          16  0.12531126857098465     
          17  0.12546620957863949     
          18  0.13059617639921736     
          19  0.11566897845071863     
          20  0.12962136353922488     
          21  0.10833897279460966     
          22  0.11121244427830482     
          23  0.12401851118559551     
          24  0.10103924360032551     
          25  0.10868240275843524     
          26  0.11259530764500604     
          27  0.10039004972103291     
          28   9.8454513026851723E-002
          29   9.1953590287265297E-002
          30   9.1747304898070814E-002
          31   9.5732825449512365E-002
          32   9.2922509730847647E-002
          33   9.8002646265860957E-002
          34   9.3287877876037581E-002
          35   8.9911892701571391E-002
          36   9.3109696641938328E-002
          37   8.1828909799336325E-002
          38   8.9552719000625364E-002
          39   8.9723562210222235E-002
          40   8.7583460817484082E-002
          41   8.1603974637396062E-002
          42   7.9305525325620727E-002
          43   8.2745497007025701E-002
          44   7.8230994042124705E-002
          45   7.9216288532258886E-002
          46   7.1723605035210136E-002
          47   7.4852370292330370E-002
          48   7.3910030778605626E-002
          49   7.4057063265730208E-002
          50   7.2872403174890840E-002
          51   7.0425287262011679E-002
          52   6.9196845213243596E-002
          53   6.5375829729872867E-002
          54   6.8183324135373938E-002
          55   6.5342630081518402E-002
          56   6.5883338985655654E-002
          57   6.5884991404514814E-002
          58   6.2067718028460041E-002
          59   6.0556390468760726E-002
          60   6.1546614452947915E-002
          61   5.9707305533025529E-002
          62   5.8613883680855468E-002
          63   5.5849464900284022E-002
          64   5.7434812626195958E-002
          65   5.6200808879182357E-002
          66   5.5470115066415172E-002
          67   5.4631843884455883E-002
          68   5.3099651089447260E-002
          69   5.0723588841486519E-002
          70   5.2042287560873146E-002
          71   5.3224794301185811E-002
          72   5.2423601703356498E-002
          73   4.9711274328492483E-002
          74   5.0623045992645901E-002
          75   4.9388453505765560E-002
          76   4.5656918221188024E-002
          77   4.4921109476075888E-002
          78   4.5818780863707796E-002
          79   4.5235492975279117E-002
          80   4.5737684732995200E-002
          81   4.3141234273545583E-002
          82   4.2642621561186457E-002
          83   4.1426929186957374E-002
          84   4.2053524899590473E-002
          85   4.1646544522023494E-002
          86   3.8554316216329022E-002
          87   3.9993116550812398E-002
          88   3.7668755948862612E-002
          89   3.9088467652386390E-002
          90   3.7562126966784536E-002
          91   3.6549634524424002E-002
          92   3.6524400099535274E-002
          93   3.5437506517926771E-002
          94   3.5621287311961979E-002
          95   3.5403225673585885E-002
          96   3.4702554235623691E-002
          97   3.3761383934318170E-002
          98   3.4144676247466775E-002
          99   3.3168958410054426E-002
         100   3.1090783398268970E-002
         101   3.1695530606545445E-002
         102   3.0561606729741279E-002
         103   3.1020175581291210E-002
         104   2.9875590805007273E-002
         105   2.9269711513434420E-002
         106   2.9161248912171898E-002
         107   2.8742206268062419E-002
         108   2.7412386472690179E-002
         109   2.7557713671072539E-002
         110   2.7160984544229518E-002
         111   2.6188425197456851E-002
         112   2.6706630477838930E-002
         113   2.6754586317021895E-002
         114   2.5826814273051744E-002
         115   2.5617328037631178E-002
         116   2.5224500662357423E-002
         117   2.4940676081110485E-002
         118   2.4498132185967518E-002
         119   2.4247629496749461E-002
         120   2.3500015646812335E-002
         121   2.2142141221253624E-002
         122   2.2119517172864117E-002
         123   2.3364387864508573E-002
         124   2.1742119811026590E-002
         125   2.0826413317986993E-002
         126   2.0728046285514268E-002
         127   2.0969925825307812E-002
         128   2.1173348589329410E-002
         129   2.1103053054961473E-002
         130   2.0315337744997979E-002
         131   1.9351948857681992E-002
         132   1.9677739288265075E-002
         133   1.9307499515191298E-002
         134   1.8655536402273507E-002
         135   1.8919915927251625E-002
         136   1.8215658364677263E-002
         137   1.7762931672256739E-002
         138   1.8163770398057652E-002
         139   1.7393106418837449E-002
         140   1.7414504744323354E-002
         141   1.6048655798220391E-002
         142   1.7077452169290401E-002
         143   1.6159155558628846E-002
         144   1.6394342609551370E-002
         145   1.5558872202186068E-002
         146   1.5432856211380045E-002
         147   1.5617553370822976E-002
         148   1.5617923248948248E-002
         149   1.4461855095621571E-002
         150   1.4685582686823028E-002
         151   1.4547565489872866E-002
         152   1.4155228964900794E-002
         153   1.4055193646403705E-002
         154   1.3664039213608689E-002
         155   1.3156022932027438E-002
         156   1.3695683949459473E-002
         157   1.2863824462088473E-002
         158   1.2321860532445789E-002
         159   1.2730328791792816E-002
         160   1.2408416976530319E-002
         161   1.2472135122337214E-002
         162   1.2220133627013510E-002
         163   1.1806302564550411E-002
         164   1.1684875004006688E-002
         165   1.1702741710656932E-002
         166   1.1482660543208664E-002
         167   1.0976804339687871E-002
         168   1.0743193853201846E-002
         169   1.0905544875869838E-002
         170   1.0607230001513250E-002
         171   1.0283263638496985E-002
         172   1.0366259593907202E-002
         173   9.9797505337901101E-003
         174   1.0112659765684694E-002
         175   9.9316026473826140E-003
         176   9.3580237033119174E-003
         177   9.3486513840195275E-003
         178   9.4259178718192546E-003
         179   9.3657540851263248E-003
         180   9.1393427969046412E-003
         181   8.5876670491418540E-003
         182   8.7788306615728152E-003
         183   8.5599527230194889E-003
         184   8.6900657866509478E-003
         185   8.2579032660797698E-003
         186   8.4654796183029051E-003
         187   8.0062333496793755E-003
         188   8.2846438266720637E-003
         189   7.5032204051017010E-003
         190   7.5019725215937404E-003
         191   7.3262814633623932E-003
         192   7.5635722109133495E-003
         193   7.3547074161725923E-003
         194   7.3231452573854095E-003
         195   7.2204189345004095E-003
         196   6.9475080897093196E-003
         197   7.2197327813975391E-003
         198   6.9761475389754314E-003
         199   6.8042000162391271E-003
         200   6.7757073847180254E-003
         201   6.6689470537285482E-003
         202   6.3763483649149693E-003
         203   6.2872100230177419E-003
         204   6.0834070580574051E-003
         205   6.0591264440039670E-003
         206   6.0743792597654066E-003
         207   6.0083967663498604E-003
         208   5.6400577377089091E-003
         209   5.7223939192275995E-003
         210   5.6106522370234641E-003
         211   5.4661656836828823E-003
         212   5.1583931769645678E-003
         213   5.4608959172410803E-003
         214   5.2113723244447685E-003
         215   5.0465087461545374E-003
         216   5.1763546256682613E-003
         217   5.0161619156333390E-003
         218   4.9557081108719736E-003
         219   4.8854781022929705E-003
         220   4.9623628438674357E-003
         221   4.9944225941122170E-003
         222   4.4810243680260325E-003
         223   4.5881458691149363E-003
         224   4.6011503477919992E-003
         225   4.5631951283565068E-003
         226   4.4304188672957311E-003
         227   4.3358393215118737E-003
         228   4.3728299700678645E-003
         229   4.2246630347826967E-003
         230   4.1235569328248629E-003
         231   4.1293805288509693E-003
         232   3.9882316883061699E-003
         233   3.8905748913221458E-003
         234   3.8395868856913656E-003
         235   3.8730730767979346E-003
         236   3.8028556385209509E-003
         237   3.6430991842423071E-003
         238   3.6484987463891376E-003
         239   3.7055067653151553E-003
         240   3.4769954525871909E-003
         241   3.4656803699276819E-003
         242   3.3937869111724602E-003
         243   3.3795586434302387E-003
         244   3.3851318367089222E-003
         245   3.1991097075390316E-003
         246   3.2443944656106540E-003
         247   3.0621099820673237E-003
         248   3.1687257416586124E-003
         249   2.9069795119351406E-003
         250   2.9839176923496425E-003
         251   3.0002908962904998E-003
         252   2.8420608744745574E-003
         253   2.8902670154213597E-003
         254   2.8206191606309433E-003
         255   2.8345195589987693E-003
         256   2.8038024631458699E-003
         257   2.6139844956614240E-003
         258   2.6794293320641033E-003
         259   2.5549796306411007E-003
         260   2.4931043265617181E-003
         261   2.5844419672965708E-003
         262   2.4920446275412149E-003
         263   2.5099392846900676E-003
         264   2.3565245088891231E-003
         265   2.3424327609735764E-003
         266   2.3082697259650740E-003
         267   2.2685557372771423E-003
         268   2.3632327464298613E-003
         269   2.3052216669701988E-003
         270   2.1720627120022395E-003
         271   2.2273440912535278E-003
         272   2.1636491239327925E-003
         273   2.0669385201363619E-003
         274   2.0360603060360334E-003
         275   2.0591900023990916E-003
         276   2.0130742374533969E-003
         277   1.9116583771898606E-003
         278   1.9729548000169132E-003
         279   1.9030355398681929E-003
         280   1.8994098959370181E-003
         281   1.7654323378229109E-003
         282   1.7409867078629988E-003
         283   1.8376570694563802E-003
         284   1.7284493156444129E-003
         285   1.6273272523912477E-003
         286   1.7346552428251295E-003
         287   1.7011466851182494E-003
         288   1.6082914870137711E-003
         289   1.6881104660798907E-003
         290   1.5473924548536546E-003
         291   1.5863808130871925E-003
         292   1.5141175575337105E-003
         293   1.5001735127330828E-003
         294   1.4983566520201208E-003
         295   1.4507568325938217E-003
         296   1.4339601283544022E-003
         297   1.4107519709850764E-003
         298   1.3665716299259409E-003
         299   1.3564803634640897E-003
         300   1.3800905845284773E-003
         301   1.3042594879013115E-003
         302   1.3436468910125036E-003
         303   1.2985044208222152E-003
         304   1.2848543737929484E-003
         305   1.2228035441637318E-003
         306   1.2535577994082705E-003
         307   1.1454302752365109E-003
         308   1.1664570221155894E-003
         309   1.1729867335532106E-003
         310   1.1638464329986702E-003
         311   1.2014974513476313E-003
         312   1.0968394758715369E-003
         313   1.0753133995500751E-003
         314   1.0893852572846196E-003
         315   1.0856402222038830E-003
         316   1.0573119449398211E-003
         317   1.0159715161713017E-003
         318   9.9706364619617650E-004
         319   1.0539803420947034E-003
         320   9.6833845409506224E-004
         321   9.3399642954684653E-004
         322   9.3883802194115159E-004
         323   9.3606854038509146E-004
         324   9.2887740455252325E-004
         325   8.8099808780616492E-004
         326   9.5184063003830497E-004
         327   8.9555004362572321E-004
         328   9.0854940265024000E-004
         329   8.2682013963600504E-004
         330   8.5160790669649706E-004
         331   9.0014285337366691E-004
         332   7.9687554087793841E-004
         333   7.2617556727720635E-004
         334   7.3970961787839554E-004
         335   8.0598234459146074E-004
         336   7.6250987185760009E-004
         337   7.7544408225879193E-004
         338   7.3137627400499193E-004
         339   7.1743087199198136E-004
         340   7.2203004994320118E-004
         341   7.2733829070922905E-004
         342   6.5938252049106065E-004
         343   7.0810274439632589E-004
         344   6.7930019992902091E-004
         345   6.7463936431870052E-004
         346   6.7810721579747370E-004
         347   6.3201287951027412E-004
         348   6.1651079951801041E-004
         349   6.5670182257963363E-004
         350   6.1477092569179226E-004
         351   6.4350061288357958E-004
         352   5.8598505145355216E-004
         353   5.4892986967286994E-004
         354   5.6170938465542814E-004
         355   5.6228456850474840E-004
         356   5.2414368336535207E-004
         357   5.4179202024808655E-004
         358   4.8603069946257540E-004
         359   5.8433350057748553E-004
         360   5.3515099995158765E-004
         361   5.2977872581858542E-004
         362   4.8627209262453944E-004
         363   4.9138173439235145E-004
         364   4.9764328687765009E-004
         365   4.5633232444651565E-004
         366   4.6030525166372512E-004
         367   4.5898207535799911E-004
         368   4.2133231089274781E-004
         369   4.7618410828558530E-004
         370   4.6087799466271244E-004
         371   4.2032715301340703E-004
         372   4.3934430566592886E-004
         373   4.3920963541971384E-004
         374   3.9660670332643299E-004
         375   3.9339752083021476E-004
         376   3.9973367692467695E-004
         377   3.9260858079811492E-004
         378   3.9221065006505125E-004
         379   3.8460602376607039E-004
         380   3.3693034925012485E-004
         381   3.7620140942274137E-004
         382   3.3345791737307849E-004
         383   3.3546938994619634E-004
         384   3.8542262966799787E-004
         385   3.7642347854068724E-004
         386   3.4043889301683342E-004
         387   3.8736795913569448E-004
         388   3.2006245758500935E-004
         389   3.1993753165228601E-004
         390   3.3292392167317571E-004
         391   3.0165303867080374E-004
         392   3.2646378742770592E-004
         393   2.9652708755754649E-004
         394   2.9914516273760476E-004
         395   2.9660669936812899E-004
         396   3.0521244396051415E-004
         397   2.7900062025437933E-004
         398   2.8310709292205015E-004
         399   2.6175199616728056E-004
         400   2.8776280564066312E-004
         401   2.6707133730041125E-004
         402   2.5444366555116922E-004
         403   2.6392401206343821E-004
         404   2.6019078848316335E-004
         405   2.4779655729059117E-004
         406   2.4369742170211438E-004
         407   2.4586877388309085E-004
         408   2.3128354778449061E-004
         409   2.5246868909239273E-004
         410   2.2053251244794411E-004
         411   2.1760921524411689E-004
         412   2.2541075688329456E-004
         413   2.2153824401672853E-004
         414   2.0979772831623603E-004
         415   2.1574942181302532E-004
         416   2.0915723012038237E-004
         417   2.1367075446355126E-004
         418   2.0764850219169090E-004
         419   2.1841463647874661E-004
         420   2.0880848146371251E-004
         421   2.0333595035544572E-004
         422   2.0598696694958606E-004
         423   1.8145575004121993E-004
         424   1.8237956556165408E-004
         425   1.6305772105603799E-004
         426   1.6711174623744882E-004
         427   1.9371404364046935E-004
         428   1.5948441715580409E-004
         429   1.5744186503781842E-004
         430   1.6487827571412089E-004
         431   1.4531940123355523E-004
         432   1.6252664670931007E-004
         433   1.5375327440195598E-004
         434   1.6017047082161721E-004
         435   1.5104661697030983E-004
         436   1.4825800172076837E-004
         437   1.5550357717464741E-004
         438   1.4196476726478224E-004
         439   1.5408274354118115E-004
         440   1.4600883751677684E-004
         441   1.3554566247624928E-004
         442   1.5324086168276921E-004
         443   1.4200459550821329E-004
         444   1.3611620635451373E-004
         445   1.2870903220076364E-004
         446   1.4047930235016522E-004
         447   1.3192672483878614E-004
         448   1.3686372896441000E-004
         449   1.3664843968907479E-004
         450   1.2193598928358919E-004
         451   1.3272373387978543E-004
         452   1.1309950239222469E-004
         453   1.0720544188422888E-004
         454   1.1325730574378176E-004
         455   1.0164458077785095E-004
         456   1.1265852471187350E-004
         457   1.0113174071246390E-004
         458   1.1244577497342456E-004
         459   1.1268363513315206E-004
         460   1.0730516246254934E-004
         461   9.7516117968766625E-005
         462   9.7834287202281961E-005
         463   9.8905606845193036E-005
         464   9.9949102231765264E-005
         465   1.0832523523140551E-004
         466   9.1772739529135766E-005
         467   9.4312674415124998E-005
         468   9.4275905197073765E-005
         469   7.8701298799265743E-005
         470   8.4834935925709771E-005
         471   9.4150885558054456E-005
         472   8.9086371581222464E-005
         473   8.8731368027425363E-005
         474   8.5180656263942624E-005
         475   7.4615616798393925E-005
         476   9.0761392401422005E-005
         477   7.5389906094151078E-005
         478   8.4792611751918068E-005
         479   7.6847860356666069E-005
         480   7.2384910970277501E-005
         481   8.8565239641643582E-005
         482   7.3483134764193011E-005
         483   7.0799919878349624E-005
         484   8.7796559059542920E-005
         485   6.6508698478959791E-005
         486   7.0945006649942403E-005
         487   7.4000742845977869E-005
         488   7.0361046055602961E-005
         489   6.7744208371002480E-005
         490   6.9127327277491272E-005
         491   6.3245660236891616E-005
         492   6.2658866842578602E-005
         493   5.3917878253552815E-005
         494   6.6061368178659723E-005
         495   6.0285938539316105E-005
         496   5.1320578094725203E-005
         497   5.4980260378730118E-005
         498   6.5006025622947890E-005
         499   5.2626004984995253E-005
         500   6.1950250746403053E-005
         501   6.5177953379516856E-005
         502   5.5459955570940672E-005
         503   5.5560635929860647E-005
         504   5.1273857220620769E-005
         505   5.2940696427912245E-005
         506   6.1426478285983875E-005
         507   4.6964269229498931E-005
         508   5.3861141875620469E-005
         509   4.7817537001281868E-005
         510   4.3971555997956635E-005
         511   5.2011423500602914E-005
         512   5.3025032583953440E-005
         513   4.4358978836311333E-005
         514   4.6590986041645788E-005
         515   4.1629523980619978E-005
         516   5.2202661995943976E-005
         517   3.5655473194302647E-005
         518   4.2913134640715095E-005
         519   3.8333212991674286E-005
         520   4.7581430032985808E-005
         521   4.2134437790034856E-005
         522   3.5562716203630713E-005
         523   3.5715400556104981E-005
         524   3.7317852563291031E-005
         525   3.8322547570131900E-005
         526   4.1050056142244514E-005
         527   3.2892411009017737E-005
         528   3.8747365623283148E-005
         529   4.1725136818465775E-005
         530   3.6759375264621960E-005
         531   3.5773785770054049E-005
         532   3.7319743669074427E-005
         533   3.4952007889140269E-005
         534   3.0081500465544785E-005
         535   3.7740080815969803E-005
         536   3.4011741861496120E-005
         537   3.4430504120814518E-005
         538   3.3205714741326106E-005
         539   3.3629926954664095E-005
         540   2.9688791801026710E-005
         541   3.0939587025849117E-005
         542   2.8394506828857382E-005
         543   1.9393967973962783E-005
         544   2.3887201595888783E-005
         545   2.7815180862120203E-005
         546   2.4513134490037414E-005
         547   2.8937401247857336E-005
         548   2.5917215499304344E-005
         549   2.2137318720793672E-005
         550   2.6523952838827171E-005
         551   2.3547043465369592E-005
         552   2.3465294238151615E-005
         553   1.9743805762275960E-005
         554   2.4067590214400941E-005
         555   2.7844775087741378E-005
         556   2.0562153464812724E-005
         557   2.0994175497597929E-005
         558   2.0156650003500499E-005
         559   2.3638552972214361E-005
         560   2.2039672455740604E-005
         561   2.3221877249359136E-005
         562   2.1630181319235418E-005
         563   2.0294227175225015E-005
         564   2.2226867034252422E-005
         565   1.6670584078514522E-005
         566   1.9094556045715667E-005
         567   1.9274050719435974E-005
         568   1.7239849405409628E-005
         569   2.2819906267779832E-005
         570   1.8582955299883584E-005
         571   1.8517847753790099E-005
         572   2.1126286817859547E-005
         573   1.7425903269611228E-005
         574   1.8081631888874733E-005
         575   1.6815328483118328E-005
         576   1.6518873085509533E-005
         577   1.3359685191952412E-005
         578   1.6166355814247800E-005
         579   1.7775076948389140E-005
         580   1.3223405707576917E-005
         581   1.2474942683144198E-005
         582   1.3604218643079589E-005
         583   1.5194973056228047E-005
         584   1.5840316113430992E-005
         585   1.4854217863344160E-005
         586   1.4113538270495552E-005
         587   1.2911612955745956E-005
         588   1.3101069399306750E-005
         589   1.4427206160551236E-005
         590   1.3463959633704340E-005
         591   1.2738824731703944E-005
         592   9.2938520312779634E-006
         593   1.4005070410568689E-005
         594   9.4543293834508780E-006
         595   1.1446281479744474E-005
         596   9.6164653347163561E-006
         597   1.3379137245792319E-005
         598   1.2883607411416688E-005
         599   1.1513312432778501E-005
         600   1.0813958501436405E-005
         601   1.1875264418167550E-005
         602   1.2055127619582144E-005
         603   1.2231439375925117E-005
         604   1.5028036776481172E-005
         605   1.1722860022064686E-005
         606   1.0385344945606201E-005
         607   1.0350246732489926E-005
         608   8.3839990051111072E-006
         609   9.2111747449135418E-006
         610   8.9673321625476238E-006
         611   8.9378368211907169E-006
         612   7.6353697752063626E-006
         613   8.2477599791106206E-006
         614   1.0748716905770167E-005
         615   6.9331207225471936E-006
         616   8.7906568388458148E-006
         617   7.5133607974019645E-006
         618   8.1134657392650881E-006
         619   8.0850139819321923E-006
         620   7.2353320954420344E-006
         621   9.0650794030170446E-006
         622   8.2154856764814185E-006
         623   6.1411680660885316E-006
         624   8.7749957802543989E-006
         625   8.5426217694341965E-006
         626   7.5000406119902292E-006
         627   5.8612793389430826E-006
         628   8.2602696843692141E-006
         629   6.4242276918499188E-006
         630   8.6069883516550586E-006
         631   8.1813379737770370E-006
         632   8.7542701786627671E-006
         633   4.9557569073662694E-006
         634   9.6866609625684891E-006
         635   5.5177965191209382E-006
         636   8.2509071083607996E-006
         637   6.0694170458004450E-006
         638   6.8311509263820457E-006
         639   5.8369907609731762E-006
         640   4.4610502601541210E-006
         641   4.4485655192415916E-006
         642   6.5543617505633250E-006
         643   7.1092939675082669E-006
         644   5.9385831205592086E-006
         645   4.0111046367084430E-006
         646   1.9039895993976281E-006
         647   4.5550388036016253E-006
         648   3.4057968926157822E-006
         649   6.0366285088902744E-006
         650   2.6320208723288477E-006
         651   4.1260867165918345E-006
         652   5.2346955828905716E-006
         653   4.2842362141173859E-006
         654   4.2728173804175990E-006
         655   3.7045008208231744E-006
         656   3.6913370654206249E-006
         657   3.8665242140241516E-006
         658   5.5044530719236650E-006
         659   4.3901036341441853E-006
         660   3.1001497323274813E-006
         661   6.3652806303733638E-006
         662   4.7136662394833741E-006
         663   4.7005967328286015E-006
         664   3.2449622130194664E-006
         665   2.6955870115087751E-006
         666   3.5810638423324420E-006
         667   5.0028485975825679E-006
         668   2.6719002282498753E-006
         669   2.3081039852068081E-006
         670   5.4849940786193182E-006
         671   2.2937818512255359E-006
         672   3.5200641200074626E-006
         673   2.1047125403527813E-006
         674   2.9735617686046507E-006
         675   2.6161055745854335E-006
         676   4.1711495979815020E-006
         677   2.7736153846591999E-006
         678   3.4564914661742906E-006
         679   2.9306080946864265E-006
         680   3.0943844435331941E-006
         681   2.9119785553122854E-006
         682   4.1004673060026738E-006
         683   3.5771423712238891E-006
         684   2.5469988398946087E-006
         685   1.5246176702607137E-006
         686   2.1956932035090990E-006
         687   2.3570990098016188E-006
         688   1.8470203636758769E-006
         689   2.3430511873547511E-006
         690   2.3370765808761004E-006
         691   3.3277915425076338E-006
         692   1.9914195779658368E-006
         693   1.8205346237491777E-006
         694   3.4636124184225772E-006
         695   3.6198514526413885E-006
         696   3.1172338771246053E-006
         697   2.2895041173902330E-006
         698   2.7729815630864699E-006
         699   1.9522776505484161E-006
         700   2.9198115672668960E-006
         701   1.4555331650415012E-006
         702   2.4182846740586048E-006
         703   2.0904699778151671E-006
         704   2.0836762994187940E-006
         705   1.2790521464734724E-006
         706   2.0725935615294685E-006
         707   9.5414013572640159E-007
         708   2.2196959209058837E-006
         709   9.4869386060074560E-007
         710   2.6793554949425158E-006
         711   3.2996752987643963E-006
         712   1.4116575048749615E-006
         713   1.0942043404374143E-006
         714   1.2477160231530175E-006
         715   6.2176421907411775E-007
         716   6.1997420280037245E-007
         717   9.2782123374331946E-007
         718   4.6195668093408180E-007
         719   9.2217934867113637E-007
         720   1.6864723852292335E-006
         721   1.6820087950349276E-006
         722   3.0500236325183908E-007
         723   6.0802062161430397E-007
         724   1.9696279066560943E-006
         725   1.2094445035465319E-006
         726   1.6583499150220578E-006
         727   1.2028372680268434E-006
         728   1.4992793154325471E-006
         729   4.4836915465957025E-007
         730   1.3418871053578337E-006
         731   1.0412300715737210E-006
         732   1.0379512529772520E-006
         733   1.3310729031076411E-006
         734   1.7702521194659396E-006
         735   5.8869711868506045E-007
         736   1.6134011813905150E-006
         737   8.7777670365746440E-007
         738   1.0211120396246315E-006
         739   1.4547813040892063E-006
         740   7.2548294975604622E-007
         741   1.3022560943703912E-006
         742   1.8770950246569151E-006
         743   1.0074362138853180E-006
         744   1.2918573540625893E-006
         745   1.4323291586597115E-006
         746   5.7083546236845520E-007
         747   7.1234044350573532E-007
         748   7.0995740997076102E-007
         749   9.9144072595239619E-007
         750   1.9777042131077638E-006
         751   1.2688690839305786E-006
         752   9.8432686686810701E-007
         753   9.8109505798568820E-007
         754   9.7815121450973349E-007
         755   5.5761248275750043E-007
         756   1.1125879168260076E-006
         757   4.1585915839245173E-007
         758   6.9139609217666478E-007
         759   1.5183485923377250E-006
         760   6.8801631282924219E-007
         761   8.2326322293033061E-007
         762   6.8411656102930774E-007
         763   9.5559359155054764E-007
         764   4.0856961619710424E-007
         765   2.7182931265955196E-007
         766   1.3534366225514389E-007
         767   1.0802683026786147E-006
         768   1.3470118083827245E-006
         769   6.7200078006367078E-007
         770   4.0208334452186517E-007
         771   8.0175866979380676E-007
         772   2.6660366046309097E-007
         773   2.6599898964083507E-007
         774   2.6539246241642962E-007
         775   1.3226556447591727E-007
         776   5.2808936363572049E-007
         777   2.6342409653042171E-007
         778   7.8789876025254039E-007
         779   6.5506329851588345E-007
         780   2.6133772093049896E-007
         781   9.1211893444966829E-007
         782   5.1979205821919378E-007
         783   7.7810761964866812E-007
         784   2.5872366138193041E-007
         785   7.7412605870048344E-007
         786   2.5720329282353136E-007
         787   3.8501979823458704E-007
         788   2.5595105689003155E-007
         789   2.5533887462256652E-007
         790   3.8232258127358835E-007
         791   1.2686872328220747E-007
         792   1.2680527046465872E-007
         793   1.2642653591039986E-007
         794   6.3057048340936607E-007
         795   5.0305674658837884E-007
         796   2.5110223883466117E-007
         797   2.5005643182574614E-007
         798   1.2492614450025894E-007
         799   7.4690248354802376E-007
         800   6.2121084156725174E-007
         801   2.4774549848112917E-007
         802   1.2353675490098475E-007
         803   1.2337923795766143E-007
         804   1.2302254148030427E-007
         805   3.6783894233950602E-007
         806   2.4474517853484995E-007
         807   3.6606110590841014E-007
         808   1.2175596718488366E-007
         809   0.0000000000000000E+000
         810   1.2119089321259754E-007
         811   2.4189726588998524E-007
         812   0.0000000000000000E+000
         813   2.4037652187081156E-007
         814   9.5951087941065074E-007
         815   2.3914293716908215E-007
         816   1.1926637325968371E-007
         817   1.1897301102428031E-007
         818   5.9412477377512676E-007
         819   2.3693841028183246E-007
         820   1.1815612337536342E-007
         821   1.1785078994566496E-007
         822   1.1761572134151613E-007
         823   2.3458115148219737E-007
         824   1.1694850443466812E-007
         825   0.0000000000000000E+000
         826   1.1642416354652253E-007
         827   0.0000000000000000E+000
         828   0.0000000000000000E+000
         829   0.0000000000000000E+000
         830   1.1523806999906500E-007
         831   0.0000000000000000E+000
         832   1.1486276310690804E-007
         833   1.1443305549625961E-007
         834   0.0000000000000000E+000
         835   0.0000000000000000E+000
         836   0.0000000000000000E+000
         837   1.1351715912240971E-007
         838   3.3950813051612226E-007
         839   1.1285303155629284E-007
         840   0.0000000000000000E+000
         841   0.0000000000000000E+000
         842   2.2401560152260069E-007
         843   2.2361328373551547E-007
         844   1.1162128876273978E-007
         845   0.0000000000000000E+000
         846   0.0000000000000000E+000
         847   0.0000000000000000E+000
         848   1.1044591724272212E-007
         849   0.0000000000000000E+000
         850   2.2006827977120594E-007
         851   1.0965057191096412E-007
         852   0.0000000000000000E+000
         853   2.1845428730937417E-007
         854   0.0000000000000000E+000
         855   0.0000000000000000E+000
         856   0.0000000000000000E+000
         857   0.0000000000000000E+000
         858   0.0000000000000000E+000
         859   0.0000000000000000E+000
         860   0.0000000000000000E+000
         861   0.0000000000000000E+000
         862   2.1399278493507131E-007
         863   0.0000000000000000E+000
         864   1.0651587258259090E-007
         865   0.0000000000000000E+000
         866   0.0000000000000000E+000
         867   0.0000000000000000E+000
         868   0.0000000000000000E+000
         869   0.0000000000000000E+000
         870   0.0000000000000000E+000
         871   0.0000000000000000E+000
         872   0.0000000000000000E+000
         873   0.0000000000000000E+000
         874   1.0402364348594319E-007
         875   0.0000000000000000E+000
         876   1.0357018104593420E-007
         877   0.0000000000000000E+000
         878   0.0000000000000000E+000
         879   0.0000000000000000E+000
         880   0.0000000000000000E+000
         881   0.0000000000000000E+000
         882   0.0000000000000000E+000
         883   0.0000000000000000E+000
         884   0.0000000000000000E+000
         885   1.0158668899313363E-007
         886   0.0000000000000000E+000
         887   0.0000000000000000E+000
         888   0.0000000000000000E+000
         889   1.0059488274233474E-007
         890   0.0000000000000000E+000
         891   0.0000000000000000E+000
         892   0.0000000000000000E+000
         893   0.0000000000000000E+000
         894   0.0000000000000000E+000
         895   0.0000000000000000E+000
         896   0.0000000000000000E+000
         897   0.0000000000000000E+000
         898   0.0000000000000000E+000
         899   0.0000000000000000E+000
         900   1.9619975014752377E-007
         901   0.0000000000000000E+000
         902   0.0000000000000000E+000
         903   0.0000000000000000E+000
         904   0.0000000000000000E+000
         905   9.7090380066624984E-008
         906   0.0000000000000000E+000
         907   0.0000000000000000E+000
         908   0.0000000000000000E+000
         909   0.0000000000000000E+000
         910   0.0000000000000000E+000
         911   1.9168339434001955E-007
         912   0.0000000000000000E+000
         913   1.9073615775507652E-007
         914   1.9045014427416716E-007
         915   0.0000000000000000E+000
         916   0.0000000000000000E+000
         917   0.0000000000000000E+000
         918   9.4354095596464693E-008
         919   0.0000000000000000E+000
         920   9.3984227835896124E-008
         921   0.0000000000000000E+000
         922   0.0000000000000000E+000
         923   0.0000000000000000E+000
         924   0.0000000000000000E+000
         925   0.0000000000000000E+000
         926   0.0000000000000000E+000
         927   0.0000000000000000E+000
         928   0.0000000000000000E+000
         929   0.0000000000000000E+000
         930   0.0000000000000000E+000
         931   0.0000000000000000E+000
         932   0.0000000000000000E+000
         933   0.0000000000000000E+000
         934   0.0000000000000000E+000
         935   0.0000000000000000E+000
         936   0.0000000000000000E+000
         937   0.0000000000000000E+000
         938   0.0000000000000000E+000
         939   0.0000000000000000E+000
         940   0.0000000000000000E+000
         941   0.0000000000000000E+000
         942   8.9495321269156599E-008
         943   8.9445424716601051E-008
         944   0.0000000000000000E+000
         945   0.0000000000000000E+000
         946   0.0000000000000000E+000
         947   0.0000000000000000E+000
         948   0.0000000000000000E+000
         949   0.0000000000000000E+000
         950   0.0000000000000000E+000
         951   0.0000000000000000E+000
         952   0.0000000000000000E+000
         953   0.0000000000000000E+000
         954   0.0000000000000000E+000
         955   0.0000000000000000E+000
         956   0.0000000000000000E+000
         957   0.0000000000000000E+000
         958   0.0000000000000000E+000
         959   0.0000000000000000E+000
         960   0.0000000000000000E+000
         961   0.0000000000000000E+000
         962   0.0000000000000000E+000
         963   0.0000000000000000E+000
         964   0.0000000000000000E+000
         965   0.0000000000000000E+000
         966   0.0000000000000000E+000
         967   0.0000000000000000E+000
         968   0.0000000000000000E+000
         969   0.0000000000000000E+000
         970   0.0000000000000000E+000
         971   0.0000000000000000E+000
         972   0.0000000000000000E+000
         973   0.0000000000000000E+000
         974   0.0000000000000000E+000
         975   0.0000000000000000E+000
         976   0.0000000000000000E+000
         977   0.0000000000000000E+000
         978   0.0000000000000000E+000
         979   0.0000000000000000E+000
         980   0.0000000000000000E+000
         981   0.0000000000000000E+000
         982   0.0000000000000000E+000
         983   0.0000000000000000E+000
         984   0.0000000000000000E+000
         985   0.0000000000000000E+000
         986   0.0000000000000000E+000
         987   0.0000000000000000E+000
         988   0.0000000000000000E+000
         989   0.0000000000000000E+000
         990   0.0000000000000000E+000
         991   0.0000000000000000E+000
         992   0.0000000000000000E+000
         993   0.0000000000000000E+000
         994   0.0000000000000000E+000
         995   0.0000000000000000E+000
         996   0.0000000000000000E+000
         997   0.0000000000000000E+000
         998   0.0000000000000000E+000
         999   0.0000000000000000E+000
        1000   0.0000000000000000E+000
