           1  0.61120967307965790     
           2  0.19666127023440599     
           3  0.38416431601274498     
           4  0.35896173236086609     
           5  0.32958611962678347     
           6  0.27594813183110128     
           7  0.26618029079303673     
           8  0.30681887344722597     
           9  0.31131364902326902     
          10  0.33713092912691606     
          11  0.30313920067315214     
          12  0.29127002950093278     
          13  0.24012923689235771     
          14  0.24867625254866288     
          15  0.24051694178376173     
          16  0.23967477309256477     
          17  0.24102580462655310     
          18  0.23269306893941716     
          19  0.25489391154794355     
          20  0.22101737328172166     
          21  0.23076731234589967     
          22  0.22081821215953265     
          23  0.22182945310930174     
          24  0.20818782461044108     
          25  0.19926128863099826     
          26  0.20166967418829196     
          27  0.20384410924787344     
          28  0.20242810366972994     
          29  0.19596253239566114     
          30  0.19181805584402103     
          31  0.18025718288551068     
          32  0.18365644699388764     
          33  0.17644215802468691     
          34  0.18243722023195902     
          35  0.17575503022394998     
          36  0.16839146475970623     
          37  0.15622961845643110     
          38  0.16225167934142515     
          39  0.15656883764376561     
          40  0.15428193440294685     
          41  0.15765424177819853     
          42  0.14912267075336613     
          43  0.14613301006406465     
          44  0.14462241988682603     
          45  0.13882683959860403     
          46  0.13886344452588389     
          47  0.13711362419663228     
          48  0.13081532270292590     
          49  0.12639846299797680     
          50  0.12486667984614255     
          51  0.12477050292107628     
          52  0.11534086877027062     
          53  0.11955392548946089     
          54  0.11677436307774951     
          55  0.11702308145395006     
          56  0.11216147410928566     
          57  0.11060374392297292     
          58  0.10750547193360123     
          59  0.10364970351042940     
          60  0.10346607492005881     
          61   9.9698007724522072E-002
          62  0.10141498179971520     
          63   9.7996363774923753E-002
          64   9.3539530169477109E-002
          65   9.1028916118939124E-002
          66   8.9653156707995091E-002
          67   8.8314267337005703E-002
          68   8.9600760981490987E-002
          69   8.3377761777986156E-002
          70   8.3153894696478367E-002
          71   8.0987347942261118E-002
          72   7.9677507594512004E-002
          73   7.8861939894029440E-002
          74   7.7704951231654398E-002
          75   7.3670366684242483E-002
          76   7.2613532458800187E-002
          77   6.9967409309444173E-002
          78   7.0898401941193331E-002
          79   6.7799643410681967E-002
          80   6.6616663095181217E-002
          81   6.4294597526462299E-002
          82   6.5651995591388360E-002
          83   6.4371481338897307E-002
          84   6.3079932788605408E-002
          85   6.1562579315559661E-002
          86   5.9140473000759891E-002
          87   6.0293769896946986E-002
          88   5.7003609407800498E-002
          89   5.6239671237908163E-002
          90   5.4320663282167288E-002
          91   5.3835483394543443E-002
          92   5.3990410584562998E-002
          93   5.3783199851994742E-002
          94   5.0428405338261019E-002
          95   4.8413873451500861E-002
          96   5.0102690539523383E-002
          97   4.8063546132756811E-002
          98   4.6479193026731522E-002
          99   4.5684313123301727E-002
         100   4.4265625277685988E-002
         101   4.3186646338592032E-002
         102   4.2986046993600514E-002
         103   4.3092219581023890E-002
         104   4.1241149131835610E-002
         105   4.1293692565085964E-002
         106   4.0157822673942981E-002
         107   3.9759902598822401E-002
         108   3.7953596534203056E-002
         109   3.7541115960690284E-002
         110   3.8005880688708159E-002
         111   3.5930072714627184E-002
         112   3.5807711444525471E-002
         113   3.4946761133689483E-002
         114   3.3973075185797487E-002
         115   3.3142515173029768E-002
         116   3.2277407849926540E-002
         117   3.2198671938924402E-002
         118   3.0675709621146362E-002
         119   3.0472076359284072E-002
         120   2.9356053556959135E-002
         121   2.9132785038816476E-002
         122   2.8200960374954901E-002
         123   2.7692962381349447E-002
         124   2.7896176887533868E-002
         125   2.7020612742252311E-002
         126   2.7083464600007750E-002
         127   2.6019630214497380E-002
         128   2.4485709143616734E-002
         129   2.5024343488653591E-002
         130   2.4628414049946198E-002
         131   2.3801737888779779E-002
         132   2.3470608692563573E-002
         133   2.2526392081908566E-002
         134   2.2238841448021972E-002
         135   2.2120358345302585E-002
         136   2.1321234443952806E-002
         137   2.1281691622658114E-002
         138   2.0573251770603491E-002
         139   1.9945923564141786E-002
         140   1.9941348635868116E-002
         141   1.9694356422544863E-002
         142   1.8678048371803396E-002
         143   1.8829937665688686E-002
         144   1.7990588036636553E-002
         145   1.7782102462452935E-002
         146   1.7315338914993827E-002
         147   1.6968603642663688E-002
         148   1.6961007493846703E-002
         149   1.6167194271058144E-002
         150   1.5927598490363636E-002
         151   1.4740203788835534E-002
         152   1.5220345093391551E-002
         153   1.4719614439934980E-002
         154   1.5383478599185912E-002
         155   1.4522659718440563E-002
         156   1.3971653961039440E-002
         157   1.3707857997559020E-002
         158   1.3557503955390625E-002
         159   1.3233574176229215E-002
         160   1.3129656849269707E-002
         161   1.2984580997015887E-002
         162   1.2624271096378370E-002
         163   1.2074100476876052E-002
         164   1.1728498129722483E-002
         165   1.1511151127918427E-002
         166   1.1031144037377318E-002
         167   1.1259743141395138E-002
         168   1.1197488700826496E-002
         169   1.0536284348918727E-002
         170   1.0533132001872388E-002
         171   1.0595047356616275E-002
         172   1.0077745959359371E-002
         173   9.6590421163933547E-003
         174   9.7408782961271017E-003
         175   9.4489140450296442E-003
         176   9.3646885781552090E-003
         177   9.0815321338041776E-003
         178   8.6169597683635208E-003
         179   8.3054954910842284E-003
         180   8.3410845168161891E-003
         181   8.2203731227433966E-003
         182   8.3453568280350554E-003
         183   8.3312886582878887E-003
         184   7.8826351168582078E-003
         185   7.6805731113798867E-003
         186   7.2270824010850767E-003
         187   7.4601017006728767E-003
         188   7.3174826320431003E-003
         189   7.0009910793590252E-003
         190   6.9777176775725367E-003
         191   6.7152678816460466E-003
         192   6.6138126218810512E-003
         193   6.2144608838327394E-003
         194   6.3588474626865956E-003
         195   6.3734406036641692E-003
         196   6.0821855603618346E-003
         197   5.9162165029882216E-003
         198   5.6871801780265093E-003
         199   5.6900891186121554E-003
         200   5.3569286964610498E-003
         201   5.2939455968474798E-003
         202   5.2474032262272985E-003
         203   4.9002456388856711E-003
         204   4.9015390959293442E-003
         205   4.9594890202301995E-003
         206   4.5888455569970277E-003
         207   4.7516448285894212E-003
         208   4.7613538892564032E-003
         209   4.5632234699895715E-003
         210   4.3315016167969891E-003
         211   4.2888074518259893E-003
         212   4.4073041863002963E-003
         213   4.1917278110504570E-003
         214   3.9724887700449225E-003
         215   4.1076581750135958E-003
         216   4.0069184434392566E-003
         217   3.8154219987585592E-003
         218   3.8266565690904843E-003
         219   3.5944928636970227E-003
         220   3.5349796171889555E-003
         221   3.5846985611436622E-003
         222   3.5201667404885640E-003
         223   3.4158149477590606E-003
         224   3.2962625107702025E-003
         225   3.2099585168392539E-003
         226   3.2805724993840877E-003
         227   3.1090422967182622E-003
         228   3.1788396283220265E-003
         229   2.9642563580342340E-003
         230   2.8907149472371459E-003
         231   2.9414427072681827E-003
         232   2.8530978787578804E-003
         233   2.8445963455816653E-003
         234   2.5539208902226078E-003
         235   2.8756179528036342E-003
         236   2.4585009615932271E-003
         237   2.5082091512056647E-003
         238   2.6355722449497633E-003
         239   2.3514134465326512E-003
         240   2.3445522854001893E-003
         241   2.2858415999170503E-003
         242   2.2950865770812812E-003
         243   2.2590071659641248E-003
         244   2.1435102534398316E-003
         245   2.0703787865631652E-003
         246   2.0299807861857417E-003
         247   1.9488262519792650E-003
         248   1.9820085722959298E-003
         249   1.8687798856232265E-003
         250   1.8174512934763757E-003
         251   1.8166003167867251E-003
         252   1.8335779448804647E-003
         253   1.7855892620669371E-003
         254   1.7089273252580486E-003
         255   1.5542099565657285E-003
         256   1.6378280413129624E-003
         257   1.6274025132545318E-003
         258   1.5124849263662037E-003
         259   1.5894275976327081E-003
         260   1.4880027413081208E-003
         261   1.4335378007482862E-003
         262   1.4355794191746080E-003
         263   1.3936476567304630E-003
         264   1.3114879083526198E-003
         265   1.3897471674905583E-003
         266   1.3198698643447516E-003
         267   1.3022629182549731E-003
         268   1.3300117172553012E-003
         269   1.1909735784293659E-003
         270   1.1625348969703641E-003
         271   1.2071250733929370E-003
         272   1.1960409167050374E-003
         273   1.2659750495403719E-003
         274   1.1437190292671281E-003
         275   1.0421338527806213E-003
         276   1.0086844692413419E-003
         277   1.0322480997911210E-003
         278   9.8295707010193382E-004
         279   9.6881191391138372E-004
         280   9.8103379844105489E-004
         281   9.8618911429068342E-004
         282   9.2146318215186496E-004
         283   8.9414523043527888E-004
         284   8.7013959130754169E-004
         285   8.7958945087765624E-004
         286   8.8410887740239443E-004
         287   7.9897219835578200E-004
         288   8.0042910371780416E-004
         289   8.1371186938561586E-004
         290   7.5818444183250327E-004
         291   7.7624014038456474E-004
         292   7.7109421018702994E-004
         293   7.5943791711903335E-004
         294   7.2579102549274490E-004
         295   6.4803911727790385E-004
         296   6.9791169357353634E-004
         297   6.6171953529033003E-004
         298   6.3946483696994915E-004
         299   6.9808963832054154E-004
         300   6.2482831189221270E-004
         301   6.4699053404589492E-004
         302   6.2610917829229859E-004
         303   6.2375479868497863E-004
         304   5.4242472920517943E-004
         305   6.0030028947624463E-004
         306   4.9724339611626140E-004
         307   5.1673675841995364E-004
         308   4.9247555521298011E-004
         309   5.4991611327011400E-004
         310   4.9445606258700166E-004
         311   5.2234206987567628E-004
         312   4.7759587121073261E-004
         313   4.7604667182220213E-004
         314   4.4330276025955124E-004
         315   4.5250977688325404E-004
         316   4.4962284666565897E-004
         317   4.0183232707220664E-004
         318   4.3068348186282824E-004
         319   4.0540059585509935E-004
         320   4.0675698376549157E-004
         321   3.6647102453556921E-004
         322   3.9254623047762653E-004
         323   3.8933923200381703E-004
         324   3.6277429898161096E-004
         325   3.7631822842985728E-004
         326   3.5762872848064313E-004
         327   3.5608925654069567E-004
         328   3.1045135489646877E-004
         329   3.2619681749475766E-004
         330   3.2995686086721362E-004
         331   3.1354333275680595E-004
         332   3.3185428890913357E-004
         333   3.0399163426860827E-004
         334   2.6739410127301239E-004
         335   2.8842030194521341E-004
         336   2.9444068796388717E-004
         337   3.0736781596615403E-004
         338   2.6601351477496192E-004
         339   2.6097350079182761E-004
         340   2.6769975424036611E-004
         341   2.4841025162253326E-004
         342   2.6724466600177319E-004
         343   2.7378690381525353E-004
         344   2.4875099823015132E-004
         345   2.4063542623927066E-004
         346   2.2534576972005051E-004
         347   1.9643293877312252E-004
         348   2.2736789059685694E-004
         349   2.1500706214222246E-004
         350   2.1312628351985362E-004
         351   2.1516466430424502E-004
         352   2.0688754738514679E-004
         353   2.0949492119197707E-004
         354   1.9501279808797545E-004
         355   2.1283167267284329E-004
         356   1.8284366895672351E-004
         357   1.9116578395749514E-004
         358   1.7836016443104383E-004
         359   1.7424094212980994E-004
         360   1.8920290487036781E-004
         361   1.7780503482440043E-004
         362   1.6350400608538499E-004
         363   1.5175514355170335E-004
         364   1.5755647145698149E-004
         365   1.4716469496655349E-004
         366   1.5757802184516870E-004
         367   1.6794134651579239E-004
         368   1.4946479761510312E-004
         369   1.5561732596826238E-004
         370   1.2867052044970083E-004
         371   1.4011668061763750E-004
         372   1.2846757440694616E-004
         373   1.1636109479238659E-004
         374   1.4751538158590607E-004
         375   1.2696640499967857E-004
         376   1.2462467640017222E-004
         377   1.0832484066383229E-004
         378   1.0275913080145098E-004
         379   1.1216865986432689E-004
         380   1.1046253922816100E-004
         381   1.1043286657316883E-004
         382   1.1857823315082638E-004
         383   1.2063273825976856E-004
         384   9.9575433738028940E-005
         385   9.8018785475672510E-005
         386   9.5900595943579600E-005
         387   1.0282302152442906E-004
         388   1.0860462584504829E-004
         389   9.8608214742594992E-005
         390   1.1010830916802457E-004
         391   1.0486623157953956E-004
         392   8.6260989671334485E-005
         393   8.8393806387421889E-005
         394   8.2826730648013496E-005
         395   9.1589342862478243E-005
         396   7.7439957134323365E-005
         397   7.6051644930643159E-005
         398   7.2145446594247756E-005
         399   8.2268121775406428E-005
         400   7.7892439382185941E-005
         401   7.6015644878497333E-005
         402   6.9751124007849281E-005
         403   7.6266826168286077E-005
         404   7.3941385412791975E-005
         405   7.0663782030956076E-005
         406   6.1156572946080630E-005
         407   6.0855105266943639E-005
         408   6.2458108347633332E-005
         409   7.7833221461165512E-005
         410   6.2802083556945515E-005
         411   6.5777685568548604E-005
         412   6.0783834623718706E-005
         413   6.1894202130925374E-005
         414   6.0694441046756746E-005
         415   5.7168156471299756E-005
         416   6.1942346927957822E-005
         417   5.0678730817953014E-005
         418   4.5887343068662593E-005
         419   5.3356278384696475E-005
         420   4.9954477565602911E-005
         421   5.2850952479729817E-005
         422   5.8414661458728062E-005
         423   4.6584594166199030E-005
         424   4.4595405030017957E-005
         425   4.7030402781963336E-005
         426   4.6806302665590756E-005
         427   4.3969017881008576E-005
         428   4.3355589108997872E-005
         429   4.3138828821607381E-005
         430   4.7223690384186775E-005
         431   5.3427854820867379E-005
         432   3.7014857180243325E-005
         433   2.4553860014668394E-005
         434   2.8667968640869210E-005
         435   4.1132611648363094E-005
         436   4.3857474948220805E-005
         437   3.7435112472228616E-005
         438   3.7246684158771467E-005
         439   3.2955772216830050E-005
         440   3.6912350146623923E-005
         441   2.8589953916144561E-005
         442   3.0078432795776365E-005
         443   3.3184323548159557E-005
         444   3.7056447571623866E-005
         445   3.2891231187902868E-005
         446   2.3138369496428633E-005
         447   2.5438223047113236E-005
         448   3.3240087387782964E-005
         449   2.5992554799823549E-005
         450   2.3912195264290096E-005
         451   2.3030023389438178E-005
         452   2.2929936629888537E-005
         453   2.7084739159224445E-005
         454   2.4264202052701471E-005
         455   1.8027960498212292E-005
         456   1.9475019713868459E-005
         457   2.6230499301269653E-005
         458   1.0222213646095771E-005
         459   2.0729307017553634E-005
         460   2.0259115024408960E-005
         461   1.9804548135143105E-005
         462   2.4180335043656934E-005
         463   2.1854023563703792E-005
         464   1.8804852859472997E-005
         465   2.0569604424423173E-005
         466   1.7177211651777672E-005
         467   1.6384206775804440E-005
         468   1.8484905086811380E-005
         469   2.2378877657977085E-005
         470   2.3002499189855055E-005
         471   1.5391476207798244E-005
         472   1.4612734612686505E-005
         473   2.0226792503625044E-005
         474   1.6613785216654381E-005
         475   1.6185439829176570E-005
         476   1.1565541727751284E-005
         477   1.5699793278488779E-005
         478   1.4941091937948121E-005
         479   9.6900987551139891E-006
         480   1.2409347975916635E-005
         481   1.1666640301773662E-005
         482   1.3332518070237284E-005
         483   1.1233539050334440E-005
         484   9.4871568343147874E-006
         485   1.5190138059020999E-005
         486   1.2105693172719678E-005
         487   8.0342415865336925E-006
         488   1.7346726761238703E-005
         489   1.1295500246912568E-005
         490   9.9247207729537900E-006
         491   1.2522764035847806E-005
         492   8.8587732252882499E-006
         493   8.4991165438202464E-006
         494   9.7676359060872290E-006
         495   9.4007562228522198E-006
         496   9.0391505968067139E-006
         497   1.0610194132918484E-005
         498   1.0570475701497828E-005
         499   1.0529044496330996E-005
         500   1.2393138337947212E-005
         501   1.3291770450723399E-005
         502   5.6741022814171821E-006
         503   7.8488691543896496E-006
         504   7.4998318304464535E-006
         505   1.0895672666039982E-005
         506   8.9954039089424941E-006
         507   9.5833098802024846E-006
         508   7.3902420859513146E-006
         509   5.2085673976286761E-006
         510   6.4139949021334867E-006
         511   9.4295418397788611E-006
         512   6.6662834264924233E-006
         513   9.3541367545192846E-006
         514   6.3077746476551495E-006
         515   6.2891736597234112E-006
         516   4.4772508133922496E-006
         517   5.0511737764212403E-006
         518   6.2182864090492105E-006
         519   4.4242365740802469E-006
         520   4.7001918087718743E-006
         521   5.8492680177113946E-006
         522   4.6661396515644518E-006
         523   5.2276147467972719E-006
         524   6.3623376737374631E-006
         525   7.7772533760690022E-006
         526   4.8797585391286320E-006
         527   5.7176701523932355E-006
         528   6.5514688925804591E-006
         529   4.2586032303014881E-006
         530   6.7838659593459404E-006
         531   2.8184833217343477E-006
         532   3.9290249331690802E-006
         533   3.0766093884577701E-006
         534   5.0153585230753883E-006
         535   5.2713704298149586E-006
         536   4.9783602073013513E-006
         537   3.8573174993046832E-006
         538   4.6666592976480816E-006
         539   4.6474648891933539E-006
         540   3.8130473327555169E-006
         541   4.3416839820812398E-006
         542   2.9737148899771560E-006
         543   3.7730707463103562E-006
         544   4.0266821783737036E-006
         545   5.8864639083524769E-006
         546   1.8655520723824184E-006
         547   2.1246097900028135E-006
         548   1.5860005758312906E-006
         549   3.9546958460567690E-006
         550   2.0992342408885408E-006
         551   3.6634758948079506E-006
         552   2.8698502774944248E-006
         553   2.8557283648524019E-006
         554   1.5530523805064548E-006
         555   3.3536319892772024E-006
         556   2.3126515115519757E-006
         557   3.3293201802086322E-006
         558   2.8073299862302226E-006
         559   2.2886564866924568E-006
         560   4.8144898650101096E-006
         561   1.5137083071027914E-006
         562   3.0175170170112085E-006
         563   2.0060783969889903E-006
         564   2.2474285460133267E-006
         565   1.4931160173093482E-006
         566   3.7199312334742087E-006
         567   1.9761334249541446E-006
         568   1.4772730983627578E-006
         569   1.9625376467280047E-006
         570   2.4452320363766993E-006
         571   3.4115964758746374E-006
         572   1.6998458909092039E-006
         573   1.2096912339273023E-006
         574   1.6871895856344266E-006
         575   3.3657558128140247E-006
         576   7.1796201129699622E-007
         577   1.9100031546928900E-006
         578   4.7500253415978190E-007
         579   2.3699145727460563E-006
         580   1.6529090690602565E-006
         581   1.1763957472472756E-006
         582   9.3718226457579758E-007
         583   1.4028689160810240E-006
         584   2.3298518450221724E-007
         585   3.7124354884361311E-006
         586   1.1565346280839307E-006
         587   1.1530100527363199E-006
         588   1.3784244424690948E-006
         589   1.1455990163046283E-006
         590   4.5656703218903594E-007
         591   4.5516964427889174E-007
         592   2.0419381986768104E-006
         593   1.8090128757950348E-006
         594   9.0080105562125667E-007
         595   1.1229007061312290E-006
         596   4.4722674715580945E-007
         597   0.0000000000000000E+000
         598   4.4391469468219297E-007
         599   1.5512602300409079E-006
         600   0.0000000000000000E+000
         601   4.3963695103922291E-007
         602   6.5804219451083271E-007
         603   1.9670173316987872E-006
         604   8.7122249165302796E-007
         605   4.3429220573840686E-007
         606   6.4942391408586766E-007
         607   6.4680039604100090E-007
         608   2.1489564673209622E-007
         609   1.0709063615421632E-006
         610   8.5466944755524478E-007
         611   8.5098180796820244E-007
         612   4.2407918278076868E-007
         613   6.3451047147282342E-007
         614   2.1054438853206887E-007
         615   4.1994553472360706E-007
         616   2.0920275567299656E-007
         617   2.0884783070065727E-007
         618   2.0822859997492357E-007
         619   1.2434264520194825E-006
         620   0.0000000000000000E+000
         621   8.2421472164605534E-007
         622   4.1081571101665153E-007
         623   2.0465742310546421E-007
         624   1.0195853904876878E-006
         625   1.0170291386629771E-006
         626   0.0000000000000000E+000
         627   4.0405922155407005E-007
         628   0.0000000000000000E+000
         629   0.0000000000000000E+000
         630   6.0014934837821848E-007
         631   7.9867349335008534E-007
         632   0.0000000000000000E+000
         633   5.9426857382060404E-007
         634   1.9768734465627913E-007
         635   0.0000000000000000E+000
         636   1.9667958724027270E-007
         637   9.7878847604315418E-007
         638   0.0000000000000000E+000
         639   0.0000000000000000E+000
         640   1.9368086427204460E-007
         641   3.8675016876429701E-007
         642   3.8530807965790459E-007
         643   1.9204489490417970E-007
         644   3.8335204395730351E-007
         645   0.0000000000000000E+000
         646   1.9026621372468367E-007
         647   0.0000000000000000E+000
         648   0.0000000000000000E+000
         649   0.0000000000000000E+000
         650   1.8791158965702018E-007
         651   1.8753255958352918E-007
         652   0.0000000000000000E+000
         653   0.0000000000000000E+000
         654   0.0000000000000000E+000
         655   3.7060592549271467E-007
         656   3.6948001214260804E-007
         657   1.8403330833069614E-007
         658   1.8360984675815260E-007
         659   0.0000000000000000E+000
         660   1.8244102923113309E-007
         661   1.8209370831283512E-007
         662   0.0000000000000000E+000
         663   0.0000000000000000E+000
         664   7.2065928531031840E-007
         665   1.7943903615630695E-007
         666   1.7895734006069708E-007
         667   0.0000000000000000E+000
         668   1.7815193415448599E-007
         669   0.0000000000000000E+000
         670   1.7676513501436041E-007
         671   1.7666312465880520E-007
         672   0.0000000000000000E+000
         673   1.7537673433110294E-007
         674   1.7490962251437058E-007
         675   0.0000000000000000E+000
         676   0.0000000000000000E+000
         677   1.7343624468958022E-007
         678   0.0000000000000000E+000
         679   0.0000000000000000E+000
         680   0.0000000000000000E+000
         681   0.0000000000000000E+000
         682   1.7085810162942878E-007
         683   0.0000000000000000E+000
         684   0.0000000000000000E+000
         685   1.6921099540890036E-007
         686   0.0000000000000000E+000
         687   0.0000000000000000E+000
         688   0.0000000000000000E+000
         689   5.0195358468823936E-007
         690   0.0000000000000000E+000
         691   0.0000000000000000E+000
         692   0.0000000000000000E+000
         693   0.0000000000000000E+000
         694   1.6476364156538970E-007
         695   0.0000000000000000E+000
         696   1.6412160273760371E-007
         697   1.6374139952404428E-007
         698   0.0000000000000000E+000
         699   0.0000000000000000E+000
         700   6.4874847033533409E-007
         701   0.0000000000000000E+000
         702   1.6120443798725323E-007
         703   1.6079384402889573E-007
         704   0.0000000000000000E+000
         705   1.5988862657325880E-007
         706   1.5921515050806254E-007
         707   0.0000000000000000E+000
         708   1.5835487229637876E-007
         709   3.1642256695332490E-007
         710   0.0000000000000000E+000
         711   0.0000000000000000E+000
         712   1.5675938993657467E-007
         713   1.5628791595698546E-007
         714   0.0000000000000000E+000
         715   1.5558807390343338E-007
         716   3.1024987987425505E-007
         717   0.0000000000000000E+000
         718   1.5409939149170387E-007
         719   0.0000000000000000E+000
         720   0.0000000000000000E+000
         721   4.5822034628027788E-007
         722   0.0000000000000000E+000
         723   4.5625786254538245E-007
         724   3.0344465399864905E-007
         725   1.5112630252456066E-007
         726   3.0113801320396617E-007
         727   0.0000000000000000E+000
         728   1.4975111525373393E-007
         729   0.0000000000000000E+000
         730   1.4923937227902007E-007
         731   2.9742915821231315E-007
         732   0.0000000000000000E+000
         733   2.9559035238134664E-007
         734   0.0000000000000000E+000
         735   1.4727102048223694E-007
         736   0.0000000000000000E+000
         737   1.4622090088717143E-007
         738   1.4576090735880738E-007
         739   0.0000000000000000E+000
         740   7.2625915420105671E-007
         741   1.4456864288431232E-007
         742   1.4420801014628786E-007
         743   2.8768513495270288E-007
         744   0.0000000000000000E+000
         745   1.4325694447420785E-007
         746   2.8535718884442274E-007
         747   1.4232177065987115E-007
         748   4.2628522982947474E-007
         749   1.4182423138041616E-007
         750   0.0000000000000000E+000
         751   0.0000000000000000E+000
         752   0.0000000000000000E+000
         753   0.0000000000000000E+000
         754   0.0000000000000000E+000
         755   0.0000000000000000E+000
         756   2.7797581819847107E-007
         757   0.0000000000000000E+000
         758   0.0000000000000000E+000
         759   2.7594545245315045E-007
         760   0.0000000000000000E+000
         761   1.3728814133111141E-007
         762   1.3684022248245195E-007
         763   1.3641706901845961E-007
         764   1.3630605513438158E-007
         765   0.0000000000000000E+000
         766   1.3554989714812482E-007
         767   0.0000000000000000E+000
         768   0.0000000000000000E+000
         769   0.0000000000000000E+000
         770   0.0000000000000000E+000
         771   1.3377242326309705E-007
         772   0.0000000000000000E+000
         773   0.0000000000000000E+000
         774   1.3254809002144061E-007
         775   0.0000000000000000E+000
         776   0.0000000000000000E+000
         777   0.0000000000000000E+000
         778   0.0000000000000000E+000
         779   1.3097169817488092E-007
         780   0.0000000000000000E+000
         781   1.3014948574541292E-007
         782   0.0000000000000000E+000
         783   0.0000000000000000E+000
         784   0.0000000000000000E+000
         785   0.0000000000000000E+000
         786   0.0000000000000000E+000
         787   0.0000000000000000E+000
         788   0.0000000000000000E+000
         789   0.0000000000000000E+000
         790   0.0000000000000000E+000
         791   0.0000000000000000E+000
         792   0.0000000000000000E+000
         793   0.0000000000000000E+000
         794   0.0000000000000000E+000
         795   0.0000000000000000E+000
         796   0.0000000000000000E+000
         797   0.0000000000000000E+000
         798   0.0000000000000000E+000
         799   0.0000000000000000E+000
         800   0.0000000000000000E+000
         801   0.0000000000000000E+000
         802   0.0000000000000000E+000
         803   0.0000000000000000E+000
         804   0.0000000000000000E+000
         805   0.0000000000000000E+000
         806   0.0000000000000000E+000
         807   0.0000000000000000E+000
         808   0.0000000000000000E+000
         809   0.0000000000000000E+000
         810   0.0000000000000000E+000
         811   0.0000000000000000E+000
         812   0.0000000000000000E+000
         813   0.0000000000000000E+000
         814   0.0000000000000000E+000
         815   0.0000000000000000E+000
         816   0.0000000000000000E+000
         817   0.0000000000000000E+000
         818   0.0000000000000000E+000
         819   0.0000000000000000E+000
         820   0.0000000000000000E+000
         821   0.0000000000000000E+000
         822   0.0000000000000000E+000
         823   0.0000000000000000E+000
         824   0.0000000000000000E+000
         825   0.0000000000000000E+000
         826   0.0000000000000000E+000
         827   0.0000000000000000E+000
         828   0.0000000000000000E+000
         829   0.0000000000000000E+000
         830   0.0000000000000000E+000
         831   0.0000000000000000E+000
         832   0.0000000000000000E+000
         833   0.0000000000000000E+000
         834   0.0000000000000000E+000
         835   0.0000000000000000E+000
         836   0.0000000000000000E+000
         837   0.0000000000000000E+000
         838   0.0000000000000000E+000
         839   0.0000000000000000E+000
         840   0.0000000000000000E+000
         841   0.0000000000000000E+000
         842   0.0000000000000000E+000
         843   0.0000000000000000E+000
         844   0.0000000000000000E+000
         845   0.0000000000000000E+000
         846   0.0000000000000000E+000
         847   0.0000000000000000E+000
         848   0.0000000000000000E+000
         849   0.0000000000000000E+000
         850   0.0000000000000000E+000
         851   0.0000000000000000E+000
         852   0.0000000000000000E+000
         853   0.0000000000000000E+000
         854   0.0000000000000000E+000
         855   0.0000000000000000E+000
         856   0.0000000000000000E+000
         857   0.0000000000000000E+000
         858   0.0000000000000000E+000
         859   0.0000000000000000E+000
         860   0.0000000000000000E+000
         861   0.0000000000000000E+000
         862   0.0000000000000000E+000
         863   0.0000000000000000E+000
         864   0.0000000000000000E+000
         865   0.0000000000000000E+000
         866   0.0000000000000000E+000
         867   0.0000000000000000E+000
         868   0.0000000000000000E+000
         869   0.0000000000000000E+000
         870   0.0000000000000000E+000
         871   0.0000000000000000E+000
         872   0.0000000000000000E+000
         873   0.0000000000000000E+000
         874   0.0000000000000000E+000
         875   0.0000000000000000E+000
         876   0.0000000000000000E+000
         877   0.0000000000000000E+000
         878   0.0000000000000000E+000
         879   0.0000000000000000E+000
         880   0.0000000000000000E+000
         881   0.0000000000000000E+000
         882   0.0000000000000000E+000
         883   0.0000000000000000E+000
         884   0.0000000000000000E+000
         885   0.0000000000000000E+000
         886   0.0000000000000000E+000
         887   0.0000000000000000E+000
         888   0.0000000000000000E+000
         889   0.0000000000000000E+000
         890   0.0000000000000000E+000
         891   0.0000000000000000E+000
         892   0.0000000000000000E+000
         893   0.0000000000000000E+000
         894   0.0000000000000000E+000
         895   0.0000000000000000E+000
         896   0.0000000000000000E+000
         897   0.0000000000000000E+000
         898   0.0000000000000000E+000
         899   0.0000000000000000E+000
         900   0.0000000000000000E+000
         901   0.0000000000000000E+000
         902   0.0000000000000000E+000
         903   0.0000000000000000E+000
         904   0.0000000000000000E+000
         905   0.0000000000000000E+000
         906   0.0000000000000000E+000
         907   0.0000000000000000E+000
         908   0.0000000000000000E+000
         909   0.0000000000000000E+000
         910   0.0000000000000000E+000
         911   0.0000000000000000E+000
         912   0.0000000000000000E+000
         913   0.0000000000000000E+000
         914   0.0000000000000000E+000
         915   0.0000000000000000E+000
         916   0.0000000000000000E+000
         917   0.0000000000000000E+000
         918   0.0000000000000000E+000
         919   0.0000000000000000E+000
         920   0.0000000000000000E+000
         921   0.0000000000000000E+000
         922   0.0000000000000000E+000
         923   0.0000000000000000E+000
         924   0.0000000000000000E+000
         925   0.0000000000000000E+000
         926   0.0000000000000000E+000
         927   0.0000000000000000E+000
         928   0.0000000000000000E+000
         929   0.0000000000000000E+000
         930   0.0000000000000000E+000
         931   0.0000000000000000E+000
         932   0.0000000000000000E+000
         933   0.0000000000000000E+000
         934   0.0000000000000000E+000
         935   0.0000000000000000E+000
         936   0.0000000000000000E+000
         937   0.0000000000000000E+000
         938   0.0000000000000000E+000
         939   0.0000000000000000E+000
         940   0.0000000000000000E+000
         941   0.0000000000000000E+000
         942   0.0000000000000000E+000
         943   0.0000000000000000E+000
         944   0.0000000000000000E+000
         945   0.0000000000000000E+000
         946   0.0000000000000000E+000
         947   0.0000000000000000E+000
         948   0.0000000000000000E+000
         949   0.0000000000000000E+000
         950   0.0000000000000000E+000
         951   0.0000000000000000E+000
         952   0.0000000000000000E+000
         953   0.0000000000000000E+000
         954   0.0000000000000000E+000
         955   0.0000000000000000E+000
         956   0.0000000000000000E+000
         957   0.0000000000000000E+000
         958   0.0000000000000000E+000
         959   0.0000000000000000E+000
         960   0.0000000000000000E+000
         961   0.0000000000000000E+000
         962   0.0000000000000000E+000
         963   0.0000000000000000E+000
         964   0.0000000000000000E+000
         965   0.0000000000000000E+000
         966   0.0000000000000000E+000
         967   0.0000000000000000E+000
         968   0.0000000000000000E+000
         969   0.0000000000000000E+000
         970   0.0000000000000000E+000
         971   0.0000000000000000E+000
         972   0.0000000000000000E+000
         973   0.0000000000000000E+000
         974   0.0000000000000000E+000
         975   0.0000000000000000E+000
         976   0.0000000000000000E+000
         977   0.0000000000000000E+000
         978   0.0000000000000000E+000
         979   0.0000000000000000E+000
         980   0.0000000000000000E+000
         981   0.0000000000000000E+000
         982   0.0000000000000000E+000
         983   0.0000000000000000E+000
         984   0.0000000000000000E+000
         985   0.0000000000000000E+000
         986   0.0000000000000000E+000
         987   0.0000000000000000E+000
         988   0.0000000000000000E+000
         989   0.0000000000000000E+000
         990   0.0000000000000000E+000
         991   0.0000000000000000E+000
         992   0.0000000000000000E+000
         993   0.0000000000000000E+000
         994   0.0000000000000000E+000
         995   0.0000000000000000E+000
         996   0.0000000000000000E+000
         997   0.0000000000000000E+000
         998   0.0000000000000000E+000
         999   0.0000000000000000E+000
        1000   0.0000000000000000E+000
