           1  0.63458659328789802     
           2  0.66274984167425799     
           3  0.62465857562530913     
           4  0.47021814329410649     
           5  0.33485958494037743     
           6  0.46021384564081080     
           7  0.43191732930778703     
           8  0.41515492722386999     
           9  0.38044091123275953     
          10  0.44135273872064995     
          11  0.39328338728838419     
          12  0.40051712815887497     
          13  0.37174133965021128     
          14  0.39433993093566327     
          15  0.37506220697679499     
          16  0.37434794054543558     
          17  0.37079300461952819     
          18  0.35706015923747009     
          19  0.36077271796801030     
          20  0.31667300288034744     
          21  0.33322385349978501     
          22  0.33246766161491725     
          23  0.30329778500673382     
          24  0.31498576957864016     
          25  0.29415039887817801     
          26  0.29594612376032936     
          27  0.28621007453531239     
          28  0.27526350254082299     
          29  0.27168536610171740     
          30  0.26691959746297750     
          31  0.26156991211877795     
          32  0.26368624452406703     
          33  0.23759979238364340     
          34  0.23743866916578893     
          35  0.22400751152007695     
          36  0.21227603159063652     
          37  0.22252160211024205     
          38  0.21969633107476966     
          39  0.20996449242018617     
          40  0.20571281994455354     
          41  0.19798488643310744     
          42  0.19196318061996981     
          43  0.19425744303143058     
          44  0.19231724122856070     
          45  0.18541107039621760     
          46  0.17500579343579115     
          47  0.17643449601513220     
          48  0.16919701808926513     
          49  0.16078258580480473     
          50  0.15985571511203417     
          51  0.15908727376245566     
          52  0.15391652693367258     
          53  0.14653100388173554     
          54  0.14778413216897276     
          55  0.14598793166779159     
          56  0.13991802648557380     
          57  0.13804235741489668     
          58  0.13606716376401248     
          59  0.13448784819509479     
          60  0.12633023979754548     
          61  0.12630178237453510     
          62  0.12011883024443827     
          63  0.11923526037309140     
          64  0.11562261477780406     
          65  0.11118544833263060     
          66  0.11022693241183833     
          67  0.10778859998654902     
          68  0.10445577151192505     
          69  0.10310557544513219     
          70   9.8669407481100715E-002
          71   9.8235923033883440E-002
          72   9.5803332100781055E-002
          73   9.3976776714695967E-002
          74   9.4198550188120650E-002
          75   8.8489592636295772E-002
          76   8.7937577165685676E-002
          77   8.4573245463983482E-002
          78   8.2640042940467229E-002
          79   7.9737547014889762E-002
          80   7.6598143542141686E-002
          81   7.6894315105000652E-002
          82   7.4502222615004415E-002
          83   7.2780641995280004E-002
          84   7.1340285518110669E-002
          85   6.9934069295083695E-002
          86   6.7225117786123986E-002
          87   6.7064341899403510E-002
          88   6.5116466573523407E-002
          89   6.5066158121158152E-002
          90   6.2252189865401118E-002
          91   6.2043702554432777E-002
          92   6.1570911583991327E-002
          93   5.7504213006144014E-002
          94   5.6277876069325508E-002
          95   5.4443362770106626E-002
          96   5.3744142551635600E-002
          97   5.1986400122498201E-002
          98   5.2224632576377460E-002
          99   5.0581474916936771E-002
         100   4.9093043187804455E-002
         101   4.6078134669636513E-002
         102   4.7053046371337601E-002
         103   4.6205999681574780E-002
         104   4.3316666289122265E-002
         105   4.5269906295489284E-002
         106   4.2821295035675354E-002
         107   4.1197679485238392E-002
         108   3.9472532695591180E-002
         109   3.8991836130722851E-002
         110   3.7734280689751334E-002
         111   3.8138379917704371E-002
         112   3.6442624605276655E-002
         113   3.5759250080514060E-002
         114   3.5346414308561190E-002
         115   3.3668227420719302E-002
         116   3.3661785379934722E-002
         117   3.2568559320091693E-002
         118   3.1709849125900330E-002
         119   3.1650121745538121E-002
         120   3.0692640923232775E-002
         121   3.0349058751914761E-002
         122   2.8961651235322926E-002
         123   2.8805833017587691E-002
         124   2.8177324400659062E-002
         125   2.7734150219547275E-002
         126   2.6497861651424721E-002
         127   2.6379837530438495E-002
         128   2.6004939377084400E-002
         129   2.4359789814065849E-002
         130   2.3610660711696183E-002
         131   2.4046254444214130E-002
         132   2.3155844509430836E-002
         133   2.1910904554790757E-002
         134   2.1839598336345026E-002
         135   2.0964597006863161E-002
         136   2.0817379267907853E-002
         137   2.0126577648246061E-002
         138   2.0561082932569148E-002
         139   1.9566826759151012E-002
         140   1.8790179460991326E-002
         141   1.8069414521340327E-002
         142   1.8226456575237155E-002
         143   1.7681311483412399E-002
         144   1.7257637135162353E-002
         145   1.7635187213306713E-002
         146   1.5907893137328540E-002
         147   1.5871653659272938E-002
         148   1.5471293481492518E-002
         149   1.5001472237537491E-002
         150   1.4641499003463133E-002
         151   1.4811716523565494E-002
         152   1.4739181514752344E-002
         153   1.3948213606973382E-002
         154   1.3678841356895415E-002
         155   1.3697674294429252E-002
         156   1.3460022246867256E-002
         157   1.2793054257699785E-002
         158   1.2303058564433030E-002
         159   1.1789719677295696E-002
         160   1.1455692771123823E-002
         161   1.1751791335745462E-002
         162   1.1398104537657100E-002
         163   1.0594588453604234E-002
         164   1.0702394314878844E-002
         165   1.0497158251652285E-002
         166   1.0347707671263515E-002
         167   9.9493838503324373E-003
         168   9.5236356120752836E-003
         169   9.6035915500694551E-003
         170   9.1094437363003645E-003
         171   9.0330056382176196E-003
         172   8.8064195836512118E-003
         173   8.5897602227744778E-003
         174   8.3155846686833561E-003
         175   8.4180273056706657E-003
         176   8.0542271612945408E-003
         177   7.8837655558782627E-003
         178   7.5825929017769422E-003
         179   7.7100752045449897E-003
         180   7.1657554457324156E-003
         181   7.2012241910090055E-003
         182   7.1848850006530551E-003
         183   6.7549612231316628E-003
         184   6.6414134735890088E-003
         185   6.6485935984251995E-003
         186   6.3509628633232739E-003
         187   5.9902583088584805E-003
         188   6.1095834431353453E-003
         189   6.2049732199702529E-003
         190   5.9410112477374152E-003
         191   5.6339061551653625E-003
         192   5.5853039463644848E-003
         193   5.4562117426911957E-003
         194   5.3200133966423372E-003
         195   5.1231291071536962E-003
         196   4.8989802225298529E-003
         197   4.9494158632922827E-003
         198   4.6899702687160372E-003
         199   4.7047472449210787E-003
         200   4.4974742890010631E-003
         201   4.4434739278644804E-003
         202   4.0756950554847000E-003
         203   4.2543151950100349E-003
         204   4.1482474248267526E-003
         205   3.9257787147968654E-003
         206   3.9169624779778539E-003
         207   3.7614302506015860E-003
         208   3.7872791557374960E-003
         209   3.7225929536737826E-003
         210   3.4753746705178442E-003
         211   3.5948028793088838E-003
         212   3.3728661543080949E-003
         213   3.2406271440630885E-003
         214   3.2672581191471673E-003
         215   3.2609933152541026E-003
         216   3.0867357352931278E-003
         217   2.8898725098791063E-003
         218   3.0402608568606119E-003
         219   2.8626223822172977E-003
         220   2.8445539160174911E-003
         221   2.6843886648546195E-003
         222   2.6732844774314097E-003
         223   2.5775775219282824E-003
         224   2.4677770297717831E-003
         225   2.3883027926971125E-003
         226   2.4460444277924812E-003
         227   2.3536740882930973E-003
         228   2.2817486321177307E-003
         229   2.2751865218422818E-003
         230   2.2420400728749034E-003
         231   2.1190666535619903E-003
         232   1.9830581588426775E-003
         233   1.9484197879587465E-003
         234   2.0853227323182864E-003
         235   1.9529330722577376E-003
         236   1.9832727041449072E-003
         237   1.9018524079074464E-003
         238   1.8371982287048911E-003
         239   1.6882031441551972E-003
         240   1.6083730116559353E-003
         241   1.6439537733041929E-003
         242   1.6903454000315901E-003
         243   1.6668017829681069E-003
         244   1.6359081434004234E-003
         245   1.4601979805203109E-003
         246   1.5022201536267976E-003
         247   1.4666854521479479E-003
         248   1.3518871075652733E-003
         249   1.4230234189435294E-003
         250   1.4419739442443731E-003
         251   1.4015099308662526E-003
         252   1.2694915767478129E-003
         253   1.2828471478296775E-003
         254   1.2260190008597110E-003
         255   1.2091744327016945E-003
         256   1.1950254845492130E-003
         257   1.1496573357430556E-003
         258   1.1206865843796550E-003
         259   1.0741460688855837E-003
         260   1.1246120444699996E-003
         261   1.0834479088206541E-003
         262   9.5516052220734771E-004
         263   9.4646768082193679E-004
         264   9.7468611633808272E-004
         265   9.1439216490689194E-004
         266   9.5918409473907571E-004
         267   9.1083765811492536E-004
         268   8.5315215904068951E-004
         269   8.2835719014917142E-004
         270   8.9291497092494740E-004
         271   7.6755784547162889E-004
         272   8.3904866248857356E-004
         273   7.8196869386194063E-004
         274   7.4345954132635714E-004
         275   7.4116695059509594E-004
         276   7.2237231988557787E-004
         277   7.2131033744047906E-004
         278   7.2835892622920631E-004
         279   7.3135222585781531E-004
         280   6.4339179344501758E-004
         281   6.5988232628078937E-004
         282   6.4612492509771001E-004
         283   6.3353652326900666E-004
         284   5.3681293260621264E-004
         285   6.3263767007711350E-004
         286   5.5266050594782287E-004
         287   5.3532051047751545E-004
         288   5.8230077441076067E-004
         289   5.1650050359077046E-004
         290   5.7430733893855347E-004
         291   4.9638991915560207E-004
         292   5.0226426440048717E-004
         293   4.7021923433322895E-004
         294   4.7620049099622325E-004
         295   4.5838255227517147E-004
         296   4.3179891156771237E-004
         297   4.3695752452968382E-004
         298   3.8753821095825384E-004
         299   4.0364325813637694E-004
         300   4.1599667696432788E-004
         301   4.2109805426858156E-004
         302   4.1739352026377239E-004
         303   4.0948478057152267E-004
         304   3.4419982205706874E-004
         305   3.5560891569625535E-004
         306   3.2868358074725776E-004
         307   3.4334154434430053E-004
         308   3.3864629877339145E-004
         309   3.2898867288084859E-004
         310   3.1447290657974063E-004
         311   3.1824457603234658E-004
         312   3.0800021382690448E-004
         313   3.1657939784182149E-004
         314   2.8158356471954393E-004
         315   2.8943380244129697E-004
         316   2.6378512218200003E-004
         317   2.5258901198349970E-004
         318   2.5963379105075870E-004
         319   2.5183907136914563E-004
         320   2.4019551355589487E-004
         321   2.4870137852213436E-004
         322   2.5486771244339896E-004
         323   2.3949781312136963E-004
         324   2.2369225452794931E-004
         325   2.5086213730698617E-004
         326   2.4855822472803166E-004
         327   2.0925485363093688E-004
         328   1.9099714899292194E-004
         329   2.0963796418402059E-004
         330   2.2440741264181379E-004
         331   1.9477581934916727E-004
         332   2.1023069152733751E-004
         333   1.9102423081891303E-004
         334   1.7424597392934712E-004
         335   1.8942836694102797E-004
         336   1.7573895549435537E-004
         337   1.9141126164611382E-004
         338   1.7914838688188703E-004
         339   1.5809617060180944E-004
         340   1.6540961274779878E-004
         341   1.6442934683636790E-004
         342   1.7231728013551535E-004
         343   1.5173743878703813E-004
         344   1.4882860594091270E-004
         345   1.5467487812251509E-004
         346   1.1467799014153701E-004
         347   1.3247314071334021E-004
         348   1.2118992927650761E-004
         349   1.3747731237797816E-004
         350   1.1141302169383775E-004
         351   1.5458320617156443E-004
         352   1.1465778221191221E-004
         353   1.2859587651491294E-004
         354   1.2857729805057188E-004
         355   1.2718813880833205E-004
         356   1.0961460837220232E-004
         357   9.4644150002882102E-005
         358   1.1269039627731663E-004
         359   1.0836922952644441E-004
         360   1.0284508828534446E-004
         361   8.8871814863220950E-005
         362   9.3875626923502740E-005
         363   8.1901042304292543E-005
         364   1.0182370982645330E-004
         365   7.6250125346540896E-005
         366   6.8111292219957202E-005
         367   7.9524037270647512E-005
         368   8.0876516148239061E-005
         369   8.1026273750143749E-005
         370   6.2606252715185885E-005
         371   6.4558998677409257E-005
         372   7.5725703875945211E-005
         373   7.0183314732779811E-005
         374   6.5254469876531437E-005
         375   7.2790858663658771E-005
         376   6.0073514918280092E-005
         377   5.8046990122178358E-005
         378   6.8325214065916218E-005
         379   5.0836706779795306E-005
         380   5.7718322057080222E-005
         381   5.6864022525853730E-005
         382   5.4384744787475589E-005
         383   5.3557607394205789E-005
         384   4.8987776301244144E-005
         385   5.8368605806502403E-005
         386   5.1671095510292797E-005
         387   4.3994022426462284E-005
         388   5.6956299486665442E-005
         389   5.1408733497651892E-005
         390   6.1577320604651656E-005
         391   3.6342763458736848E-005
         392   3.1000331024985873E-005
         393   4.7782493969343136E-005
         394   4.3468946508592699E-005
         395   3.8150469563003578E-005
         396   4.6557402187890103E-005
         397   3.9791248357494515E-005
         398   4.5126170501389172E-005
         399   3.6896425381633970E-005
         400   4.0683084915049842E-005
         401   3.9007460488582786E-005
         402   3.5364367254692588E-005
         403   3.1289761246770547E-005
         404   2.5770589476615133E-005
         405   3.9679465736934096E-005
         406   3.5640107290558868E-005
         407   2.4436103647867200E-005
         408   3.5302053946337599E-005
         409   2.9424763417725867E-005
         410   3.5412202499181342E-005
         411   2.5846588900610551E-005
         412   2.6204208978445411E-005
         413   2.6999028644927484E-005
         414   2.3170127256370335E-005
         415   2.0287462781981977E-005
         416   2.6159346961578254E-005
         417   2.2369615984451671E-005
         418   2.4533236947127379E-005
         419   2.1262379034037274E-005
         420   2.1151253002582088E-005
         421   2.0155220004619353E-005
         422   1.7834930637080866E-005
         423   1.5528731030189156E-005
         424   1.7230295425088610E-005
         425   2.0226375604814418E-005
         426   1.4883709804748708E-005
         427   1.9164617219749863E-005
         428   2.0809467520156252E-005
         429   1.6822269416739348E-005
         430   2.1047731359200964E-005
         431   1.3673336533144834E-005
         432   8.0827250576639361E-006
         433   1.6939426177238981E-005
         434   1.8128674434132368E-005
         435   2.0133905743414706E-005
         436   1.9213927800259323E-005
         437   1.5381273532098187E-005
         438   1.5308577585441470E-005
         439   1.6478990946914329E-005
         440   1.4770692712110059E-005
         441   1.0203301484542221E-005
         442   1.4634273857405924E-005
         443   1.4159760383092839E-005
         444   1.1682767740076888E-005
         445   1.6039775699140564E-005
         446   1.4770099312224434E-005
         447   1.2722617094790894E-005
         448   1.1079949670408093E-005
         449   1.1026001203797344E-005
         450   9.8083443441708835E-006
         451   7.4149436214710228E-006
         452   6.6071967831142858E-006
         453   7.7373737779428153E-006
         454   9.2445858160544352E-006
         455   5.7567423051643828E-006
         456   9.5424879240942853E-006
         457   6.4648640644355772E-006
         458   8.7033696601976679E-006
         459   7.9166915498532388E-006
         460   4.8798200193224690E-006
         461   1.2696196980609894E-005
         462   1.0414222228162539E-005
         463   6.6623867394745089E-006
         464   1.2168968634698370E-005
         465   8.0830728575489382E-006
         466   6.2177300460528173E-006
         467   9.8289369668638945E-006
         468   6.5244244325560757E-006
         469   8.3037404391780070E-006
         470   4.3131918253068834E-006
         471   4.6535203538790669E-006
         472   2.8525356755599762E-006
         473   5.3243549684985546E-006
         474   4.5978621839207284E-006
         475   3.8721103229365954E-006
         476   5.9552845485342464E-006
         477   6.6314029418229596E-006
         478   3.4768317042107377E-006
         479   9.0034577382564105E-006
         480   2.4134803737711114E-006
         481   4.8045919431610038E-006
         482   5.1304932194380544E-006
         483   5.1065210235113926E-006
         484   6.4385073567487079E-006
         485   5.7395813925463086E-006
         486   3.7002223155110941E-006
         487   7.0305231859433918E-006
         488   6.0004449837602006E-006
         489   3.9854331140243417E-006
         490   4.3016494429854314E-006
         491   3.2924622320972115E-006
         492   2.9510595149827893E-006
         493   3.2698279385158167E-006
         494   3.5794763922541507E-006
         495   7.1313864239371806E-006
         496   3.5499075706860478E-006
         497   5.4676539788352777E-006
         498   2.8816152748707082E-006
         499   4.7866192806831114E-006
         500   1.5894881240082369E-006
         501   4.7484554112723199E-006
         502   3.1516282426569331E-006
         503   2.8239282427756060E-006
         504   3.7511788197722439E-006
         505   6.8501366785074618E-006
         506   3.1014030147815109E-006
         507   1.5453121083395013E-006
         508   1.8474153385075801E-006
         509   2.4535121167600378E-006
         510   2.7480458266791440E-006
         511   5.1704841455317599E-006
         512   3.3305037738171422E-006
         513   4.2248105321003991E-006
         514   4.2074545492881997E-006
         515   4.7898317857721449E-006
         516   1.7901518252809865E-006
         517   2.3760006998535207E-006
         518   1.1842278310134751E-006
         519   2.0633543152229823E-006
         520   2.0574733027457555E-006
         521   2.3408183567916397E-006
         522   2.9116206399369473E-007
         523   1.1621724716761356E-006
         524   3.7581190994779540E-006
         525   2.0160090533241857E-006
         526   2.5842277791352447E-006
         527   1.7147800320972896E-006
         528   2.8475612914250445E-006
         529   1.7033674333503739E-006
         530   1.9781448285736562E-006
         531   1.9710802719361622E-006
         532   2.2447062713617452E-006
         533   1.6782578368163765E-006
         534   2.7829855011359629E-006
         535   2.4969790781209861E-006
         536   4.1452728809993132E-006
         537   1.1023822562022846E-006
         538   5.4951400469639954E-007
         539   8.2007317496583978E-007
         540   2.4518803658553665E-006
         541   1.9000627027983142E-006
         542   3.2430302657105777E-006
         543   1.0774676482286623E-006
         544   1.8788793947760373E-006
         545   2.9444747956869531E-006
         546   1.8646669222356786E-006
         547   1.3275106665188720E-006
         548   5.2886322265468651E-007
         549   1.0538620413754825E-006
         550   1.5751496117669761E-006
         551   0.0000000000000000E+000
         552   2.0843519191961026E-006
         553   1.8189056550905829E-006
         554   7.7686931785837356E-007
         555   1.8050858767056865E-006
         556   1.5424506108100486E-006
         557   1.5367001370673775E-006
         558   1.5309097933307364E-006
         559   1.7798622081985225E-006
         560   1.5198001262602827E-006
         561   2.0193265391783789E-006
         562   1.5097421472700636E-006
         563   1.0029296089216572E-006
         564   7.4868085446038806E-007
         565   1.7425690855598240E-006
         566   1.2396696395681459E-006
         567   7.4140460098296243E-007
         568   2.4638487076253458E-007
         569   0.0000000000000000E+000
         570   1.7111138880382859E-006
         571   1.4614836977964739E-006
         572   1.7002750182513512E-006
         573   7.2629541277258682E-007
         574   9.6503115975526956E-007
         575   1.2014900095155760E-006
         576   7.1793702155087537E-007
         577   1.1935925899585110E-006
         578   4.7546772026593615E-007
         579   1.1858116863881122E-006
         580   1.6525991176698950E-006
         581   1.4115546213263249E-006
         582   9.3727753475056282E-007
         583   1.4019369650567697E-006
         584   2.3282116477065872E-007
         585   9.2882809936695582E-007
         586   6.9442644414356729E-007
         587   9.2228085350514212E-007
         588   4.5910875679464293E-007
         589   9.1614130273885012E-007
         590   1.5968992880053269E-006
         591   1.5926471906423856E-006
         592   2.2631150104732859E-007
         593   1.3563677702585528E-006
         594   2.2512474637576947E-007
         595   2.2448685772457864E-007
         596   1.5651138702064227E-006
         597   2.2262948032942622E-007
         598   1.1109647607212207E-006
         599   2.2127388972521761E-007
         600   4.4164934637226304E-007
         601   8.7959769248910023E-007
         602   6.5802686116087233E-007
         603   2.1882519785431055E-007
         604   1.0889225106042276E-006
         605   8.6856145357891459E-007
         606   1.2973309455507243E-006
         607   4.3148927525102470E-007
         608   0.0000000000000000E+000
         609   4.2862232498193729E-007
         610   6.3975053732114231E-007
         611   4.2532456547006410E-007
         612   6.3662188679694223E-007
         613   4.2227878548927549E-007
         614   1.0531816692235346E-006
         615   6.3025039051680334E-007
         616   4.1862514249223482E-007
         617   6.2684232318928114E-007
         618   4.1630631310186431E-007
         619   0.0000000000000000E+000
         620   0.0000000000000000E+000
         621   6.1830367946532367E-007
         622   2.0546043641605807E-007
         623   2.0447082397552729E-007
         624   0.0000000000000000E+000
         625   2.0358961485266795E-007
         626   8.1120036294194659E-007
         627   0.0000000000000000E+000
         628   2.0172778422206838E-007
         629   2.0099974528892465E-007
         630   0.0000000000000000E+000
         631   0.0000000000000000E+000
         632   1.9889911495715033E-007
         633   1.9824712443243969E-007
         634   1.9789610777488165E-007
         635   0.0000000000000000E+000
         636   1.9644811555794905E-007
         637   0.0000000000000000E+000
         638   0.0000000000000000E+000
         639   0.0000000000000000E+000
         640   1.9368050282174419E-007
         641   3.8692783193240223E-007
         642   0.0000000000000000E+000
         643   1.9246638541064937E-007
         644   0.0000000000000000E+000
         645   1.9086676940972169E-007
         646   3.8027806454405506E-007
         647   1.8953587885775473E-007
         648   1.8900263453819315E-007
         649   5.6579038103343079E-007
         650   0.0000000000000000E+000
         651   0.0000000000000000E+000
         652   3.7418899410871561E-007
         653   0.0000000000000000E+000
         654   0.0000000000000000E+000
         655   0.0000000000000000E+000
         656   0.0000000000000000E+000
         657   0.0000000000000000E+000
         658   0.0000000000000000E+000
         659   0.0000000000000000E+000
         660   1.8244612840667140E-007
         661   0.0000000000000000E+000
         662   1.8156720634153518E-007
         663   0.0000000000000000E+000
         664   0.0000000000000000E+000
         665   0.0000000000000000E+000
         666   3.5817264835082718E-007
         667   1.7847935816841823E-007
         668   0.0000000000000000E+000
         669   0.0000000000000000E+000
         670   0.0000000000000000E+000
         671   1.7664243160832162E-007
         672   0.0000000000000000E+000
         673   0.0000000000000000E+000
         674   0.0000000000000000E+000
         675   5.2307007418449255E-007
         676   0.0000000000000000E+000
         677   0.0000000000000000E+000
         678   0.0000000000000000E+000
         679   1.7222991277162587E-007
         680   0.0000000000000000E+000
         681   1.7130272642008593E-007
         682   0.0000000000000000E+000
         683   0.0000000000000000E+000
         684   0.0000000000000000E+000
         685   0.0000000000000000E+000
         686   0.0000000000000000E+000
         687   0.0000000000000000E+000
         688   1.6801509753806298E-007
         689   0.0000000000000000E+000
         690   0.0000000000000000E+000
         691   0.0000000000000000E+000
         692   0.0000000000000000E+000
         693   0.0000000000000000E+000
         694   0.0000000000000000E+000
         695   0.0000000000000000E+000
         696   0.0000000000000000E+000
         697   0.0000000000000000E+000
         698   0.0000000000000000E+000
         699   1.6279640538771719E-007
         700   0.0000000000000000E+000
         701   0.0000000000000000E+000
         702   0.0000000000000000E+000
         703   0.0000000000000000E+000
         704   0.0000000000000000E+000
         705   1.5983519167249943E-007
         706   0.0000000000000000E+000
         707   0.0000000000000000E+000
         708   0.0000000000000000E+000
         709   0.0000000000000000E+000
         710   0.0000000000000000E+000
         711   0.0000000000000000E+000
         712   1.5695820677723471E-007
         713   0.0000000000000000E+000
         714   0.0000000000000000E+000
         715   0.0000000000000000E+000
         716   1.5506518947039196E-007
         717   0.0000000000000000E+000
         718   0.0000000000000000E+000
         719   0.0000000000000000E+000
         720   0.0000000000000000E+000
         721   1.5275762053036952E-007
         722   0.0000000000000000E+000
         723   0.0000000000000000E+000
         724   0.0000000000000000E+000
         725   0.0000000000000000E+000
         726   0.0000000000000000E+000
         727   0.0000000000000000E+000
         728   0.0000000000000000E+000
         729   0.0000000000000000E+000
         730   0.0000000000000000E+000
         731   0.0000000000000000E+000
         732   0.0000000000000000E+000
         733   0.0000000000000000E+000
         734   0.0000000000000000E+000
         735   0.0000000000000000E+000
         736   0.0000000000000000E+000
         737   0.0000000000000000E+000
         738   0.0000000000000000E+000
         739   0.0000000000000000E+000
         740   0.0000000000000000E+000
         741   0.0000000000000000E+000
         742   0.0000000000000000E+000
         743   0.0000000000000000E+000
         744   0.0000000000000000E+000
         745   0.0000000000000000E+000
         746   0.0000000000000000E+000
         747   0.0000000000000000E+000
         748   0.0000000000000000E+000
         749   0.0000000000000000E+000
         750   0.0000000000000000E+000
         751   0.0000000000000000E+000
         752   0.0000000000000000E+000
         753   0.0000000000000000E+000
         754   0.0000000000000000E+000
         755   0.0000000000000000E+000
         756   0.0000000000000000E+000
         757   0.0000000000000000E+000
         758   0.0000000000000000E+000
         759   0.0000000000000000E+000
         760   0.0000000000000000E+000
         761   0.0000000000000000E+000
         762   0.0000000000000000E+000
         763   0.0000000000000000E+000
         764   0.0000000000000000E+000
         765   0.0000000000000000E+000
         766   0.0000000000000000E+000
         767   0.0000000000000000E+000
         768   0.0000000000000000E+000
         769   0.0000000000000000E+000
         770   0.0000000000000000E+000
         771   0.0000000000000000E+000
         772   0.0000000000000000E+000
         773   0.0000000000000000E+000
         774   0.0000000000000000E+000
         775   0.0000000000000000E+000
         776   0.0000000000000000E+000
         777   0.0000000000000000E+000
         778   0.0000000000000000E+000
         779   0.0000000000000000E+000
         780   0.0000000000000000E+000
         781   0.0000000000000000E+000
         782   0.0000000000000000E+000
         783   0.0000000000000000E+000
         784   0.0000000000000000E+000
         785   0.0000000000000000E+000
         786   0.0000000000000000E+000
         787   0.0000000000000000E+000
         788   0.0000000000000000E+000
         789   0.0000000000000000E+000
         790   0.0000000000000000E+000
         791   0.0000000000000000E+000
         792   0.0000000000000000E+000
         793   0.0000000000000000E+000
         794   0.0000000000000000E+000
         795   0.0000000000000000E+000
         796   0.0000000000000000E+000
         797   0.0000000000000000E+000
         798   0.0000000000000000E+000
         799   0.0000000000000000E+000
         800   0.0000000000000000E+000
         801   0.0000000000000000E+000
         802   0.0000000000000000E+000
         803   0.0000000000000000E+000
         804   0.0000000000000000E+000
         805   0.0000000000000000E+000
         806   0.0000000000000000E+000
         807   0.0000000000000000E+000
         808   0.0000000000000000E+000
         809   0.0000000000000000E+000
         810   0.0000000000000000E+000
         811   0.0000000000000000E+000
         812   0.0000000000000000E+000
         813   0.0000000000000000E+000
         814   0.0000000000000000E+000
         815   0.0000000000000000E+000
         816   0.0000000000000000E+000
         817   0.0000000000000000E+000
         818   0.0000000000000000E+000
         819   0.0000000000000000E+000
         820   0.0000000000000000E+000
         821   0.0000000000000000E+000
         822   0.0000000000000000E+000
         823   0.0000000000000000E+000
         824   0.0000000000000000E+000
         825   0.0000000000000000E+000
         826   0.0000000000000000E+000
         827   0.0000000000000000E+000
         828   0.0000000000000000E+000
         829   0.0000000000000000E+000
         830   0.0000000000000000E+000
         831   0.0000000000000000E+000
         832   0.0000000000000000E+000
         833   0.0000000000000000E+000
         834   0.0000000000000000E+000
         835   0.0000000000000000E+000
         836   0.0000000000000000E+000
         837   0.0000000000000000E+000
         838   0.0000000000000000E+000
         839   0.0000000000000000E+000
         840   0.0000000000000000E+000
         841   0.0000000000000000E+000
         842   0.0000000000000000E+000
         843   0.0000000000000000E+000
         844   0.0000000000000000E+000
         845   0.0000000000000000E+000
         846   0.0000000000000000E+000
         847   0.0000000000000000E+000
         848   0.0000000000000000E+000
         849   0.0000000000000000E+000
         850   0.0000000000000000E+000
         851   0.0000000000000000E+000
         852   0.0000000000000000E+000
         853   0.0000000000000000E+000
         854   0.0000000000000000E+000
         855   0.0000000000000000E+000
         856   0.0000000000000000E+000
         857   0.0000000000000000E+000
         858   0.0000000000000000E+000
         859   0.0000000000000000E+000
         860   0.0000000000000000E+000
         861   0.0000000000000000E+000
         862   0.0000000000000000E+000
         863   0.0000000000000000E+000
         864   0.0000000000000000E+000
         865   0.0000000000000000E+000
         866   0.0000000000000000E+000
         867   0.0000000000000000E+000
         868   0.0000000000000000E+000
         869   0.0000000000000000E+000
         870   0.0000000000000000E+000
         871   0.0000000000000000E+000
         872   0.0000000000000000E+000
         873   0.0000000000000000E+000
         874   0.0000000000000000E+000
         875   0.0000000000000000E+000
         876   0.0000000000000000E+000
         877   0.0000000000000000E+000
         878   0.0000000000000000E+000
         879   0.0000000000000000E+000
         880   0.0000000000000000E+000
         881   0.0000000000000000E+000
         882   0.0000000000000000E+000
         883   0.0000000000000000E+000
         884   0.0000000000000000E+000
         885   0.0000000000000000E+000
         886   0.0000000000000000E+000
         887   0.0000000000000000E+000
         888   0.0000000000000000E+000
         889   0.0000000000000000E+000
         890   0.0000000000000000E+000
         891   0.0000000000000000E+000
         892   0.0000000000000000E+000
         893   0.0000000000000000E+000
         894   0.0000000000000000E+000
         895   0.0000000000000000E+000
         896   0.0000000000000000E+000
         897   0.0000000000000000E+000
         898   0.0000000000000000E+000
         899   0.0000000000000000E+000
         900   0.0000000000000000E+000
         901   0.0000000000000000E+000
         902   0.0000000000000000E+000
         903   0.0000000000000000E+000
         904   0.0000000000000000E+000
         905   0.0000000000000000E+000
         906   0.0000000000000000E+000
         907   0.0000000000000000E+000
         908   0.0000000000000000E+000
         909   0.0000000000000000E+000
         910   0.0000000000000000E+000
         911   0.0000000000000000E+000
         912   0.0000000000000000E+000
         913   0.0000000000000000E+000
         914   0.0000000000000000E+000
         915   0.0000000000000000E+000
         916   0.0000000000000000E+000
         917   0.0000000000000000E+000
         918   0.0000000000000000E+000
         919   0.0000000000000000E+000
         920   0.0000000000000000E+000
         921   0.0000000000000000E+000
         922   0.0000000000000000E+000
         923   0.0000000000000000E+000
         924   0.0000000000000000E+000
         925   0.0000000000000000E+000
         926   0.0000000000000000E+000
         927   0.0000000000000000E+000
         928   0.0000000000000000E+000
         929   0.0000000000000000E+000
         930   0.0000000000000000E+000
         931   0.0000000000000000E+000
         932   0.0000000000000000E+000
         933   0.0000000000000000E+000
         934   0.0000000000000000E+000
         935   0.0000000000000000E+000
         936   0.0000000000000000E+000
         937   0.0000000000000000E+000
         938   0.0000000000000000E+000
         939   0.0000000000000000E+000
         940   0.0000000000000000E+000
         941   0.0000000000000000E+000
         942   0.0000000000000000E+000
         943   0.0000000000000000E+000
         944   0.0000000000000000E+000
         945   0.0000000000000000E+000
         946   0.0000000000000000E+000
         947   0.0000000000000000E+000
         948   0.0000000000000000E+000
         949   0.0000000000000000E+000
         950   0.0000000000000000E+000
         951   0.0000000000000000E+000
         952   0.0000000000000000E+000
         953   0.0000000000000000E+000
         954   0.0000000000000000E+000
         955   0.0000000000000000E+000
         956   0.0000000000000000E+000
         957   0.0000000000000000E+000
         958   0.0000000000000000E+000
         959   0.0000000000000000E+000
         960   0.0000000000000000E+000
         961   0.0000000000000000E+000
         962   0.0000000000000000E+000
         963   0.0000000000000000E+000
         964   0.0000000000000000E+000
         965   0.0000000000000000E+000
         966   0.0000000000000000E+000
         967   0.0000000000000000E+000
         968   0.0000000000000000E+000
         969   0.0000000000000000E+000
         970   0.0000000000000000E+000
         971   0.0000000000000000E+000
         972   0.0000000000000000E+000
         973   0.0000000000000000E+000
         974   0.0000000000000000E+000
         975   0.0000000000000000E+000
         976   0.0000000000000000E+000
         977   0.0000000000000000E+000
         978   0.0000000000000000E+000
         979   0.0000000000000000E+000
         980   0.0000000000000000E+000
         981   0.0000000000000000E+000
         982   0.0000000000000000E+000
         983   0.0000000000000000E+000
         984   0.0000000000000000E+000
         985   0.0000000000000000E+000
         986   0.0000000000000000E+000
         987   0.0000000000000000E+000
         988   0.0000000000000000E+000
         989   0.0000000000000000E+000
         990   0.0000000000000000E+000
         991   0.0000000000000000E+000
         992   0.0000000000000000E+000
         993   0.0000000000000000E+000
         994   0.0000000000000000E+000
         995   0.0000000000000000E+000
         996   0.0000000000000000E+000
         997   0.0000000000000000E+000
         998   0.0000000000000000E+000
         999   0.0000000000000000E+000
        1000   0.0000000000000000E+000
