           1  0.79320471371999068     
           2  0.49938379631120100     
           3  0.33237670235284411     
           4  0.31994953065726722     
           5  0.39835789216752293     
           6  0.25030868860871885     
           7  0.29002831545637964     
           8  0.24960834499343698     
           9  0.23140950379003095     
          10  0.22410695712455428     
          11  0.25649456088299183     
          12  0.24112849803613851     
          13  0.23409578901984349     
          14  0.22938971122592669     
          15  0.22408402713790293     
          16  0.22209330265315722     
          17  0.21278348628222302     
          18  0.22497562387715903     
          19  0.20484257731170330     
          20  0.22177001339572303     
          21  0.22471202321964417     
          22  0.21438486006630336     
          23  0.20613084140486723     
          24  0.19923537194756943     
          25  0.19530451423506814     
          26  0.18535605964442622     
          27  0.18455172314829416     
          28  0.18183326208839784     
          29  0.18238213999194219     
          30  0.18716178869155964     
          31  0.16646955707631308     
          32  0.16643787234443594     
          33  0.17321857401468976     
          34  0.16390335751678467     
          35  0.15167136766306893     
          36  0.14733107649094718     
          37  0.15076338109973070     
          38  0.15036274988735240     
          39  0.14244127370961138     
          40  0.14096352709437654     
          41  0.14462901583467541     
          42  0.13665798355132666     
          43  0.13126768408866374     
          44  0.13335996818513526     
          45  0.12907403784897217     
          46  0.12968205743025260     
          47  0.11595228751871907     
          48  0.11981060376566756     
          49  0.12638309839400128     
          50  0.11408511898142101     
          51  0.11582182194724260     
          52  0.11266511755750698     
          53  0.11184211337650943     
          54  0.10844254513951784     
          55  0.10335479418761509     
          56  0.10308791561614213     
          57  0.10070410779345967     
          58  0.10212434859228026     
          59   9.7754692388503192E-002
          60   9.2034524584221872E-002
          61   9.4187513298721201E-002
          62   9.3674312281674305E-002
          63   9.1288032935012406E-002
          64   9.0916544906459520E-002
          65   9.1219560000128611E-002
          66   8.6184658932010438E-002
          67   8.4623695437239951E-002
          68   8.1554152884165787E-002
          69   7.9689963085610035E-002
          70   7.9948770454560614E-002
          71   7.6311123844876608E-002
          72   7.4756961878051115E-002
          73   7.4281512411887254E-002
          74   7.3442551421643298E-002
          75   7.0690627586883062E-002
          76   7.1337624713064512E-002
          77   6.8016189461130944E-002
          78   6.5279117908616083E-002
          79   6.4273599280340793E-002
          80   6.4780944548380376E-002
          81   6.2352963620526503E-002
          82   6.3320956046146140E-002
          83   5.8993703220304720E-002
          84   5.7696298697136786E-002
          85   5.7521374671575073E-002
          86   5.7097543298203074E-002
          87   5.5126892773022199E-002
          88   5.4968030925041877E-002
          89   5.2804757774976452E-002
          90   5.1394686037917379E-002
          91   5.1608362020881086E-002
          92   5.1095111145955316E-002
          93   4.9352952680326169E-002
          94   4.8407241293405533E-002
          95   4.7809982510897429E-002
          96   4.6238058642419304E-002
          97   4.4646227926187984E-002
          98   4.4830448668288211E-002
          99   4.3911981723953997E-002
         100   4.2575258175113040E-002
         101   4.2875672261199683E-002
         102   4.1613580978038363E-002
         103   4.0131866085730009E-002
         104   3.8694305028375245E-002
         105   3.9154554949184052E-002
         106   3.7801979124434192E-002
         107   3.7051076588413286E-002
         108   3.5344018115960961E-002
         109   3.5950213234139147E-002
         110   3.5123778117561837E-002
         111   3.4381434357195803E-002
         112   3.3449288689301478E-002
         113   3.3252553460623634E-002
         114   3.1937572337675087E-002
         115   3.2394199523877662E-002
         116   3.1968693816907284E-002
         117   3.0592084207594846E-002
         118   2.9703715761056522E-002
         119   2.9146667508615508E-002
         120   2.8799491958614289E-002
         121   2.8468674875975007E-002
         122   2.7762540537171840E-002
         123   2.7387132854127253E-002
         124   2.6273559441715996E-002
         125   2.6074276036197372E-002
         126   2.5379088231595251E-002
         127   2.5102203999497072E-002
         128   2.4427111657800250E-002
         129   2.3510816507523583E-002
         130   2.3630146048907775E-002
         131   2.3534961505713627E-002
         132   2.2795113266121762E-002
         133   2.1767753378147205E-002
         134   2.1311507070379637E-002
         135   2.1460510106914889E-002
         136   2.1040784428387829E-002
         137   2.0518017286155647E-002
         138   1.9949672879435224E-002
         139   1.9347665572482731E-002
         140   1.9501275243456684E-002
         141   1.9126029803119008E-002
         142   1.8473983192972308E-002
         143   1.8504255811586455E-002
         144   1.8330551434983539E-002
         145   1.7172601640387499E-002
         146   1.6881109611509976E-002
         147   1.7024567557171744E-002
         148   1.6367948961468898E-002
         149   1.6352657940012193E-002
         150   1.5617264323598175E-002
         151   1.5607676405082789E-002
         152   1.5657913372061731E-002
         153   1.5120887178911954E-002
         154   1.5047775783295424E-002
         155   1.4130904276548825E-002
         156   1.3815276252597894E-002
         157   1.4039371979400648E-002
         158   1.2706931269756099E-002
         159   1.3037701835069821E-002
         160   1.2838617607499277E-002
         161   1.2280054770946666E-002
         162   1.2457730264026507E-002
         163   1.2056409762589511E-002
         164   1.2125778923784240E-002
         165   1.1989233117756203E-002
         166   1.1444323950090773E-002
         167   1.1396885749819972E-002
         168   1.1013747842815799E-002
         169   1.1253539782786497E-002
         170   1.0505547844227699E-002
         171   1.0422562262994066E-002
         172   1.0256985649974243E-002
         173   9.9131711456291356E-003
         174   1.0195237978956891E-002
         175   9.3965530466812892E-003
         176   9.3259253769634627E-003
         177   9.4274328845037197E-003
         178   9.5092797757671561E-003
         179   9.0499917907282852E-003
         180   8.7098713471722433E-003
         181   8.5706490741590553E-003
         182   8.1575467830495817E-003
         183   8.2172683630689393E-003
         184   7.8829568368202329E-003
         185   7.8565287770120586E-003
         186   7.5849799603422158E-003
         187   7.6477249817036167E-003
         188   7.2921310477826835E-003
         189   7.4252763353585376E-003
         190   7.2335015148048644E-003
         191   6.7921722239402821E-003
         192   6.9593025613418919E-003
         193   6.4947326261736160E-003
         194   6.4880515517443272E-003
         195   6.3191410916716541E-003
         196   6.3122917820976152E-003
         197   6.3816139081828132E-003
         198   6.0815295588395281E-003
         199   6.0161935146051471E-003
         200   6.0559196096131836E-003
         201   5.7682929224041578E-003
         202   5.8587781428800396E-003
         203   5.3901568358592136E-003
         204   5.4197348109544579E-003
         205   5.3720810642913968E-003
         206   5.2309844047664124E-003
         207   4.9043743230291195E-003
         208   4.9293012802438781E-003
         209   4.7687501467457141E-003
         210   4.5831700170333679E-003
         211   4.4655408657028129E-003
         212   4.4621957222602945E-003
         213   4.4219516650075650E-003
         214   4.3374939455513122E-003
         215   4.3148448041459885E-003
         216   4.0795255423329777E-003
         217   4.0927057074032673E-003
         218   4.0221185136667436E-003
         219   3.8003768485535792E-003
         220   3.6891576663211716E-003
         221   3.8976256565806137E-003
         222   3.6700588763151562E-003
         223   3.6246899493522131E-003
         224   3.5442761240615842E-003
         225   3.3069988033099977E-003
         226   3.3859905905280190E-003
         227   3.3010465847183390E-003
         228   3.2966022662199125E-003
         229   3.2577422187181041E-003
         230   3.1200737210228895E-003
         231   3.1112376386726449E-003
         232   2.9929388612146912E-003
         233   3.0079045249960389E-003
         234   2.9027864322879169E-003
         235   2.7747430524292798E-003
         236   2.7702019607696326E-003
         237   2.7691632202872535E-003
         238   2.5630198426658214E-003
         239   2.5571233147472275E-003
         240   2.6857969731811878E-003
         241   2.4303936272567425E-003
         242   2.5318840385576947E-003
         243   2.4776371375365199E-003
         244   2.3497243489832530E-003
         245   2.2235847481378449E-003
         246   2.2565353977322946E-003
         247   2.1958069228922767E-003
         248   2.1248338449872148E-003
         249   2.2678870987253531E-003
         250   2.1710431625040888E-003
         251   2.0026478607116861E-003
         252   1.9534270391622743E-003
         253   2.0433272757918886E-003
         254   2.0836909897785985E-003
         255   1.9798266846725236E-003
         256   1.8918935817125104E-003
         257   1.7570468433049569E-003
         258   1.8014574679731472E-003
         259   1.6849612167668430E-003
         260   1.7483654863174563E-003
         261   1.7441390886264840E-003
         262   1.7497310228307634E-003
         263   1.6020943519626926E-003
         264   1.5219624801377967E-003
         265   1.5431526516857617E-003
         266   1.6035947669382914E-003
         267   1.4957698481743407E-003
         268   1.4272125216608586E-003
         269   1.4211609181843169E-003
         270   1.4279691862326342E-003
         271   1.3656169287814160E-003
         272   1.3397381783495405E-003
         273   1.2894702945975452E-003
         274   1.2134671062418484E-003
         275   1.2612416677047079E-003
         276   1.2261824035515929E-003
         277   1.1417854390683097E-003
         278   1.1655451198054484E-003
         279   1.2906055210359097E-003
         280   1.1336738706952203E-003
         281   1.0625361556991894E-003
         282   1.1247671692627909E-003
         283   1.1100541729246105E-003
         284   9.8810352620606651E-004
         285   1.0084592063433107E-003
         286   9.9766920576772758E-004
         287   9.5017071988563295E-004
         288   1.0441278600314128E-003
         289   9.3721453360082760E-004
         290   9.4011974511701312E-004
         291   9.4589800534403254E-004
         292   9.5898465865619877E-004
         293   8.7852100185573936E-004
         294   8.8270364710857103E-004
         295   8.7226906101781456E-004
         296   8.0739245399275483E-004
         297   7.3823798213333450E-004
         298   8.0830094746442958E-004
         299   7.5237013911909096E-004
         300   7.1742969019955691E-004
         301   6.9598434360778228E-004
         302   7.4787219675181396E-004
         303   6.9722536213015951E-004
         304   6.6850551887265460E-004
         305   6.6854887747649938E-004
         306   7.2503180408693278E-004
         307   6.4052964677389608E-004
         308   6.4469348693177735E-004
         309   6.3972804721924457E-004
         310   6.0329758615519798E-004
         311   6.0860898512301936E-004
         312   5.5815154762687798E-004
         313   5.5706095912658638E-004
         314   5.7115170784363917E-004
         315   5.7160676811266310E-004
         316   5.3310259691173405E-004
         317   5.7157758431659769E-004
         318   5.4443175813451562E-004
         319   5.0278496367010112E-004
         320   5.2060017614923807E-004
         321   4.8349453975454255E-004
         322   4.8507381465035654E-004
         323   4.6924268303536848E-004
         324   4.9879126600571903E-004
         325   4.7686537275207441E-004
         326   4.5457254150960635E-004
         327   4.0959257196485175E-004
         328   4.1882083438859319E-004
         329   4.0754923661103469E-004
         330   4.4295699648681482E-004
         331   3.9328552932339170E-004
         332   3.9085962366773163E-004
         333   3.6703092679897428E-004
         334   4.0038553189587924E-004
         335   4.1640765881876380E-004
         336   3.8585986690815188E-004
         337   3.8222531915657870E-004
         338   3.6456273874065938E-004
         339   3.4112301358933038E-004
         340   3.2809722610813944E-004
         341   3.3434864022836245E-004
         342   3.0460694159704623E-004
         343   3.7499570305612995E-004
         344   3.1376241147493912E-004
         345   2.9538697840102298E-004
         346   3.2341177189653569E-004
         347   2.7679752221101186E-004
         348   2.7779107780762487E-004
         349   2.9251859760991025E-004
         350   3.0315728836602081E-004
         351   2.4607566436797329E-004
         352   2.8436832607611680E-004
         353   2.5157727388367985E-004
         354   2.7924172874082778E-004
         355   2.4868117358779756E-004
         356   2.5482608388151094E-004
         357   2.3226575273452041E-004
         358   2.6192752538285535E-004
         359   2.0500953353709030E-004
         360   2.2652496482948066E-004
         361   2.3994749013140130E-004
         362   1.9864240644082006E-004
         363   1.9515133332065367E-004
         364   2.2581416674996924E-004
         365   2.0430628270808531E-004
         366   1.7893627748183339E-004
         367   2.0387590956509548E-004
         368   1.9688813473551378E-004
         369   2.0111732912493957E-004
         370   1.5363066363296860E-004
         371   1.7065705947403394E-004
         372   1.6976359953656687E-004
         373   1.8079621122241596E-004
         374   1.5321354922928006E-004
         375   1.4445713787475818E-004
         376   1.4034831451610282E-004
         377   1.5245429421427604E-004
         378   1.4275043444381035E-004
         379   1.6797321153136171E-004
         380   1.3853532874971033E-004
         381   1.3668110602974376E-004
         382   1.3270786816640227E-004
         383   1.2930191382973149E-004
         384   1.3940797334397839E-004
         385   1.5369122459850919E-004
         386   1.1931601720657653E-004
         387   1.1553255370208953E-004
         388   1.2389378116796034E-004
         389   1.0596574176851166E-004
         390   1.0645366141689871E-004
         391   9.1908855336766341E-005
         392   8.1105920941493479E-005
         393   9.9186032233238616E-005
         394   1.0635952859831351E-004
         395   9.8191259788139550E-005
         396   9.1630619692519442E-005
         397   1.0274575244243115E-004
         398   1.0423721311483105E-004
         399   9.2271757035559401E-005
         400   8.7800078094702139E-005
         401   8.2941188446997174E-005
         402   8.1049250083873575E-005
         403   8.5543611149576331E-005
         404   7.5865377008766118E-005
         405   8.0318743813303172E-005
         406   8.0910219187968634E-005
         407   6.9012933748803276E-005
         408   7.7724042186486729E-005
         409   7.1177709496247099E-005
         410   7.6033328270202019E-005
         411   7.0031502686929714E-005
         412   7.1082741243371107E-005
         413   6.6560554607985879E-005
         414   5.8356210943258475E-005
         415   6.4531949124548035E-005
         416   5.5515415486103814E-005
         417   6.2087860701695493E-005
         418   6.6780613924879122E-005
         419   4.7934234636295865E-005
         420   4.0953174179745231E-005
         421   5.9557315645089214E-005
         422   4.9044135239383880E-005
         423   5.7227567988248909E-005
         424   4.9470141120098482E-005
         425   4.4394383937569619E-005
         426   5.3372425602407588E-005
         427   5.3128373456993259E-005
         428   5.4612527593077379E-005
         429   5.4776618995703238E-005
         430   5.3235395420216462E-005
         431   4.7868474695000155E-005
         432   4.5092036508463761E-005
         433   4.1494800499855401E-005
         434   4.5105472804741006E-005
         435   3.6930552767601251E-005
         436   4.5109763002937787E-005
         437   3.0757232468593018E-005
         438   4.0139325372187116E-005
         439   4.1606309075528328E-005
         440   3.5278079139380558E-005
         441   4.0829255099548952E-005
         442   2.8850859025563261E-005
         443   3.9641449530204533E-005
         444   3.2204785599880659E-005
         445   4.0496738158058285E-005
         446   3.3527147651206934E-005
         447   3.4576518244127451E-005
         448   2.8494226598018163E-005
         449   3.5836411605451668E-005
         450   3.2545539432387499E-005
         451   3.2009675848753425E-005
         452   3.5381911521312266E-005
         453   3.2505392412179080E-005
         454   2.5420123014099968E-005
         455   3.6816085070490502E-005
         456   3.1688803428955694E-005
         457   3.6501340528987260E-005
         458   2.7635012241960116E-005
         459   3.9586626566262880E-005
         460   2.5150973377139444E-005
         461   2.5034641945983670E-005
         462   2.7915179172020875E-005
         463   1.8149174297838063E-005
         464   2.4343680884897896E-005
         465   2.6449249950564034E-005
         466   2.1944455431091225E-005
         467   2.7308206348788459E-005
         468   2.5745596289468131E-005
         469   1.9495702780831138E-005
         470   1.6538563088058318E-005
         471   2.4345587232760206E-005
         472   2.4595520769546146E-005
         473   1.9165106961187141E-005
         474   1.5906348642739187E-005
         475   2.1123179382274962E-005
         476   1.3311639015849079E-005
         477   1.7803243299907634E-005
         478   1.7035425166832261E-005
         479   1.8685873507814307E-005
         480   2.2401433529358196E-005
         481   1.9224014879431882E-005
         482   1.2989081785281701E-005
         483   1.7360705670044571E-005
         484   1.1190084098827345E-005
         485   1.9582326857966227E-005
         486   2.0845676805557234E-005
         487   1.7411108680839044E-005
         488   1.6340961843115401E-005
         489   1.2955803781914407E-005
         490   1.7866258367185463E-005
         491   1.5150741105514812E-005
         492   1.1812852622358104E-005
         493   1.6337454460109647E-005
         494   1.3343528122322046E-005
         495   1.5234210846937688E-005
         496   1.1944334583496062E-005
         497   1.2534730523084728E-005
         498   1.5372897236658486E-005
         499   1.0839561731397016E-005
         500   1.1434576457641881E-005
         501   1.2337464754773624E-005
         502   1.0712438978283254E-005
         503   8.7897541322896727E-006
         504   1.0630370665519159E-005
         505   1.0896575610916958E-005
         506   8.0644083278551904E-006
         507   7.7238249049397341E-006
         508   1.2310631014363353E-005
         509   1.1956302135938591E-005
         510   1.1300861210439348E-005
         511   8.2100328074305912E-006
         512   1.1817960830718290E-005
         513   1.1167195876069506E-005
         514   4.8110019320201289E-006
         515   1.1979101358363161E-005
         516   8.9461898063764118E-006
         517   4.4578309078476203E-006
         518   8.5885353470078787E-006
         519   7.0771235384201716E-006
         520   9.9854884166891662E-006
         521   7.0245198336116693E-006
         522   6.4126443956181964E-006
         523   8.4202309295829418E-006
         524   1.0703301886468373E-005
         525   6.0535769486842186E-006
         526   5.7402431760859311E-006
         527   7.1466050134655841E-006
         528   6.8368682138904403E-006
         529   8.7981673055682975E-006
         530   5.6540667705417828E-006
         531   9.2968827966328451E-006
         532   5.0506062495826508E-006
         533   6.4288860705449887E-006
         534   4.7377128683713935E-006
         535   5.8255876046027631E-006
         536   5.8049487785073649E-006
         537   2.7549096175000274E-006
         538   3.8411957421099861E-006
         539   8.7480049913146346E-006
         540   5.7213747708038365E-006
         541   5.6986864999593144E-006
         542   4.8669623451127192E-006
         543   2.9621395802025514E-006
         544   3.7560891967608093E-006
         545   2.4075290714668413E-006
         546   5.5962799671357700E-006
         547   6.3709733025208935E-006
         548   5.0283820534314024E-006
         549   6.0627702966197541E-006
         550   5.7772800933679031E-006
         551   4.7101058651118647E-006
         552   3.1290041588372960E-006
         553   2.0779939858146703E-006
         554   2.8462366839608311E-006
         555   5.6755201221120278E-006
         556   2.0546516459303728E-006
         557   3.8381394618656707E-006
         558   2.0412640979771681E-006
         559   2.2866219172671352E-006
         560   3.8010717691024608E-006
         561   1.2617896870614257E-006
         562   5.0304475254059182E-006
         563   3.2570194778571683E-006
         564   3.4974608470353216E-006
         565   1.9908860668029304E-006
         566   3.9667972089152470E-006
         567   3.2129871821721411E-006
         568   2.2158918992828901E-006
         569   1.9632324427072673E-006
         570   2.4442280086769011E-006
         571   3.1674036748342685E-006
         572   2.1850190732579223E-006
         573   2.4188697985387368E-006
         574   1.4467063084136969E-006
         575   2.6447496061941891E-006
         576   2.6330385348943845E-006
         577   3.1028304874375056E-006
         578   1.6647288158867009E-006
         579   9.4763207185384015E-007
         580   7.0809059477132506E-007
         581   4.7075020413909303E-007
         582   3.2820912054005014E-006
         583   9.3542633421840532E-007
         584   1.8635321532977116E-006
         585   2.0890241676593765E-006
         586   1.8518222554168026E-006
         587   1.6146014884935022E-006
         588   2.5271600035429346E-006
         589   1.6033327688475005E-006
         590   1.5973164506224135E-006
         591   4.5507412958177348E-006
         592   1.1327121913569609E-006
         593   1.5803408039337643E-006
         594   1.8005211584894794E-006
         595   2.4675838417567291E-006
         596   8.9456243438166974E-007
         597   1.3370490177876884E-006
         598   1.3328758238158442E-006
         599   2.2138377929723906E-006
         600   1.3236690275567379E-006
         601   8.7997427621864770E-007
         602   1.0964396706233365E-006
         603   1.5300518405294309E-006
         604   1.7415991088630333E-006
         605   2.1697235746817573E-006
         606   1.0821298096380070E-006
         607   8.6292236378584259E-007
         608   2.1521284640908190E-007
         609   1.0709502796487268E-006
         610   6.4062554962425459E-007
         611   1.7026179373995560E-006
         612   1.0608302326486524E-006
         613   1.4794439636606481E-006
         614   1.2637887944752247E-006
         615   1.4702136255377601E-006
         616   1.6761699886401012E-006
         617   2.7137384024423576E-006
         618   8.3258047154925023E-007
         619   6.2184242974987127E-007
         620   4.1385700784155230E-007
         621   2.4723823160267252E-006
         622   1.0269568878337897E-006
         623   4.0971398812187088E-007
         624   1.2243053722819223E-006
         625   1.0166454204366806E-006
         626   1.2177220578386489E-006
         627   4.0411507913110523E-007
         628   4.0302261222959550E-007
         629   1.2041585266394272E-006
         630   2.0035698939001652E-007
         631   1.3971128723878579E-006
         632   1.5930537465812501E-006
         633   3.9672266680411321E-007
         634   1.3828747771785198E-006
         635   1.3786612131852502E-006
         636   1.1790980994642038E-006
         637   7.8321376318333247E-007
         638   5.8637491854675932E-007
         639   1.9464346924571536E-006
         640   5.8212617792220616E-007
         641   3.8668359328740334E-007
         642   9.6307220677142077E-007
         643   9.6105682600715158E-007
         644   5.7451520421716628E-007
         645   7.6443290691470239E-007
         646   3.8070976391218208E-007
         647   1.5170920581419791E-006
         648   5.6757094060870468E-007
         649   0.0000000000000000E+000
         650   1.3164130180886217E-006
         651   1.3125490186073964E-006
         652   3.7431906969185613E-007
         653   7.4548301638916146E-007
         654   3.7159697723076413E-007
         655   5.5615150801333540E-007
         656   5.5365419382331470E-007
         657   3.6827239341402690E-007
         658   5.5079546427194484E-007
         659   7.3150900214409412E-007
         660   5.4708436141947522E-007
         661   5.4557975115455105E-007
         662   3.6296587510860973E-007
         663   0.0000000000000000E+000
         664   1.8004320913387471E-007
         665   5.3908803317490495E-007
         666   8.9584634366277791E-007
         667   3.5735196525653090E-007
         668   5.3465447172702675E-007
         669   0.0000000000000000E+000
         670   0.0000000000000000E+000
         671   3.5336912004886912E-007
         672   1.7589130521384270E-007
         673   0.0000000000000000E+000
         674   0.0000000000000000E+000
         675   6.9764891318740538E-007
         676   1.7371102002937151E-007
         677   1.7334794265947592E-007
         678   0.0000000000000000E+000
         679   1.2065376635719174E-006
         680   0.0000000000000000E+000
         681   6.8525679954616676E-007
         682   1.0251554445064754E-006
         683   0.0000000000000000E+000
         684   0.0000000000000000E+000
         685   5.0773292090520263E-007
         686   5.0652050448074772E-007
         687   6.7356393853565384E-007
         688   1.6788848740024127E-007
         689   1.6742470509203002E-007
         690   1.6698953243914226E-007
         691   3.3331722881162038E-007
         692   0.0000000000000000E+000
         693   0.0000000000000000E+000
         694   3.3040980683857796E-007
         695   9.8720034115788749E-007
         696   0.0000000000000000E+000
         697   4.9071171058209823E-007
         698   3.2620766716077841E-007
         699   4.8783858040778177E-007
         700   0.0000000000000000E+000
         701   1.6166670654036637E-007
         702   1.6132712060370649E-007
         703   0.0000000000000000E+000
         704   0.0000000000000000E+000
         705   1.5976743622234834E-007
         706   0.0000000000000000E+000
         707   4.7649327042251428E-007
         708   3.1737439041714719E-007
         709   0.0000000000000000E+000
         710   0.0000000000000000E+000
         711   0.0000000000000000E+000
         712   0.0000000000000000E+000
         713   1.5638751360601744E-007
         714   0.0000000000000000E+000
         715   3.1075570167179171E-007
         716   1.5506665807315612E-007
         717   0.0000000000000000E+000
         718   1.5417129505754940E-007
         719   0.0000000000000000E+000
         720   0.0000000000000000E+000
         721   0.0000000000000000E+000
         722   0.0000000000000000E+000
         723   0.0000000000000000E+000
         724   1.5153472325222424E-007
         725   3.0225842284958045E-007
         726   0.0000000000000000E+000
         727   1.5028182727030031E-007
         728   7.4985807565878683E-007
         729   4.4849494481560914E-007
         730   0.0000000000000000E+000
         731   0.0000000000000000E+000
         732   0.0000000000000000E+000
         733   1.4802092361123564E-007
         734   0.0000000000000000E+000
         735   0.0000000000000000E+000
         736   0.0000000000000000E+000
         737   0.0000000000000000E+000
         738   0.0000000000000000E+000
         739   0.0000000000000000E+000
         740   0.0000000000000000E+000
         741   1.4478146555747203E-007
         742   1.4444277743226871E-007
         743   0.0000000000000000E+000
         744   0.0000000000000000E+000
         745   0.0000000000000000E+000
         746   0.0000000000000000E+000
         747   0.0000000000000000E+000
         748   0.0000000000000000E+000
         749   0.0000000000000000E+000
         750   0.0000000000000000E+000
         751   1.4082613239297326E-007
         752   2.8135870702857116E-007
         753   0.0000000000000000E+000
         754   2.7951052282893787E-007
         755   0.0000000000000000E+000
         756   0.0000000000000000E+000
         757   0.0000000000000000E+000
         758   1.3841752201506387E-007
         759   1.3791945966540195E-007
         760   0.0000000000000000E+000
         761   0.0000000000000000E+000
         762   2.7340788697824732E-007
         763   0.0000000000000000E+000
         764   0.0000000000000000E+000
         765   2.7165806384433329E-007
         766   0.0000000000000000E+000
         767   0.0000000000000000E+000
         768   0.0000000000000000E+000
         769   0.0000000000000000E+000
         770   0.0000000000000000E+000
         771   1.3361530123806364E-007
         772   0.0000000000000000E+000
         773   0.0000000000000000E+000
         774   0.0000000000000000E+000
         775   0.0000000000000000E+000
         776   0.0000000000000000E+000
         777   0.0000000000000000E+000
         778   1.3123590164791407E-007
         779   0.0000000000000000E+000
         780   0.0000000000000000E+000
         781   0.0000000000000000E+000
         782   0.0000000000000000E+000
         783   0.0000000000000000E+000
         784   0.0000000000000000E+000
         785   0.0000000000000000E+000
         786   0.0000000000000000E+000
         787   0.0000000000000000E+000
         788   0.0000000000000000E+000
         789   0.0000000000000000E+000
         790   0.0000000000000000E+000
         791   0.0000000000000000E+000
         792   0.0000000000000000E+000
         793   0.0000000000000000E+000
         794   0.0000000000000000E+000
         795   0.0000000000000000E+000
         796   0.0000000000000000E+000
         797   0.0000000000000000E+000
         798   0.0000000000000000E+000
         799   0.0000000000000000E+000
         800   0.0000000000000000E+000
         801   0.0000000000000000E+000
         802   0.0000000000000000E+000
         803   0.0000000000000000E+000
         804   0.0000000000000000E+000
         805   0.0000000000000000E+000
         806   0.0000000000000000E+000
         807   0.0000000000000000E+000
         808   0.0000000000000000E+000
         809   0.0000000000000000E+000
         810   0.0000000000000000E+000
         811   0.0000000000000000E+000
         812   0.0000000000000000E+000
         813   0.0000000000000000E+000
         814   0.0000000000000000E+000
         815   0.0000000000000000E+000
         816   0.0000000000000000E+000
         817   0.0000000000000000E+000
         818   0.0000000000000000E+000
         819   0.0000000000000000E+000
         820   0.0000000000000000E+000
         821   0.0000000000000000E+000
         822   0.0000000000000000E+000
         823   0.0000000000000000E+000
         824   0.0000000000000000E+000
         825   0.0000000000000000E+000
         826   0.0000000000000000E+000
         827   0.0000000000000000E+000
         828   0.0000000000000000E+000
         829   0.0000000000000000E+000
         830   0.0000000000000000E+000
         831   0.0000000000000000E+000
         832   0.0000000000000000E+000
         833   0.0000000000000000E+000
         834   0.0000000000000000E+000
         835   0.0000000000000000E+000
         836   0.0000000000000000E+000
         837   0.0000000000000000E+000
         838   0.0000000000000000E+000
         839   0.0000000000000000E+000
         840   0.0000000000000000E+000
         841   0.0000000000000000E+000
         842   0.0000000000000000E+000
         843   0.0000000000000000E+000
         844   0.0000000000000000E+000
         845   0.0000000000000000E+000
         846   0.0000000000000000E+000
         847   0.0000000000000000E+000
         848   0.0000000000000000E+000
         849   0.0000000000000000E+000
         850   0.0000000000000000E+000
         851   0.0000000000000000E+000
         852   0.0000000000000000E+000
         853   0.0000000000000000E+000
         854   0.0000000000000000E+000
         855   0.0000000000000000E+000
         856   0.0000000000000000E+000
         857   0.0000000000000000E+000
         858   0.0000000000000000E+000
         859   0.0000000000000000E+000
         860   0.0000000000000000E+000
         861   0.0000000000000000E+000
         862   0.0000000000000000E+000
         863   0.0000000000000000E+000
         864   0.0000000000000000E+000
         865   0.0000000000000000E+000
         866   0.0000000000000000E+000
         867   0.0000000000000000E+000
         868   0.0000000000000000E+000
         869   0.0000000000000000E+000
         870   0.0000000000000000E+000
         871   0.0000000000000000E+000
         872   0.0000000000000000E+000
         873   0.0000000000000000E+000
         874   0.0000000000000000E+000
         875   0.0000000000000000E+000
         876   0.0000000000000000E+000
         877   0.0000000000000000E+000
         878   0.0000000000000000E+000
         879   0.0000000000000000E+000
         880   0.0000000000000000E+000
         881   0.0000000000000000E+000
         882   0.0000000000000000E+000
         883   0.0000000000000000E+000
         884   0.0000000000000000E+000
         885   0.0000000000000000E+000
         886   0.0000000000000000E+000
         887   0.0000000000000000E+000
         888   0.0000000000000000E+000
         889   0.0000000000000000E+000
         890   0.0000000000000000E+000
         891   0.0000000000000000E+000
         892   0.0000000000000000E+000
         893   0.0000000000000000E+000
         894   0.0000000000000000E+000
         895   0.0000000000000000E+000
         896   0.0000000000000000E+000
         897   0.0000000000000000E+000
         898   0.0000000000000000E+000
         899   0.0000000000000000E+000
         900   0.0000000000000000E+000
         901   0.0000000000000000E+000
         902   0.0000000000000000E+000
         903   0.0000000000000000E+000
         904   0.0000000000000000E+000
         905   0.0000000000000000E+000
         906   0.0000000000000000E+000
         907   0.0000000000000000E+000
         908   0.0000000000000000E+000
         909   0.0000000000000000E+000
         910   0.0000000000000000E+000
         911   0.0000000000000000E+000
         912   0.0000000000000000E+000
         913   0.0000000000000000E+000
         914   0.0000000000000000E+000
         915   0.0000000000000000E+000
         916   0.0000000000000000E+000
         917   0.0000000000000000E+000
         918   0.0000000000000000E+000
         919   0.0000000000000000E+000
         920   0.0000000000000000E+000
         921   0.0000000000000000E+000
         922   0.0000000000000000E+000
         923   0.0000000000000000E+000
         924   0.0000000000000000E+000
         925   0.0000000000000000E+000
         926   0.0000000000000000E+000
         927   0.0000000000000000E+000
         928   0.0000000000000000E+000
         929   0.0000000000000000E+000
         930   0.0000000000000000E+000
         931   0.0000000000000000E+000
         932   0.0000000000000000E+000
         933   0.0000000000000000E+000
         934   0.0000000000000000E+000
         935   0.0000000000000000E+000
         936   0.0000000000000000E+000
         937   0.0000000000000000E+000
         938   0.0000000000000000E+000
         939   0.0000000000000000E+000
         940   0.0000000000000000E+000
         941   0.0000000000000000E+000
         942   0.0000000000000000E+000
         943   0.0000000000000000E+000
         944   0.0000000000000000E+000
         945   0.0000000000000000E+000
         946   0.0000000000000000E+000
         947   0.0000000000000000E+000
         948   0.0000000000000000E+000
         949   0.0000000000000000E+000
         950   0.0000000000000000E+000
         951   0.0000000000000000E+000
         952   0.0000000000000000E+000
         953   0.0000000000000000E+000
         954   0.0000000000000000E+000
         955   0.0000000000000000E+000
         956   0.0000000000000000E+000
         957   0.0000000000000000E+000
         958   0.0000000000000000E+000
         959   0.0000000000000000E+000
         960   0.0000000000000000E+000
         961   0.0000000000000000E+000
         962   0.0000000000000000E+000
         963   0.0000000000000000E+000
         964   0.0000000000000000E+000
         965   0.0000000000000000E+000
         966   0.0000000000000000E+000
         967   0.0000000000000000E+000
         968   0.0000000000000000E+000
         969   0.0000000000000000E+000
         970   0.0000000000000000E+000
         971   0.0000000000000000E+000
         972   0.0000000000000000E+000
         973   0.0000000000000000E+000
         974   0.0000000000000000E+000
         975   0.0000000000000000E+000
         976   0.0000000000000000E+000
         977   0.0000000000000000E+000
         978   0.0000000000000000E+000
         979   0.0000000000000000E+000
         980   0.0000000000000000E+000
         981   0.0000000000000000E+000
         982   0.0000000000000000E+000
         983   0.0000000000000000E+000
         984   0.0000000000000000E+000
         985   0.0000000000000000E+000
         986   0.0000000000000000E+000
         987   0.0000000000000000E+000
         988   0.0000000000000000E+000
         989   0.0000000000000000E+000
         990   0.0000000000000000E+000
         991   0.0000000000000000E+000
         992   0.0000000000000000E+000
         993   0.0000000000000000E+000
         994   0.0000000000000000E+000
         995   0.0000000000000000E+000
         996   0.0000000000000000E+000
         997   0.0000000000000000E+000
         998   0.0000000000000000E+000
         999   0.0000000000000000E+000
        1000   0.0000000000000000E+000
