           1   4.3907143468385555E-002
           2   1.0718943962403553E-002
           3  0.11399587674557912     
           4   7.3704807439116213E-002
           5   4.5105609670252948E-002
           6   8.0460642809452088E-002
           7   7.5634282761720281E-002
           8   7.8032986385304121E-002
           9   4.8867184836168781E-002
          10   7.2680041936815834E-002
          11   8.9251378785164565E-002
          12   7.7363041935691990E-002
          13   7.2197037151480709E-002
          14   6.0847990887234901E-002
          15   6.8159079959213317E-002
          16   5.7144101398274215E-002
          17   6.0799956124334531E-002
          18   6.7352586628372013E-002
          19   6.9481608923412264E-002
          20   5.9389856128917895E-002
          21   5.9594969109963480E-002
          22   5.9090290727084077E-002
          23   6.9902188037725424E-002
          24   6.4593460009902834E-002
          25   5.7953018168115870E-002
          26   5.7810409611802754E-002
          27   6.1466489359010265E-002
          28   5.9058033545466251E-002
          29   5.7648125754479786E-002
          30   5.6017262713057327E-002
          31   5.5615847370727854E-002
          32   5.5894443529236913E-002
          33   5.7608159993519210E-002
          34   5.3295190264342207E-002
          35   5.0151087077791701E-002
          36   5.3639694102133151E-002
          37   5.1559586609815487E-002
          38   5.2763042519643706E-002
          39   4.8509026884905354E-002
          40   4.9716077633810508E-002
          41   5.1980416542202729E-002
          42   4.9597449522197412E-002
          43   4.8014098603185319E-002
          44   4.6514117898244833E-002
          45   4.4870349474370644E-002
          46   4.8018319655192231E-002
          47   4.6640141558611563E-002
          48   4.5975170895897019E-002
          49   4.5662105022472359E-002
          50   4.4345073390898521E-002
          51   4.2872047749415741E-002
          52   4.2841679618112812E-002
          53   4.5471647879479216E-002
          54   4.2113207584794601E-002
          55   4.0785478886897812E-002
          56   4.3544174129937427E-002
          57   4.1644831126297285E-002
          58   3.9846603704695130E-002
          59   3.9928973230501194E-002
          60   4.1041701055595514E-002
          61   3.8240438016228770E-002
          62   3.8137863642400210E-002
          63   3.6979850751197342E-002
          64   3.9048870049646245E-002
          65   3.8277131490965774E-002
          66   3.7167264597856707E-002
          67   3.5705698930188670E-002
          68   3.6224670092255461E-002
          69   3.5622688354184098E-002
          70   3.5590529650532193E-002
          71   3.4385179841313118E-002
          72   3.4597047538019017E-002
          73   3.3321105902159309E-002
          74   3.3559730812378639E-002
          75   3.2529048607325875E-002
          76   3.1080005229606647E-002
          77   3.2241869094252994E-002
          78   3.1226075846241853E-002
          79   2.9856707588391720E-002
          80   3.0284883927986742E-002
          81   3.0223469910996784E-002
          82   3.0086258789626195E-002
          83   3.0750243237125552E-002
          84   2.9651693911551938E-002
          85   2.7554944173963220E-002
          86   2.9332597797168590E-002
          87   2.8024402998000113E-002
          88   2.8175751644315891E-002
          89   2.7090752030606159E-002
          90   2.7281228150122520E-002
          91   2.6665425902857632E-002
          92   2.6538230815712174E-002
          93   2.5714785101076373E-002
          94   2.5449141832015344E-002
          95   2.5901622478342122E-002
          96   2.5053029234334518E-002
          97   2.5855576979159724E-002
          98   2.4209247991938469E-002
          99   2.5269232695067773E-002
         100   2.3745938975987257E-002
         101   2.3968904207631113E-002
         102   2.3078362052343961E-002
         103   2.3182528488315222E-002
         104   2.2941026115830317E-002
         105   2.2907066676010061E-002
         106   2.1634136029010407E-002
         107   2.1861302716403144E-002
         108   2.0812593149569777E-002
         109   2.0778989433034269E-002
         110   2.1180829791655455E-002
         111   2.1380012110138014E-002
         112   2.0423245006563721E-002
         113   2.0404166578055494E-002
         114   1.9496917004257902E-002
         115   1.9905657876004193E-002
         116   1.9457025779835234E-002
         117   1.9326692522296421E-002
         118   1.8934301108953978E-002
         119   1.9140191464492282E-002
         120   1.8754736972097022E-002
         121   1.8153080812301943E-002
         122   1.7833455506001020E-002
         123   1.7554896333414834E-002
         124   1.7424691593426897E-002
         125   1.7854761119605038E-002
         126   1.7164817139041482E-002
         127   1.7333530567540785E-002
         128   1.6589531439720650E-002
         129   1.6624532435136202E-002
         130   1.6246027490703727E-002
         131   1.6200281041776551E-002
         132   1.5906567133770290E-002
         133   1.5923113369580827E-002
         134   1.5818011756937381E-002
         135   1.5935415982103202E-002
         136   1.4896711860718077E-002
         137   1.5161395054718552E-002
         138   1.4225283593026555E-002
         139   1.4404255542599092E-002
         140   1.4500392747050186E-002
         141   1.4437721279522609E-002
         142   1.3965527127399919E-002
         143   1.4188626402363401E-002
         144   1.3753947604322237E-002
         145   1.3393329559015264E-002
         146   1.3705778949857942E-002
         147   1.3274176179181314E-002
         148   1.2989990247911120E-002
         149   1.3107949169784611E-002
         150   1.2842462003698865E-002
         151   1.2397122127741200E-002
         152   1.2495844676330197E-002
         153   1.2384623609947559E-002
         154   1.1935584812741836E-002
         155   1.1846680794462045E-002
         156   1.1890216886296301E-002
         157   1.1375221043828652E-002
         158   1.1769542140127981E-002
         159   1.1554423066491298E-002
         160   1.1160210900561338E-002
         161   1.1049086624992982E-002
         162   1.1123267364546663E-002
         163   1.0818806396505651E-002
         164   1.0648509308634672E-002
         165   1.0491049392424378E-002
         166   1.0084758725117908E-002
         167   1.0059609685393380E-002
         168   9.6393329392417525E-003
         169   9.7999820772705047E-003
         170   1.0024245887341085E-002
         171   9.8705506735849192E-003
         172   9.6231406566065873E-003
         173   9.1869771138664742E-003
         174   9.2669052117291036E-003
         175   9.4457145903370249E-003
         176   9.2856754498145139E-003
         177   9.2591058119743351E-003
         178   9.0044242126223663E-003
         179   8.7404251776803023E-003
         180   8.3058382430210038E-003
         181   8.5442029929385949E-003
         182   8.6202127639049084E-003
         183   8.4230433261057343E-003
         184   8.1523866074192427E-003
         185   7.8305132377830423E-003
         186   8.0206553661718097E-003
         187   7.9080342430752106E-003
         188   7.8181189776799966E-003
         189   7.6958525516202907E-003
         190   7.5373948491024604E-003
         191   7.5773729265839430E-003
         192   7.3904715700983288E-003
         193   6.9776877428866148E-003
         194   7.0965926455784723E-003
         195   7.0048287890076000E-003
         196   7.0403372652184486E-003
         197   7.0275973700834994E-003
         198   6.9390841749924059E-003
         199   6.7483643881978035E-003
         200   6.6633569877937743E-003
         201   6.5311518598934809E-003
         202   6.3088787830342941E-003
         203   6.3525330023214508E-003
         204   6.5382760832400034E-003
         205   6.3469015128628879E-003
         206   6.1152933642862964E-003
         207   6.3482469892901508E-003
         208   5.8874535614828836E-003
         209   6.0336290789734792E-003
         210   5.9169938327370917E-003
         211   5.6591211458703241E-003
         212   5.7694301573084751E-003
         213   5.7820185811713930E-003
         214   5.5222796014126720E-003
         215   5.5989953123115046E-003
         216   5.4123614663349525E-003
         217   5.1927842575093947E-003
         218   5.3503940032640701E-003
         219   5.3100289653592271E-003
         220   5.2864226930823066E-003
         221   5.0104731795244661E-003
         222   4.9636246239864873E-003
         223   4.9147987835681467E-003
         224   4.7622355300129520E-003
         225   4.6382006011651093E-003
         226   4.7764393482750290E-003
         227   4.7819096380282986E-003
         228   4.7342084574333535E-003
         229   4.5057323352442257E-003
         230   4.5671893379460593E-003
         231   4.3819854508777211E-003
         232   4.3588443117481401E-003
         233   4.3709019100480421E-003
         234   4.0970763122571497E-003
         235   4.3750098656589525E-003
         236   4.1588328554727277E-003
         237   4.0449194751265329E-003
         238   4.0430754236379148E-003
         239   4.0467178667011319E-003
         240   3.8631518938392986E-003
         241   3.9462017124298338E-003
         242   3.8878778880609066E-003
         243   3.8182100688388650E-003
         244   3.6886358711465525E-003
         245   3.6709172700854402E-003
         246   3.6474307609116602E-003
         247   3.6142790146288148E-003
         248   3.6033521920446087E-003
         249   3.5537316766938195E-003
         250   3.5916444878099510E-003
         251   3.4244085986008758E-003
         252   3.3961002768093580E-003
         253   3.3447045071165128E-003
         254   3.3113092220569715E-003
         255   3.2717248213618108E-003
         256   3.2148547636629029E-003
         257   3.2669448269145055E-003
         258   3.1260284587454014E-003
         259   3.1492296199819195E-003
         260   2.9763098665591286E-003
         261   3.0780914379568299E-003
         262   2.9898405329134297E-003
         263   2.9006915225596188E-003
         264   2.8801215769368215E-003
         265   2.8888589009733044E-003
         266   2.8045919288648895E-003
         267   2.6412755574452868E-003
         268   2.6986054310769040E-003
         269   2.8290218545916198E-003
         270   2.5592709029917718E-003
         271   2.6806756222247170E-003
         272   2.4316221077928641E-003
         273   2.5638213842577272E-003
         274   2.5557363751076904E-003
         275   2.4784456645337359E-003
         276   2.4284090753299557E-003
         277   2.4139408968344893E-003
         278   2.3844251920342669E-003
         279   2.2899247345905820E-003
         280   2.4314091527994608E-003
         281   2.3106345068197539E-003
         282   2.2863176863252795E-003
         283   2.2792706696221710E-003
         284   2.3045995690622692E-003
         285   2.2348697754250996E-003
         286   2.0581867290946913E-003
         287   2.1842944008740105E-003
         288   2.1013002645709016E-003
         289   2.0623678955096624E-003
         290   2.0640196214902606E-003
         291   2.0827782763264404E-003
         292   2.0025920511640379E-003
         293   1.9657926495104654E-003
         294   1.9361094296875081E-003
         295   2.0114859312859706E-003
         296   1.8547683270806949E-003
         297   2.0230390668363450E-003
         298   1.8433771626488479E-003
         299   1.7903350098578659E-003
         300   1.7826329554348679E-003
         301   1.6999322940447978E-003
         302   1.7619570452767994E-003
         303   1.7157296141264724E-003
         304   1.6907835443505017E-003
         305   1.7401797178297289E-003
         306   1.5865136628760851E-003
         307   1.6345549358200914E-003
         308   1.7081740933205121E-003
         309   1.6225863313608655E-003
         310   1.6202166113121566E-003
         311   1.5278983472877946E-003
         312   1.5580960861249714E-003
         313   1.5440846430048254E-003
         314   1.5036535373715513E-003
         315   1.4510422194537707E-003
         316   1.4458593601075378E-003
         317   1.3728596098447287E-003
         318   1.4623618561102831E-003
         319   1.3876029304459576E-003
         320   1.3394189238076387E-003
         321   1.3272895326860879E-003
         322   1.3450548041156318E-003
         323   1.3497507654642734E-003
         324   1.3020701124930867E-003
         325   1.3039774926434462E-003
         326   1.2190170936808606E-003
         327   1.2723933425865500E-003
         328   1.2506767162602603E-003
         329   1.2247734512555999E-003
         330   1.1386826914463913E-003
         331   1.1889923653926708E-003
         332   1.1495202685713349E-003
         333   1.1326008933076237E-003
         334   1.0960214683281904E-003
         335   1.1240926564158693E-003
         336   1.0731473431971948E-003
         337   1.0786794941170198E-003
         338   1.0903342353462265E-003
         339   1.0376473068047453E-003
         340   1.0625420761521283E-003
         341   1.0521989540344032E-003
         342   1.0772455659099321E-003
         343   9.9745633960738873E-004
         344   9.9433503898638709E-004
         345   9.8392239012062496E-004
         346   8.9818344186007987E-004
         347   9.7931043580530585E-004
         348   9.7235580373702913E-004
         349   9.5370014041649075E-004
         350   9.0817789448056734E-004
         351   8.1224508057978662E-004
         352   8.3447765682039888E-004
         353   8.9534383290690430E-004
         354   8.8080295236112657E-004
         355   8.1917721865240026E-004
         356   9.0596116756271115E-004
         357   8.3876594272010001E-004
         358   7.6034862252891871E-004
         359   8.2018212096595462E-004
         360   7.2813517744352849E-004
         361   7.7337193476143277E-004
         362   7.6731663205535758E-004
         363   7.6489777249432378E-004
         364   7.3728831859229285E-004
         365   7.2380608827224619E-004
         366   6.9967661462261039E-004
         367   7.2239799104467856E-004
         368   7.0387250032347408E-004
         369   6.7375985650067281E-004
         370   6.6671652178371457E-004
         371   6.6888861873088952E-004
         372   6.2851763126320793E-004
         373   6.9307356348165586E-004
         374   6.5700473983561095E-004
         375   6.0955221412431156E-004
         376   6.2765024778667767E-004
         377   6.0703365900966941E-004
         378   6.1437055116937364E-004
         379   6.3102269116767319E-004
         380   6.0401597552799840E-004
         381   6.4409721707504787E-004
         382   5.9778521446953695E-004
         383   5.7896016632835333E-004
         384   5.4414337177874003E-004
         385   5.4567352257962832E-004
         386   5.5822362048570562E-004
         387   5.6918223197187769E-004
         388   5.2352245359588720E-004
         389   5.2981477416274507E-004
         390   5.4425551573925393E-004
         391   4.9428000968262703E-004
         392   4.9072362015152278E-004
         393   4.9389210290684115E-004
         394   5.0466093202858559E-004
         395   4.8022046230354837E-004
         396   4.9654255116717688E-004
         397   4.6888868345758300E-004
         398   4.7057028707592121E-004
         399   4.7070549662391834E-004
         400   4.4003735384011265E-004
         401   4.5469212996165556E-004
         402   4.4011589994643718E-004
         403   4.4965653475506780E-004
         404   4.1580410574479295E-004
         405   3.9587631710431289E-004
         406   3.7616520587833237E-004
         407   4.1691467711806518E-004
         408   4.0632632608616999E-004
         409   3.9388652350243349E-004
         410   4.1511347846736587E-004
         411   4.3332686413250139E-004
         412   3.9517562179937522E-004
         413   3.8025144823423317E-004
         414   3.7429185060228653E-004
         415   3.9226473284261962E-004
         416   3.5828285383390730E-004
         417   3.3098275789685526E-004
         418   3.6216938782231416E-004
         419   3.2787759767953051E-004
         420   3.7399775930309766E-004
         421   3.2384388202130667E-004
         422   3.4458129545314334E-004
         423   3.2301111218908799E-004
         424   3.0120370030894755E-004
         425   2.9887422592547725E-004
         426   3.0885096635965587E-004
         427   3.0132997681676498E-004
         428   2.7173712817929512E-004
         429   3.1277618999978523E-004
         430   3.0914249903506950E-004
         431   2.8760535435841747E-004
         432   2.8203251099949000E-004
         433   3.0362624375905042E-004
         434   3.0347436380483736E-004
         435   2.7943140845192361E-004
         436   2.8192527582399974E-004
         437   2.7564093108972139E-004
         438   2.7437043175589050E-004
         439   2.5458295936276051E-004
         440   2.6615229803392823E-004
         441   2.6946321652297946E-004
         442   2.6011635683537225E-004
         443   2.6943669770178758E-004
         444   2.3322495722491468E-004
         445   2.5699077907107736E-004
         446   2.3113074614611247E-004
         447   2.2531090151357356E-004
         448   2.5239905883631673E-004
         449   2.1427040076780967E-004
         450   2.3097426032105340E-004
         451   2.4437469864579454E-004
         452   2.3826045416342132E-004
         453   2.2019821864821735E-004
         454   2.2496676972626298E-004
         455   1.9561316471466679E-004
         456   2.3372143924556223E-004
         457   1.9046302605115725E-004
         458   2.1006284624180659E-004
         459   2.1445365588184905E-004
         460   2.0264078217523875E-004
         461   2.0623418199520706E-004
         462   1.8860566382109458E-004
         463   2.0188074055057221E-004
         464   1.9734329669197808E-004
         465   1.7626464212449293E-004
         466   1.8978668224078809E-004
         467   1.9077707215805912E-004
         468   1.7765296624598634E-004
         469   1.6786741554331456E-004
         470   1.5710130350314721E-004
         471   1.7183127897144382E-004
         472   1.6965429961595692E-004
         473   1.9201077398403555E-004
         474   1.7423396544053455E-004
         475   1.7386188531828378E-004
         476   1.7313116125235609E-004
         477   1.5774241419145346E-004
         478   1.5883412196050396E-004
         479   1.7064728743132124E-004
         480   1.5270443898165016E-004
         481   1.4723866344646945E-004
         482   1.5382980764191829E-004
         483   1.5046224516825828E-004
         484   1.5629374345840335E-004
         485   1.4786451881519856E-004
         486   1.4154765310756904E-004
         487   1.3426072785451232E-004
         488   1.3606295012995074E-004
         489   1.2951392306856691E-004
         490   1.5148853083541672E-004
         491   1.3340783639828656E-004
         492   1.4304884608882674E-004
         493   1.2711402109303300E-004
         494   1.2756868079603955E-004
         495   1.2089865766640654E-004
         496   1.2976966482290683E-004
         497   1.2410055948009274E-004
         498   1.1110862527989307E-004
         499   1.1513487518713946E-004
         500   1.2993131843294113E-004
         501   1.2150522092553174E-004
         502   1.1344633143300081E-004
         503   1.2618490971981047E-004
         504   1.0099465555686030E-004
         505   1.0371196855953638E-004
         506   1.1043265370876623E-004
         507   1.1833967670311568E-004
         508   9.9401169417768814E-005
         509   1.0790289477212568E-004
         510   9.9849061211529551E-005
         511   9.6711048721993592E-005
         512   1.0512806943153470E-004
         513   1.0834393265526621E-004
         514   8.7780023647243116E-005
         515   9.3427166660499744E-005
         516   8.7702358108032033E-005
         517   8.6468038417685590E-005
         518   9.5909752808261684E-005
         519   9.1695750680772801E-005
         520   8.8405578385443846E-005
         521   8.5431336132004164E-005
         522   8.7163611205253204E-005
         523   8.1304737057671562E-005
         524   8.3319584321290633E-005
         525   8.4153184905449966E-005
         526   7.9514446028608807E-005
         527   7.8931714474275404E-005
         528   8.0626360627468504E-005
         529   6.8131836747978864E-005
         530   7.8887988710984536E-005
         531   7.6900211571280608E-005
         532   7.9712018715140994E-005
         533   7.1858071685652899E-005
         534   6.7683887973300855E-005
         535   6.8826523055221295E-005
         536   6.7177612574281594E-005
         537   6.5837964232255510E-005
         538   7.1617800761146643E-005
         539   6.0146767172615158E-005
         540   6.0472878886514801E-005
         541   5.7800442899052227E-005
         542   6.4348498202620259E-005
         543   6.2770096263065238E-005
         544   5.8522253656394838E-005
         545   5.5620526195561556E-005
         546   6.2873958791369181E-005
         547   6.4773145353666167E-005
         548   6.2164556964348431E-005
         549   5.4031007394231926E-005
         550   5.7511083932575691E-005
         551   5.3113563951296833E-005
         552   5.5004747369562549E-005
         553   5.0133525569661118E-005
         554   6.0045358963734719E-005
         555   5.7244581869450561E-005
         556   5.9102132011216511E-005
         557   4.6859916806923537E-005
         558   5.1270389885775183E-005
         559   4.7535863334005561E-005
         560   5.0908265381658300E-005
         561   4.2147592716768666E-005
         562   3.7218088805558442E-005
         563   4.9621885511646043E-005
         564   4.5452551776613439E-005
         565   4.4042457028847231E-005
         566   5.4798126044157411E-005
         567   5.1644089498722488E-005
         568   4.3342283573651783E-005
         569   4.4896907544025003E-005
         570   3.6432710645585902E-005
         571   4.1911921850021800E-005
         572   4.4919400837704515E-005
         573   3.7017784852654067E-005
         574   3.6643343345100596E-005
         575   3.7728684728082525E-005
         576   4.0707774598306729E-005
         577   3.7701893771830557E-005
         578   3.4485414830341321E-005
         579   3.7676046330545584E-005
         580   3.6844097048178137E-005
         581   3.2476832578683018E-005
         582   3.3776515264993667E-005
         583   3.0387137146998174E-005
         584   3.2613352783536522E-005
         585   3.5751018675448114E-005
         586   3.1694606636553360E-005
         587   3.1355461682586381E-005
         588   4.0432972221756974E-005
         589   3.2286980776054496E-005
         590   2.8753649036299735E-005
         591   3.0938199247108729E-005
         592   2.7204480418226335E-005
         593   3.0726746015110374E-005
         594   3.0619689378734232E-005
         595   2.7376558335451058E-005
         596   2.9738733106547597E-005
         597   2.9425033689613863E-005
         598   2.6215321446607988E-005
         599   3.2320425973434886E-005
         600   2.4938033799183535E-005
         601   2.7934226738184632E-005
         602   2.7402736692131061E-005
         603   2.5785310166824409E-005
         604   2.6132930802302578E-005
         605   2.5836099740288617E-005
         606   2.5528484781201009E-005
         607   2.1562987568358451E-005
         608   2.4716691965550301E-005
         609   1.9063704400176805E-005
         610   2.3269350878967497E-005
         611   2.3411745422337842E-005
         612   2.4180674566702876E-005
         613   2.7273452930917291E-005
         614   2.1492634985283430E-005
         615   1.9532534498488914E-005
         616   2.4496380508461989E-005
         617   2.1916295258875548E-005
         618   1.9760447667890568E-005
         619   2.0319673427088666E-005
         620   2.1906159504484023E-005
         621   2.0396776702241181E-005
         622   2.3820183699747382E-005
         623   1.7199175602240827E-005
         624   2.1016637659423104E-005
         625   2.1356242823755674E-005
         626   1.6830361659761356E-005
         627   1.7783801490750785E-005
         628   1.9334700216638010E-005
         629   1.8071150781005954E-005
         630   1.3011728146742483E-005
         631   1.8559014410823107E-005
         632   1.6908721136385102E-005
         633   1.9630677916449742E-005
         634   1.6600691023154788E-005
         635   2.0298638034580499E-005
         636   1.8075632537971605E-005
         637   1.5861878249201882E-005
         638   1.5029995453490748E-005
         639   1.9073196830865881E-005
         640   1.7846717862577756E-005
         641   1.7207148779273108E-005
         642   1.0410488205176122E-005
         643   1.3646523594786529E-005
         644   1.5900920247380211E-005
         645   1.1076210733780634E-005
         646   1.3708135987093097E-005
         647   1.4425126653064474E-005
         648   1.0975058875663221E-005
         649   1.5469352994200748E-005
         650   1.1285010168688230E-005
         651   1.1625913309048418E-005
         652   1.2333736285092871E-005
         653   1.1552540956372791E-005
         654   1.2074898154817951E-005
         655   1.0371454235394594E-005
         656   1.4586859790131527E-005
         657   1.0307963470580883E-005
         658   9.3589121455544269E-006
         659   9.6982594455764332E-006
         660   9.1207457350752040E-006
         661   1.3637081271522598E-005
         662   9.2465342711456361E-006
         663   1.2290582812936728E-005
         664   1.1894698386986324E-005
         665   9.1650627948807093E-006
         666   1.2898080125094731E-005
         667   8.2160740848157109E-006
         668   7.3021707526951167E-006
         669   1.1008284579390338E-005
         670   6.7251383707778747E-006
         671   8.8268185957596316E-006
         672   9.8524258735372781E-006
         673   7.1937554248525960E-006
         674   8.5720518883656832E-006
         675   9.7647000837791867E-006
         676   7.9999312828556083E-006
         677   1.0056170104794117E-005
         678   7.7773661533963079E-006
         679   6.7198550058550103E-006
         680   7.3895428746822398E-006
         681   8.0533309726837950E-006
         682   9.5696525911347694E-006
         683   4.4287202617140608E-006
         684   7.8136455060614748E-006
         685   5.9271530338242342E-006
         686   5.9088458971546818E-006
         687   5.8914370417201398E-006
         688   6.2115981032444465E-006
         689   6.1942036908385139E-006
         690   6.1771775587452933E-006
         691   4.6600131697042707E-006
         692   5.4752145016101793E-006
         693   5.6275862397543539E-006
         694   5.6091682502906605E-006
         695   5.4292167104927990E-006
         696   5.2501059212447982E-006
         697   4.7434528035825600E-006
         698   6.8487587203998442E-006
         699   4.3895251649764294E-006
         700   6.3254070592071079E-006
         701   4.8521286637398553E-006
         702   3.2249132974526210E-006
         703   4.1810545582981804E-006
         704   3.6881307093070331E-006
         705   4.1568415948527043E-006
         706   3.8278219976751599E-006
         707   5.7226306961716508E-006
         708   4.7557157787682889E-006
         709   3.3193915554172394E-006
         710   4.7279886436894999E-006
         711   5.6578782800731562E-006
         712   3.7628819118382180E-006
         713   3.9086314310132547E-006
         714   3.1173468215936063E-006
         715   3.2638430185393016E-006
         716   4.1851054599267781E-006
         717   2.6277050181247722E-006
         718   4.6229733643759886E-006
         719   3.8434848505688847E-006
         720   2.4520431506781888E-006
         721   3.0574379942767919E-006
         722   2.5914620191289125E-006
         723   2.8889639407016773E-006
         724   3.7894490693676090E-006
         725   3.7797058619781587E-006
         726   4.0711281173459411E-006
         727   4.2108606928857821E-006
         728   2.0988758589712823E-006
         729   2.5420148151847900E-006
         730   2.9820665477322948E-006
         731   4.0167250473118199E-006
         732   2.8184932283715190E-006
         733   2.9581679561489170E-006
         734   3.5391552317719514E-006
         735   3.2363857616634961E-006
         736   3.8125918429514967E-006
         737   1.7562576095856510E-006
         738   3.0638595005496846E-006
         739   3.2001070489522410E-006
         740   2.4675827957845010E-006
         741   2.1715011510096595E-006
         742   2.8862089512188457E-006
         743   2.3031932997294645E-006
         744   2.0098929950241744E-006
         745   1.7182703699910839E-006
         746   1.9990912464785121E-006
         747   1.9936680454208645E-006
         748   2.1306757151934012E-006
         749   2.5500376351211858E-006
         750   1.8369899298972727E-006
         751   2.2549118742929149E-006
         752   1.2649740501603802E-006
         753   1.4016157276161883E-006
         754   2.2372048120097032E-006
         755   2.6493711829080581E-006
         756   2.2249486700794295E-006
         757   1.9416577839545810E-006
         758   1.3830376649551122E-006
         759   1.3793286728926227E-006
         760   2.8891344402052314E-006
         761   2.0586150284908771E-006
         762   1.9158169723786759E-006
         763   2.4575630788967064E-006
         764   1.2248587541455535E-006
         765   2.9875944778278034E-006
         766   9.4793167336189946E-007
         767   1.8911986427678313E-006
         768   9.4272864031868833E-007
         769   1.2097810486413163E-006
         770   1.7419477143519952E-006
         771   8.0219276421353439E-007
         772   1.3338780185689217E-006
         773   1.3297807246891720E-006
         774   2.6533790548807410E-006
         775   1.9847013758293374E-006
         776   1.4515910317432269E-006
         777   2.3698374152132838E-006
         778   1.3128377780371616E-006
         779   1.9650770815982778E-006
         780   5.2226095356265146E-007
         781   9.1230802514636224E-007
         782   1.2998758534482333E-006
         783   1.1668870317948926E-006
         784   1.9388275176302702E-006
         785   1.8060315793744356E-006
         786   1.4150180597332762E-006
         787   1.2824624474044441E-006
         788   8.9530862465298254E-007
         789   8.9383168760459251E-007
         790   6.3646952893918840E-007
         791   1.3976087505409728E-006
         792   8.8740524470676422E-007
         793   6.3177167476105379E-007
         794   1.0085078260136696E-006
         795   1.1321450644213402E-006
         796   1.3796107980133826E-006
         797   1.0007517796550979E-006
         798   1.3728855988214052E-006
         799   1.9926839231034962E-006
         800   1.8635095971868260E-006
         801   1.1148937816250602E-006
         802   1.3591519525751653E-006
         803   1.2326241193907181E-006
         804   3.6918298169599373E-007
         805   2.0852652561134702E-006
         806   1.4676633345545446E-006
         807   2.4394817911165194E-007
         808   6.0876748161570601E-007
         809   1.2149735453493103E-006
         810   2.0594198246938450E-006
         811   4.8329285712599204E-007
         812   7.2312103103226429E-007
         813   1.3224709377620253E-006
         814   7.1979328141071765E-007
         815   5.9829426112439747E-007
         816   2.3880954264898959E-007
         817   2.3797215252675150E-007
         818   5.9413831500919521E-007
         819   8.2946761032215912E-007
         820   7.0915994931958797E-007
         821   8.2533817185738267E-007
         822   4.7048258269736340E-007
         823   3.5189697224303630E-007
         824   1.5214630510587761E-006
         825   9.3407033700317272E-007
         826   5.8249272533456500E-007
         827   6.9747905148781635E-007
         828   2.3191176242151883E-007
         829   1.3880754861379015E-006
         830   1.0377479755058431E-006
         831   4.6024228980440060E-007
         832   4.5935529120910911E-007
         833   4.5824364720557124E-007
         834   4.5719375732617460E-007
         835   6.8421997151220132E-007
         836   6.8266223148636689E-007
         837   0.0000000000000000E+000
         838   6.7930478522736788E-007
         839   3.3879294086814996E-007
         840   5.6321849632672351E-007
         841   6.7395707346361465E-007
         842   1.1213951526271679E-006
         843   5.5917719142575225E-007
         844   6.6903336482312055E-007
         845   8.9053288319082853E-007
         846   4.4432525671562956E-007
         847   6.6505278162361627E-007
         848   4.4229870549289360E-007
         849   3.3071223631307586E-007
         850   3.2991214761919588E-007
         851   4.3887025827447366E-007
         852   5.4726657072173952E-007
         853   6.5554756837490947E-007
         854   7.6265899319010418E-007
         855   1.0874008590673617E-007
         856   0.0000000000000000E+000
         857   9.7353337887970474E-007
         858   1.0799705725745829E-007
         859   4.3082630278162160E-007
         860   5.3726152479693487E-007
         861   2.1447321600153123E-007
         862   4.2829394196140456E-007
         863   3.1992785747258074E-007
         864   3.1941781576432849E-007
         865   7.4369691625524830E-007
         866   3.1778588949488557E-007
         867   3.1739692837880128E-007
         868   8.4423642862448458E-007
         869   4.2093771940089179E-007
         870   5.2496665917639210E-007
         871   2.0968004518242373E-007
         872   3.1369519294370639E-007
         873   2.0856112901044418E-007
         874   2.0829652680882724E-007
         875   5.1899064380732242E-007
         876   7.2532742610778497E-007
         877   4.1326264334032131E-007
         878   1.0305073827542948E-007
         879   9.2559053110844122E-007
         880   9.2374964114934950E-007
         881   6.1451440687592753E-007
         882   2.0427600825871123E-007
         883   7.1388174869374733E-007
         884   1.0180279743794742E-007
         885   4.0601709458246149E-007
         886   3.0380854655002491E-007
         887   6.0614133674720676E-007
         888   0.0000000000000000E+000
         889   0.0000000000000000E+000
         890   3.0115480506306465E-007
         891   4.0070329933868214E-007
         892   4.9939996238108934E-007
         893   2.9906736298922135E-007
         894   2.9856024011795100E-007
         895   2.9756258067194188E-007
         896   2.9697382391663713E-007
         897   1.9769710994374132E-007
         898   0.0000000000000000E+000
         899   6.8851033705191917E-007
         900   9.8099810057863081E-008
         901   2.9390750030935062E-007
         902   3.9087370152469179E-007
         903   9.7389126622523602E-008
         904   4.8645745649952695E-007
         905   9.6967062897052636E-008
         906   9.6790401719093842E-008
         907   1.9316883817451644E-007
         908   0.0000000000000000E+000
         909   3.8475388012097387E-007
         910   4.7973613131901138E-007
         911   5.7478884847868731E-007
         912   2.8684442825530199E-007
         913   7.6280303190429101E-007
         914   5.7094288319652978E-007
         915   2.8480946170144315E-007
         916   3.7896701075152524E-007
         917   9.4545899128865325E-008
         918   9.4376527132805492E-008
         919   9.4117021208397559E-008
         920   5.6377334517439009E-007
         921   9.3651886731902449E-008
         922   7.4794667452806636E-007
         923   9.3392541823400368E-008
         924   2.7940931355935889E-007
         925   2.7856156169883932E-007
         926   1.8524937106055739E-007
         927   2.7731038701334163E-007
         928   1.8455770555600722E-007
         929   0.0000000000000000E+000
         930   0.0000000000000000E+000
         931   0.0000000000000000E+000
         932   1.8295241809032584E-007
         933   0.0000000000000000E+000
         934   9.1103466164385856E-008
         935   1.8195063897024765E-007
         936   9.0724224168746570E-008
         937   9.0490975074748012E-008
         938   1.8081585689408150E-007
         939   9.0217371775193809E-008
         940   8.9918259527033798E-008
         941   2.6938087704399330E-007
         942   8.9505463641776739E-008
         943   8.9416600722536340E-008
         944   3.5683999834272160E-007
         945   8.9108589533158363E-008
         946   8.8889389468463527E-008
         947   8.8710463162722802E-008
         948   0.0000000000000000E+000
         949   0.0000000000000000E+000
         950   8.8099574165866936E-008
         951   2.6352337429721325E-007
         952   8.7686568352429555E-008
         953   8.7479091039534546E-008
         954   8.7382956744775790E-008
         955   1.7440705692103112E-007
         956   8.7002701688388350E-008
         957   0.0000000000000000E+000
         958   1.7327479103120065E-007
         959   0.0000000000000000E+000
         960   8.6178690628114788E-008
         961   0.0000000000000000E+000
         962   0.0000000000000000E+000
         963   0.0000000000000000E+000
         964   8.5567111638139449E-008
         965   0.0000000000000000E+000
         966   8.5120638059065959E-008
         967   0.0000000000000000E+000
         968   2.5433109081955706E-007
         969   0.0000000000000000E+000
         970   0.0000000000000000E+000
         971   0.0000000000000000E+000
         972   0.0000000000000000E+000
         973   8.3945476836948737E-008
         974   0.0000000000000000E+000
         975   8.3611090312212204E-008
         976   8.3382085303633349E-008
         977   0.0000000000000000E+000
         978   8.3091524971754295E-008
         979   0.0000000000000000E+000
         980   2.4819112377002225E-007
         981   0.0000000000000000E+000
         982   8.2400552662148115E-008
         983   8.2232136170308092E-008
         984   0.0000000000000000E+000
         985   2.4576941494850824E-007
         986   0.0000000000000000E+000
         987   0.0000000000000000E+000
         988   8.1419967456473013E-008
         989   0.0000000000000000E+000
         990   1.6216717109031061E-007
         991   0.0000000000000000E+000
         992   0.0000000000000000E+000
         993   0.0000000000000000E+000
         994   8.0460186777712122E-008
         995   8.0303344318853951E-008
         996   1.6031622049668394E-007
         997   0.0000000000000000E+000
         998   0.0000000000000000E+000
         999   1.5944253399583957E-007
        1000   1.0742958359752676E-005
