           1   0.0000000000000000E+000
           2   0.0000000000000000E+000
           3   0.0000000000000000E+000
           4   1.5133043413489118     
           5   0.0000000000000000E+000
           6  0.87768347895816146     
           7  0.59157990185528375     
           8  0.22088320824497087     
           9   0.0000000000000000E+000
          10  0.14634438493443289     
          11   0.0000000000000000E+000
          12  0.64810443978665788     
          13  0.71313360106939172     
          14  0.33976439244852652     
          15  0.56138443881605293     
          16  0.34309637505858881     
          17  0.10341378940058132     
          18   9.2679085145084050E-002
          19  0.12485754389351335     
          20  0.11298242809302898     
          21  0.42591565225618588     
          22  0.20119662386679929     
          23  0.24120093468792844     
          24  0.13274266719439737     
          25  0.12331496732320135     
          26  0.10080117850897000     
          27   2.1148266719366527E-002
          28   7.8222084711475431E-002
          29  0.21821471817509627     
          30  0.17067219842695810     
          31  0.25667611433866061     
          32  0.13443922953085422     
          33   8.3953644256157450E-002
          34   5.3592634570209567E-002
          35  0.11358145754089415     
          36  0.12442596553255111     
          37  0.18207939511220123     
          38  0.17579859633667208     
          39  0.18926781023572481     
          40  0.15959846211246789     
          41  0.15705528446209263     
          42  0.12234173752760059     
          43  0.16888247349423799     
          44  0.11688803316272633     
          45  0.15363291722660621     
          46   6.2590125065821831E-002
          47  0.14813870046522512     
          48   8.4869726106288054E-002
          49  0.13366928370762643     
          50  0.13136862172566152     
          51  0.13197249643170117     
          52   8.6246643836750694E-002
          53  0.13364210770228604     
          54  0.12265782167428793     
          55   9.6050888631218245E-002
          56  0.10001758612087569     
          57   8.4049750390792835E-002
          58  0.14415946277499828     
          59   9.4392552920274930E-002
          60  0.11744427324371738     
          61   8.2176969899996066E-002
          62  0.11244502608724136     
          63  0.13015177365496372     
          64   9.9456027057253385E-002
          65   7.6071046124946112E-002
          66   9.5470379567534638E-002
          67   8.3920078061726119E-002
          68   6.2539399043378310E-002
          69  0.11197050116658400     
          70   8.0052907672896564E-002
          71  0.12153323377205691     
          72   8.4888422956375872E-002
          73   8.5457751363507736E-002
          74   8.0159013218300018E-002
          75   5.7252374276176181E-002
          76   7.4743853210109873E-002
          77   6.8896465266241477E-002
          78   7.6315154988482500E-002
          79   6.6572062413131003E-002
          80   6.6316063333858880E-002
          81   5.3771491501399649E-002
          82   6.5575804529507578E-002
          83   6.6222909347772696E-002
          84   6.6876716967490646E-002
          85   5.8729737749200352E-002
          86   6.0464688490038075E-002
          87   6.5435876029072984E-002
          88   5.1832865151145310E-002
          89   6.3553296698309669E-002
          90   5.0545634005678443E-002
          91   3.9894735592032181E-002
          92   5.5871487433712591E-002
          93   4.0931773471752218E-002
          94   5.6175386610166848E-002
          95   4.6326645340179225E-002
          96   6.4997689110460777E-002
          97   4.8457219089753298E-002
          98   3.7693395231052133E-002
          99   6.2628712418239321E-002
         100   5.4402550478548223E-002
         101   5.2621819044574476E-002
         102   4.3941647455685774E-002
         103   4.3845934403851677E-002
         104   5.6128421079532392E-002
         105   3.5050544176644396E-002
         106   4.4926940381382646E-002
         107   3.7228090557816527E-002
         108   4.4638589785463756E-002
         109   4.7115211109106415E-002
         110   2.7311604690515998E-002
         111   2.4937402558349340E-002
         112   3.2683378550446389E-002
         113   3.9505959744118913E-002
         114   3.9473408616723431E-002
         115   2.9813638383692491E-002
         116   3.3367537070761760E-002
         117   3.7479278287398707E-002
         118   2.5513957992759198E-002
         119   2.8946600492206046E-002
         120   2.9601594444150486E-002
         121   2.4804525852427817E-002
         122   2.5997405409441586E-002
         123   3.4414347189466447E-002
         124   3.8041431309038205E-002
         125   2.8300092367272288E-002
         126   2.4376101956833183E-002
         127   1.5681945535478577E-002
         128   2.8422105309454521E-002
         129   2.2772116231253151E-002
         130   3.7861190193930562E-002
         131   2.8975331815461698E-002
         132   2.4010078634386738E-002
         133   2.3638007434897190E-002
         134   2.4634101608645882E-002
         135   2.8159348610842874E-002
         136   2.2199242447596513E-002
         137   2.5253611772204251E-002
         138   2.5753236406432962E-002
         139   2.6980828585988978E-002
         140   2.0975419156431474E-002
         141   1.7095813182995623E-002
         142   1.8428926752558802E-002
         143   1.7801282884159338E-002
         144   3.3933453740192653E-002
         145   2.3670593891663611E-002
         146   2.2613891977204266E-002
         147   1.5721847817962178E-002
         148   1.8042293181963133E-002
         149   2.4196075928198772E-002
         150   1.8285184206274573E-002
         151   1.8010026168561323E-002
         152   1.5743612802408505E-002
         153   1.3172683627913731E-002
         154   1.8319393457483273E-002
         155   9.8851629729155895E-003
         156   1.6571086930322897E-002
         157   1.4760320060027419E-002
         158   1.5200946256186407E-002
         159   8.4531317375255710E-003
         160   1.2982476856250759E-002
         161   1.4039403720027403E-002
         162   1.4476164332302534E-002
         163   1.2206259167435151E-002
         164   1.4407768239031947E-002
         165   9.8628324267226453E-003
         166   1.7228645098113917E-002
         167   8.2345183729354027E-003
         168   1.4290045694572297E-002
         169   1.1910034502062204E-002
         170   9.0318710514231716E-003
         171   1.1621706260500422E-002
         172   9.8938488921574627E-003
         173   1.2965398671184642E-002
         174   9.4040873399696256E-003
         175   8.5256995833125696E-003
         176   9.1914640373770475E-003
         177   1.1123202605369220E-002
         178   9.2384342210058180E-003
         179   1.0619978870714815E-002
         180   7.5780781755920915E-003
         181   1.2566361754406301E-002
         182   8.3586256982374138E-003
         183   1.2759118631501908E-002
         184   5.3852476143026427E-003
         185   9.0126728084652819E-003
         186   5.4886881916850726E-003
         187   7.4692381868270248E-003
         188   8.0570646516516242E-003
         189   8.1894630593414442E-003
         190   7.0139553734958711E-003
         191   7.5951598788467391E-003
         192   7.9366469811703432E-003
         193   7.6491802428371759E-003
         194   6.7259922793201877E-003
         195   7.0792979367918550E-003
         196   4.3286225009998066E-003
         197   6.7221562948189262E-003
         198   6.4612182468669942E-003
         199   6.0013675312949504E-003
         200   5.7411038563049323E-003
         201   3.7259239022925891E-003
         202   7.5681966489097377E-003
         203   3.8451481623053077E-003
         204   5.8953984282710294E-003
         205   4.1472434425060371E-003
         206   4.8493644430079074E-003
         207   4.9934059709184969E-003
         208   4.3959373818335673E-003
         209   5.2523435438509665E-003
         210   3.7716262737977468E-003
         211   4.6245705021233643E-003
         212   3.3471118145573749E-003
         213   4.7181781772932026E-003
         214   5.3602934266352396E-003
         215   5.4838116041250745E-003
         216   2.5473523116239108E-003
         217   4.2073524444272026E-003
         218   6.1664008437939660E-003
         219   2.8040903401309525E-003
         220   3.4371152436210865E-003
         221   2.5949848307712277E-003
         222   4.9832470889439760E-003
         223   2.3919032787485710E-003
         224   4.7322505605831566E-003
         225   4.2230521551843876E-003
         226   2.3271831542276645E-003
         227   2.7697982466391895E-003
         228   3.2030661521709669E-003
         229   3.7768764792955691E-003
         230   2.2462090669958558E-003
         231   2.6724326587122637E-003
         232   2.9432241768474719E-003
         233   2.7741184524781859E-003
         234   2.7494755184730149E-003
         235   2.1496629691999500E-003
         236   3.1280277028008317E-003
         237   2.6811919152071109E-003
         238   2.7984255675459293E-003
         239   3.4720074730978817E-003
         240   2.4754616271162448E-003
         241   3.4073554881446392E-003
         242   1.8952198706962229E-003
         243   2.2840333744224709E-003
         244   2.1306951905048837E-003
         245   3.4323858655732264E-003
         246   2.4929465262170181E-003
         247   1.9471697047319691E-003
         248   1.6743219449301008E-003
         249   1.4063490358739641E-003
         250   1.2665307560050020E-003
         251   1.8880794476129363E-003
         252   1.9959941444180141E-003
         253   1.8582539136694116E-003
         254   8.5991937353526783E-004
         255   2.3135717833750189E-003
         256   1.6942528853212977E-003
         257   1.3201735043850266E-003
         258   2.1450554484912614E-003
         259   1.4188714681022012E-003
         260   1.5233865379722131E-003
         261   1.2799372585375142E-003
         262   1.0375233668024242E-003
         263   5.7333563859435503E-004
         264   1.3660488024101656E-003
         265   9.0245615035714421E-004
         266   1.3445910820322985E-003
         267   8.9012866044600920E-004
         268   1.6564642064836313E-003
         269   2.0850315491173915E-003
         270   6.5300163298960437E-004
         271   8.6354589512071926E-004
         272   1.0719702308503805E-003
         273   7.4392420420572392E-004
         274   2.1114240540862612E-004
         275   5.2523232157793500E-004
         276   1.0414134222686956E-003
         277   1.3440493579508349E-003
         278   1.1300203949166142E-003
         279   5.0811210587099688E-004
         280   1.8229739501000992E-003
         281   8.0359088533650633E-004
         282   6.9851465724981622E-004
         283   3.9658447901759860E-004
         284   3.9356625532112181E-004
         285   6.8392392441399426E-004
         286   2.9093957229923045E-004
         287   9.6353593758677011E-004
         288   9.5541304389754750E-004
         289   9.4898661739033989E-004
         290   0.0000000000000000E+000
         291   7.5001491429477218E-004
         292   6.4989717088111782E-004
         293   3.6960369718720194E-004
         294   1.0082910834244225E-003
         295   9.1334260538645715E-004
         296   6.3396164353865384E-004
         297   2.6978025747782677E-004
         298   8.0381109951322750E-004
         299   5.3127262574801997E-004
         300   4.4060848140461354E-004
         301   8.7643727991895963E-004
         302   1.7372265796654395E-004
         303   0.0000000000000000E+000
         304   8.5898170384132242E-005
         305   4.2667313156514092E-004
         306   0.0000000000000000E+000
         307   7.5864198947262840E-004
         308   3.3543389068175020E-004
         309   7.4809843069392171E-004
         310   3.2975459584651934E-004
         311   2.4586020230027292E-004
         312   0.0000000000000000E+000
         313   1.6180416671082845E-004
         314   2.4077067163499311E-004
         315   7.9894206119593213E-005
         316   1.5900096555382430E-004
         317   1.5774716730277173E-004
         318   6.2712952128600506E-004
         319   1.5580164084404220E-004
         320   0.0000000000000000E+000
         321   3.8553354511594568E-004
         322   0.0000000000000000E+000
         323   4.5654434101858010E-004
         324   3.0201838324846013E-004
         325   7.5289123447067879E-005
         326   2.9830584766429771E-004
         327   1.4855783269335392E-004
         328   7.3571453968320771E-005
         329   1.4628986631516074E-004
         330   0.0000000000000000E+000
         331   0.0000000000000000E+000
         332   0.0000000000000000E+000
         333   7.1627964066607792E-005
         334   1.4264773335019576E-004
         335   1.4133762971298275E-004
         336   7.0315511371376959E-005
         337   4.1871184897385703E-004
         338   4.8597674325954375E-004
         339   0.0000000000000000E+000
         340   0.0000000000000000E+000
         341   0.0000000000000000E+000
         342   6.7880804572007739E-005
         343   3.3744172239713512E-004
         344   2.6820345333279069E-004
         345   1.3308463650566464E-004
         346   1.3272593771489861E-004
         347   0.0000000000000000E+000
         348   1.3141243369490141E-004
         349   6.5015593684744947E-005
         350   0.0000000000000000E+000
         351   0.0000000000000000E+000
         352   2.5673371079419529E-004
         353   0.0000000000000000E+000
         354   1.9001398043616075E-004
         355   0.0000000000000000E+000
         356   0.0000000000000000E+000
         357   1.8700230139670555E-004
         358   1.2380957992416008E-004
         359   6.1713382448544212E-005
         360   6.1327509195195493E-005
         361   0.0000000000000000E+000
         362   6.0625916714286956E-005
         363   6.0373225723256749E-005
         364   0.0000000000000000E+000
         365   0.0000000000000000E+000
         366   1.1860492899914537E-004
         367   0.0000000000000000E+000
         368   0.0000000000000000E+000
         369   5.8360803017172970E-005
         370   0.0000000000000000E+000
         371   1.1530197346826028E-004
         372   0.0000000000000000E+000
         373   5.6941923345021660E-005
         374   5.6842402419129299E-005
         375   0.0000000000000000E+000
         376   0.0000000000000000E+000
         377   0.0000000000000000E+000
         378   0.0000000000000000E+000
         379   0.0000000000000000E+000
         380   1.0972408545895607E-004
         381   0.0000000000000000E+000
         382   5.4366320425279044E-005
         383   0.0000000000000000E+000
         384   5.3776979634461341E-005
         385   0.0000000000000000E+000
         386   0.0000000000000000E+000
         387   0.0000000000000000E+000
         388   0.0000000000000000E+000
         389   0.0000000000000000E+000
         390   5.2275044013832038E-005
         391   0.0000000000000000E+000
         392   0.0000000000000000E+000
         393   0.0000000000000000E+000
         394   5.1058469742782688E-005
         395   0.0000000000000000E+000
         396   0.0000000000000000E+000
         397   5.0312204610654363E-005
         398   5.0116342890033105E-005
         399   4.9915940820334168E-005
         400   4.9508454664752619E-005
         401   0.0000000000000000E+000
         402   0.0000000000000000E+000
         403   0.0000000000000000E+000
         404   0.0000000000000000E+000
         405   0.0000000000000000E+000
         406   0.0000000000000000E+000
         407   0.0000000000000000E+000
         408   0.0000000000000000E+000
         409   0.0000000000000000E+000
         410   1.8913739266930211E-004
         411   0.0000000000000000E+000
         412   0.0000000000000000E+000
         413   0.0000000000000000E+000
         414   0.0000000000000000E+000
         415   0.0000000000000000E+000
         416   4.5772384098717020E-005
         417   0.0000000000000000E+000
         418   0.0000000000000000E+000
         419   0.0000000000000000E+000
         420   4.5077863534824765E-005
         421   1.7951362662336310E-004
         422   0.0000000000000000E+000
         423   0.0000000000000000E+000
         424   0.0000000000000000E+000
         425   0.0000000000000000E+000
         426   0.0000000000000000E+000
         427   0.0000000000000000E+000
         428   0.0000000000000000E+000
         429   4.3224285179899204E-005
         430   0.0000000000000000E+000
         431   0.0000000000000000E+000
         432   0.0000000000000000E+000
         433   0.0000000000000000E+000
         434   0.0000000000000000E+000
         435   0.0000000000000000E+000
         436   0.0000000000000000E+000
         437   0.0000000000000000E+000
         438   0.0000000000000000E+000
         439   0.0000000000000000E+000
         440   0.0000000000000000E+000
         441   0.0000000000000000E+000
         442   0.0000000000000000E+000
         443   0.0000000000000000E+000
         444   0.0000000000000000E+000
         445   0.0000000000000000E+000
         446   0.0000000000000000E+000
         447   0.0000000000000000E+000
         448   0.0000000000000000E+000
         449   0.0000000000000000E+000
         450   0.0000000000000000E+000
         451   0.0000000000000000E+000
         452   0.0000000000000000E+000
         453   0.0000000000000000E+000
         454   0.0000000000000000E+000
         455   0.0000000000000000E+000
         456   0.0000000000000000E+000
         457   0.0000000000000000E+000
         458   0.0000000000000000E+000
         459   0.0000000000000000E+000
         460   0.0000000000000000E+000
         461   0.0000000000000000E+000
         462   0.0000000000000000E+000
         463   0.0000000000000000E+000
         464   0.0000000000000000E+000
         465   0.0000000000000000E+000
         466   0.0000000000000000E+000
         467   0.0000000000000000E+000
         468   0.0000000000000000E+000
         469   0.0000000000000000E+000
         470   0.0000000000000000E+000
         471   0.0000000000000000E+000
         472   0.0000000000000000E+000
         473   0.0000000000000000E+000
         474   0.0000000000000000E+000
         475   0.0000000000000000E+000
         476   0.0000000000000000E+000
         477   0.0000000000000000E+000
         478   0.0000000000000000E+000
         479   0.0000000000000000E+000
         480   0.0000000000000000E+000
         481   0.0000000000000000E+000
         482   0.0000000000000000E+000
         483   0.0000000000000000E+000
         484   0.0000000000000000E+000
         485   0.0000000000000000E+000
         486   0.0000000000000000E+000
         487   0.0000000000000000E+000
         488   0.0000000000000000E+000
         489   0.0000000000000000E+000
         490   0.0000000000000000E+000
         491   0.0000000000000000E+000
         492   0.0000000000000000E+000
         493   0.0000000000000000E+000
         494   0.0000000000000000E+000
         495   0.0000000000000000E+000
         496   0.0000000000000000E+000
         497   0.0000000000000000E+000
         498   0.0000000000000000E+000
         499   0.0000000000000000E+000
         500   0.0000000000000000E+000
         501   0.0000000000000000E+000
         502   0.0000000000000000E+000
         503   0.0000000000000000E+000
         504   0.0000000000000000E+000
         505   0.0000000000000000E+000
         506   0.0000000000000000E+000
         507   0.0000000000000000E+000
         508   0.0000000000000000E+000
         509   0.0000000000000000E+000
         510   0.0000000000000000E+000
         511   0.0000000000000000E+000
         512   0.0000000000000000E+000
         513   0.0000000000000000E+000
         514   0.0000000000000000E+000
         515   0.0000000000000000E+000
         516   0.0000000000000000E+000
         517   0.0000000000000000E+000
         518   0.0000000000000000E+000
         519   0.0000000000000000E+000
         520   0.0000000000000000E+000
         521   0.0000000000000000E+000
         522   0.0000000000000000E+000
         523   0.0000000000000000E+000
         524   0.0000000000000000E+000
         525   0.0000000000000000E+000
         526   0.0000000000000000E+000
         527   0.0000000000000000E+000
         528   0.0000000000000000E+000
         529   0.0000000000000000E+000
         530   0.0000000000000000E+000
         531   0.0000000000000000E+000
         532   0.0000000000000000E+000
         533   0.0000000000000000E+000
         534   0.0000000000000000E+000
         535   0.0000000000000000E+000
         536   0.0000000000000000E+000
         537   0.0000000000000000E+000
         538   0.0000000000000000E+000
         539   0.0000000000000000E+000
         540   0.0000000000000000E+000
         541   0.0000000000000000E+000
         542   0.0000000000000000E+000
         543   0.0000000000000000E+000
         544   0.0000000000000000E+000
         545   0.0000000000000000E+000
         546   0.0000000000000000E+000
         547   0.0000000000000000E+000
         548   0.0000000000000000E+000
         549   0.0000000000000000E+000
         550   0.0000000000000000E+000
         551   0.0000000000000000E+000
         552   0.0000000000000000E+000
         553   0.0000000000000000E+000
         554   0.0000000000000000E+000
         555   0.0000000000000000E+000
         556   0.0000000000000000E+000
         557   0.0000000000000000E+000
         558   0.0000000000000000E+000
         559   0.0000000000000000E+000
         560   0.0000000000000000E+000
         561   0.0000000000000000E+000
         562   0.0000000000000000E+000
         563   0.0000000000000000E+000
         564   0.0000000000000000E+000
         565   0.0000000000000000E+000
         566   0.0000000000000000E+000
         567   0.0000000000000000E+000
         568   0.0000000000000000E+000
         569   0.0000000000000000E+000
         570   0.0000000000000000E+000
         571   0.0000000000000000E+000
         572   0.0000000000000000E+000
         573   0.0000000000000000E+000
         574   0.0000000000000000E+000
         575   0.0000000000000000E+000
         576   0.0000000000000000E+000
         577   0.0000000000000000E+000
         578   0.0000000000000000E+000
         579   0.0000000000000000E+000
         580   0.0000000000000000E+000
         581   0.0000000000000000E+000
         582   0.0000000000000000E+000
         583   0.0000000000000000E+000
         584   0.0000000000000000E+000
         585   0.0000000000000000E+000
         586   0.0000000000000000E+000
         587   0.0000000000000000E+000
         588   0.0000000000000000E+000
         589   0.0000000000000000E+000
         590   0.0000000000000000E+000
         591   0.0000000000000000E+000
         592   0.0000000000000000E+000
         593   0.0000000000000000E+000
         594   0.0000000000000000E+000
         595   0.0000000000000000E+000
         596   0.0000000000000000E+000
         597   0.0000000000000000E+000
         598   0.0000000000000000E+000
         599   0.0000000000000000E+000
         600   0.0000000000000000E+000
         601   0.0000000000000000E+000
         602   0.0000000000000000E+000
         603   0.0000000000000000E+000
         604   0.0000000000000000E+000
         605   0.0000000000000000E+000
         606   0.0000000000000000E+000
         607   0.0000000000000000E+000
         608   0.0000000000000000E+000
         609   0.0000000000000000E+000
         610   0.0000000000000000E+000
         611   0.0000000000000000E+000
         612   0.0000000000000000E+000
         613   0.0000000000000000E+000
         614   0.0000000000000000E+000
         615   0.0000000000000000E+000
         616   0.0000000000000000E+000
         617   0.0000000000000000E+000
         618   0.0000000000000000E+000
         619   0.0000000000000000E+000
         620   0.0000000000000000E+000
         621   0.0000000000000000E+000
         622   0.0000000000000000E+000
         623   0.0000000000000000E+000
         624   0.0000000000000000E+000
         625   0.0000000000000000E+000
         626   0.0000000000000000E+000
         627   0.0000000000000000E+000
         628   0.0000000000000000E+000
         629   0.0000000000000000E+000
         630   0.0000000000000000E+000
         631   0.0000000000000000E+000
         632   0.0000000000000000E+000
         633   0.0000000000000000E+000
         634   0.0000000000000000E+000
         635   0.0000000000000000E+000
         636   0.0000000000000000E+000
         637   0.0000000000000000E+000
         638   0.0000000000000000E+000
         639   0.0000000000000000E+000
         640   0.0000000000000000E+000
         641   0.0000000000000000E+000
         642   0.0000000000000000E+000
         643   0.0000000000000000E+000
         644   0.0000000000000000E+000
         645   0.0000000000000000E+000
         646   0.0000000000000000E+000
         647   0.0000000000000000E+000
         648   0.0000000000000000E+000
         649   0.0000000000000000E+000
         650   0.0000000000000000E+000
         651   0.0000000000000000E+000
         652   0.0000000000000000E+000
         653   0.0000000000000000E+000
         654   0.0000000000000000E+000
         655   0.0000000000000000E+000
         656   0.0000000000000000E+000
         657   0.0000000000000000E+000
         658   0.0000000000000000E+000
         659   0.0000000000000000E+000
         660   0.0000000000000000E+000
         661   0.0000000000000000E+000
         662   0.0000000000000000E+000
         663   0.0000000000000000E+000
         664   0.0000000000000000E+000
         665   0.0000000000000000E+000
         666   0.0000000000000000E+000
         667   0.0000000000000000E+000
         668   0.0000000000000000E+000
         669   0.0000000000000000E+000
         670   0.0000000000000000E+000
         671   0.0000000000000000E+000
         672   0.0000000000000000E+000
         673   0.0000000000000000E+000
         674   0.0000000000000000E+000
         675   0.0000000000000000E+000
         676   0.0000000000000000E+000
         677   0.0000000000000000E+000
         678   0.0000000000000000E+000
         679   0.0000000000000000E+000
         680   0.0000000000000000E+000
         681   0.0000000000000000E+000
         682   0.0000000000000000E+000
         683   0.0000000000000000E+000
         684   0.0000000000000000E+000
         685   0.0000000000000000E+000
         686   0.0000000000000000E+000
         687   0.0000000000000000E+000
         688   0.0000000000000000E+000
         689   0.0000000000000000E+000
         690   0.0000000000000000E+000
         691   0.0000000000000000E+000
         692   0.0000000000000000E+000
         693   0.0000000000000000E+000
         694   0.0000000000000000E+000
         695   0.0000000000000000E+000
         696   0.0000000000000000E+000
         697   0.0000000000000000E+000
         698   0.0000000000000000E+000
         699   0.0000000000000000E+000
         700   0.0000000000000000E+000
         701   0.0000000000000000E+000
         702   0.0000000000000000E+000
         703   0.0000000000000000E+000
         704   0.0000000000000000E+000
         705   0.0000000000000000E+000
         706   0.0000000000000000E+000
         707   0.0000000000000000E+000
         708   0.0000000000000000E+000
         709   0.0000000000000000E+000
         710   0.0000000000000000E+000
         711   0.0000000000000000E+000
         712   0.0000000000000000E+000
         713   0.0000000000000000E+000
         714   0.0000000000000000E+000
         715   0.0000000000000000E+000
         716   0.0000000000000000E+000
         717   0.0000000000000000E+000
         718   0.0000000000000000E+000
         719   0.0000000000000000E+000
         720   0.0000000000000000E+000
         721   0.0000000000000000E+000
         722   0.0000000000000000E+000
         723   0.0000000000000000E+000
         724   0.0000000000000000E+000
         725   0.0000000000000000E+000
         726   0.0000000000000000E+000
         727   0.0000000000000000E+000
         728   0.0000000000000000E+000
         729   0.0000000000000000E+000
         730   0.0000000000000000E+000
         731   0.0000000000000000E+000
         732   0.0000000000000000E+000
         733   0.0000000000000000E+000
         734   0.0000000000000000E+000
         735   0.0000000000000000E+000
         736   0.0000000000000000E+000
         737   0.0000000000000000E+000
         738   0.0000000000000000E+000
         739   0.0000000000000000E+000
         740   0.0000000000000000E+000
         741   0.0000000000000000E+000
         742   0.0000000000000000E+000
         743   0.0000000000000000E+000
         744   0.0000000000000000E+000
         745   0.0000000000000000E+000
         746   0.0000000000000000E+000
         747   0.0000000000000000E+000
         748   0.0000000000000000E+000
         749   0.0000000000000000E+000
         750   0.0000000000000000E+000
         751   0.0000000000000000E+000
         752   0.0000000000000000E+000
         753   0.0000000000000000E+000
         754   0.0000000000000000E+000
         755   0.0000000000000000E+000
         756   0.0000000000000000E+000
         757   0.0000000000000000E+000
         758   0.0000000000000000E+000
         759   0.0000000000000000E+000
         760   0.0000000000000000E+000
         761   0.0000000000000000E+000
         762   0.0000000000000000E+000
         763   0.0000000000000000E+000
         764   0.0000000000000000E+000
         765   0.0000000000000000E+000
         766   0.0000000000000000E+000
         767   0.0000000000000000E+000
         768   0.0000000000000000E+000
         769   0.0000000000000000E+000
         770   0.0000000000000000E+000
         771   0.0000000000000000E+000
         772   0.0000000000000000E+000
         773   0.0000000000000000E+000
         774   0.0000000000000000E+000
         775   0.0000000000000000E+000
         776   0.0000000000000000E+000
         777   0.0000000000000000E+000
         778   0.0000000000000000E+000
         779   0.0000000000000000E+000
         780   0.0000000000000000E+000
         781   0.0000000000000000E+000
         782   0.0000000000000000E+000
         783   0.0000000000000000E+000
         784   0.0000000000000000E+000
         785   0.0000000000000000E+000
         786   0.0000000000000000E+000
         787   0.0000000000000000E+000
         788   0.0000000000000000E+000
         789   0.0000000000000000E+000
         790   0.0000000000000000E+000
         791   0.0000000000000000E+000
         792   0.0000000000000000E+000
         793   0.0000000000000000E+000
         794   0.0000000000000000E+000
         795   0.0000000000000000E+000
         796   0.0000000000000000E+000
         797   0.0000000000000000E+000
         798   0.0000000000000000E+000
         799   0.0000000000000000E+000
         800   0.0000000000000000E+000
         801   0.0000000000000000E+000
         802   0.0000000000000000E+000
         803   0.0000000000000000E+000
         804   0.0000000000000000E+000
         805   0.0000000000000000E+000
         806   0.0000000000000000E+000
         807   0.0000000000000000E+000
         808   0.0000000000000000E+000
         809   0.0000000000000000E+000
         810   0.0000000000000000E+000
         811   0.0000000000000000E+000
         812   0.0000000000000000E+000
         813   0.0000000000000000E+000
         814   0.0000000000000000E+000
         815   0.0000000000000000E+000
         816   0.0000000000000000E+000
         817   0.0000000000000000E+000
         818   0.0000000000000000E+000
         819   0.0000000000000000E+000
         820   0.0000000000000000E+000
         821   0.0000000000000000E+000
         822   0.0000000000000000E+000
         823   0.0000000000000000E+000
         824   0.0000000000000000E+000
         825   0.0000000000000000E+000
         826   0.0000000000000000E+000
         827   0.0000000000000000E+000
         828   0.0000000000000000E+000
         829   0.0000000000000000E+000
         830   0.0000000000000000E+000
         831   0.0000000000000000E+000
         832   0.0000000000000000E+000
         833   0.0000000000000000E+000
         834   0.0000000000000000E+000
         835   0.0000000000000000E+000
         836   0.0000000000000000E+000
         837   0.0000000000000000E+000
         838   0.0000000000000000E+000
         839   0.0000000000000000E+000
         840   0.0000000000000000E+000
         841   0.0000000000000000E+000
         842   0.0000000000000000E+000
         843   0.0000000000000000E+000
         844   0.0000000000000000E+000
         845   0.0000000000000000E+000
         846   0.0000000000000000E+000
         847   0.0000000000000000E+000
         848   0.0000000000000000E+000
         849   0.0000000000000000E+000
         850   0.0000000000000000E+000
         851   0.0000000000000000E+000
         852   0.0000000000000000E+000
         853   0.0000000000000000E+000
         854   0.0000000000000000E+000
         855   0.0000000000000000E+000
         856   0.0000000000000000E+000
         857   0.0000000000000000E+000
         858   0.0000000000000000E+000
         859   0.0000000000000000E+000
         860   0.0000000000000000E+000
         861   0.0000000000000000E+000
         862   0.0000000000000000E+000
         863   0.0000000000000000E+000
         864   0.0000000000000000E+000
         865   0.0000000000000000E+000
         866   0.0000000000000000E+000
         867   0.0000000000000000E+000
         868   0.0000000000000000E+000
         869   0.0000000000000000E+000
         870   0.0000000000000000E+000
         871   0.0000000000000000E+000
         872   0.0000000000000000E+000
         873   0.0000000000000000E+000
         874   0.0000000000000000E+000
         875   0.0000000000000000E+000
         876   0.0000000000000000E+000
         877   0.0000000000000000E+000
         878   0.0000000000000000E+000
         879   0.0000000000000000E+000
         880   0.0000000000000000E+000
         881   0.0000000000000000E+000
         882   0.0000000000000000E+000
         883   0.0000000000000000E+000
         884   0.0000000000000000E+000
         885   0.0000000000000000E+000
         886   0.0000000000000000E+000
         887   0.0000000000000000E+000
         888   0.0000000000000000E+000
         889   0.0000000000000000E+000
         890   0.0000000000000000E+000
         891   0.0000000000000000E+000
         892   0.0000000000000000E+000
         893   0.0000000000000000E+000
         894   0.0000000000000000E+000
         895   0.0000000000000000E+000
         896   0.0000000000000000E+000
         897   0.0000000000000000E+000
         898   0.0000000000000000E+000
         899   0.0000000000000000E+000
         900   0.0000000000000000E+000
         901   0.0000000000000000E+000
         902   0.0000000000000000E+000
         903   0.0000000000000000E+000
         904   0.0000000000000000E+000
         905   0.0000000000000000E+000
         906   0.0000000000000000E+000
         907   0.0000000000000000E+000
         908   0.0000000000000000E+000
         909   0.0000000000000000E+000
         910   0.0000000000000000E+000
         911   0.0000000000000000E+000
         912   0.0000000000000000E+000
         913   0.0000000000000000E+000
         914   0.0000000000000000E+000
         915   0.0000000000000000E+000
         916   0.0000000000000000E+000
         917   0.0000000000000000E+000
         918   0.0000000000000000E+000
         919   0.0000000000000000E+000
         920   0.0000000000000000E+000
         921   0.0000000000000000E+000
         922   0.0000000000000000E+000
         923   0.0000000000000000E+000
         924   0.0000000000000000E+000
         925   0.0000000000000000E+000
         926   0.0000000000000000E+000
         927   0.0000000000000000E+000
         928   0.0000000000000000E+000
         929   0.0000000000000000E+000
         930   0.0000000000000000E+000
         931   0.0000000000000000E+000
         932   0.0000000000000000E+000
         933   0.0000000000000000E+000
         934   0.0000000000000000E+000
         935   0.0000000000000000E+000
         936   0.0000000000000000E+000
         937   0.0000000000000000E+000
         938   0.0000000000000000E+000
         939   0.0000000000000000E+000
         940   0.0000000000000000E+000
         941   0.0000000000000000E+000
         942   0.0000000000000000E+000
         943   0.0000000000000000E+000
         944   0.0000000000000000E+000
         945   0.0000000000000000E+000
         946   0.0000000000000000E+000
         947   0.0000000000000000E+000
         948   0.0000000000000000E+000
         949   0.0000000000000000E+000
         950   0.0000000000000000E+000
         951   0.0000000000000000E+000
         952   0.0000000000000000E+000
         953   0.0000000000000000E+000
         954   0.0000000000000000E+000
         955   0.0000000000000000E+000
         956   0.0000000000000000E+000
         957   0.0000000000000000E+000
         958   0.0000000000000000E+000
         959   0.0000000000000000E+000
         960   0.0000000000000000E+000
         961   0.0000000000000000E+000
         962   0.0000000000000000E+000
         963   0.0000000000000000E+000
         964   0.0000000000000000E+000
         965   0.0000000000000000E+000
         966   0.0000000000000000E+000
         967   0.0000000000000000E+000
         968   0.0000000000000000E+000
         969   0.0000000000000000E+000
         970   0.0000000000000000E+000
         971   0.0000000000000000E+000
         972   0.0000000000000000E+000
         973   0.0000000000000000E+000
         974   0.0000000000000000E+000
         975   0.0000000000000000E+000
         976   0.0000000000000000E+000
         977   0.0000000000000000E+000
         978   0.0000000000000000E+000
         979   0.0000000000000000E+000
         980   0.0000000000000000E+000
         981   0.0000000000000000E+000
         982   0.0000000000000000E+000
         983   0.0000000000000000E+000
         984   0.0000000000000000E+000
         985   0.0000000000000000E+000
         986   0.0000000000000000E+000
         987   0.0000000000000000E+000
         988   0.0000000000000000E+000
         989   0.0000000000000000E+000
         990   0.0000000000000000E+000
         991   0.0000000000000000E+000
         992   0.0000000000000000E+000
         993   0.0000000000000000E+000
         994   0.0000000000000000E+000
         995   0.0000000000000000E+000
         996   0.0000000000000000E+000
         997   0.0000000000000000E+000
         998   0.0000000000000000E+000
         999   0.0000000000000000E+000
        1000   0.0000000000000000E+000
