           1   0.0000000000000000E+000
           2   0.0000000000000000E+000
           3  0.64850327740785574     
           4   4.8567588416650880     
           5  0.94167378963338377     
           6   0.0000000000000000E+000
           7  0.72965879004415468     
           8  0.12120810214610032     
           9  0.84322820500632312     
          10  0.83146868659583539     
          11  0.82298267359110089     
          12   1.0436175490221677     
          13  0.57367727499565913     
          14  0.96001349414453818     
          15  0.73228006802532153     
          16   1.3057736920931906     
          17   1.0353372316476670     
          18  0.60339733826140274     
          19  0.69482978312848187     
          20  0.81666547101163556     
          21  0.47856505667903593     
          22  0.76102847851697275     
          23  0.79966182559232091     
          24  0.47085520852912066     
          25  0.37551250900018701     
          26  0.47348495597281470     
          27  0.37874498885259794     
          28  0.51141199323958875     
          29  0.56214737629934419     
          30  0.53898682488682603     
          31  0.32209870572677995     
          32  0.44617827417415684     
          33  0.30604625353160597     
          34  0.26009288197764385     
          35  0.32119097526233498     
          36  0.48410244125223006     
          37  0.22751369195264579     
          38  0.38141987151980306     
          39  0.40954223474940310     
          40  0.31549991107571446     
          41  0.28093259332189802     
          42  0.32168614568087261     
          43  0.32837018843781990     
          44  0.22044139724663395     
          45  0.34214453958009844     
          46  0.22791344125543833     
          47  0.31023945077768322     
          48  0.23291257608274682     
          49  0.23380240079392312     
          50  0.28697697327639432     
          51  0.22741615508110352     
          52  0.32344905623586995     
          53  0.18619536077107943     
          54  0.20090391621375275     
          55  0.19092302203577122     
          56  0.16690102278319863     
          57  0.16149984109011464     
          58  0.17650819705923326     
          59  0.19556971272369725     
          60  0.16721272230570486     
          61  0.14114769104229669     
          62  0.18325410319617985     
          63  0.19699952567688736     
          64  0.13779933878594028     
          65  0.17226980952791224     
          66  0.14549035964080506     
          67  0.13130818947443784     
          68   9.9973188231926233E-002
          69  0.12848576425257485     
          70  0.14378561137129417     
          71  0.13350832485688183     
          72  0.11203817281237380     
          73  0.13253932159772724     
          74   9.0516354942323851E-002
          75  0.14367358248633497     
          76  0.12652957191271827     
          77  0.12465605657121005     
          78   9.1473172219484991E-002
          79  0.10805062471820602     
          80   8.4807843699690466E-002
          81  0.10063864691627014     
          82   8.3012065990935330E-002
          83   9.4708737082937922E-002
          84   8.5812274115862439E-002
          85   7.9546939872367911E-002
          86  0.10737467071860199     
          87   6.3371203534075243E-002
          88   7.5284129925720727E-002
          89   6.7565970905449260E-002
          90   7.7694039119479336E-002
          91   8.5500772955148713E-002
          92   5.8601683620165691E-002
          93   8.6503111054008666E-002
          94   8.6421050127603732E-002
          95   8.8095635082047694E-002
          96   6.5817347373404625E-002
          97   4.7735059406922936E-002
          98   6.6435056972638143E-002
          99   5.8770547336071774E-002
         100   4.8124174920576614E-002
         101   4.0198163954024924E-002
         102   5.7674723162096223E-002
         103   5.3492168040456763E-002
         104   5.8237412246957138E-002
         105   4.8581104464952389E-002
         106   5.3286762300161515E-002
         107   5.1670399749098178E-002
         108   4.8672743795614301E-002
         109   3.2492799105417185E-002
         110   3.3873065768841665E-002
         111   2.6874419143580679E-002
         112   2.7084199750686277E-002
         113   3.6442421278000799E-002
         114   4.9746753677281805E-002
         115   2.9215107590365937E-002
         116   3.3443165677802728E-002
         117   3.6901389362821120E-002
         118   2.1558384807530414E-002
         119   3.1184092145772557E-002
         120   3.3476518808862002E-002
         121   2.6948539062009978E-002
         122   3.9279639731345177E-002
         123   2.9239450355015670E-002
         124   2.4657038543515562E-002
         125   1.8202070518299421E-002
         126   2.1377193097663623E-002
         127   2.4003723815490079E-002
         128   2.6071860555283155E-002
         129   1.7548665273536639E-002
         130   1.6822912206721222E-002
         131   2.7626208867277405E-002
         132   2.4896097831410547E-002
         133   2.4562370114633407E-002
         134   1.3175342092292297E-002
         135   1.6884659613785481E-002
         136   1.8775212674816508E-002
         137   2.1897633769783837E-002
         138   1.9508835436409147E-002
         139   1.5544777973181986E-002
         140   1.7360350107014547E-002
         141   2.1868466821901640E-002
         142   1.7999832722255714E-002
         143   1.5456371229871009E-002
         144   1.7168642834953618E-002
         145   1.3145989070901212E-002
         146   1.1858073056385391E-002
         147   1.0254512656218262E-002
         148   9.3786958211233493E-003
         149   1.0681663351949481E-002
         150   1.3699821226427631E-002
         151   1.0758293521377917E-002
         152   1.1289855051132903E-002
         153   1.2829108976460205E-002
         154   1.1997942567105502E-002
         155   1.1523044704552985E-002
         156   1.0061898638982832E-002
         157   1.0920932380502143E-002
         158   1.1424671403764892E-002
         159   6.8778721875532569E-003
         160   6.1812079626530191E-003
         161   5.7935369839177721E-003
         162   6.6367234465949223E-003
         163   5.0622029951385098E-003
         164   7.3619310288531590E-003
         165   6.0992663983890794E-003
         166   6.8944360905190492E-003
         167   7.0750413974766104E-003
         168   6.7171494724604982E-003
         169   4.4266088987885040E-003
         170   3.8318069461173920E-003
         171   3.5110228845134238E-003
         172   4.2788070389080954E-003
         173   4.2344095889657552E-003
         174   4.4391239234043587E-003
         175   5.4299204249285693E-003
         176   5.3570920275772703E-003
         177   3.5312515780764999E-003
         178   4.7469449512906603E-003
         179   3.7015952109477842E-003
         180   5.1300597440409549E-003
         181   3.1411799172604985E-003
         182   2.3912920716975166E-003
         183   3.5460337378066102E-003
         184   4.2014106791806779E-003
         185   4.3951130262570928E-003
         186   7.3175320952014759E-003
         187   2.7138686553492865E-003
         188   3.1395498224826750E-003
         189   4.8769894170964207E-003
         190   2.4087618081023686E-003
         191   3.0337764716521776E-003
         192   2.1466130391256943E-003
         193   1.4897693052664137E-003
         194   1.4730304555533071E-003
         195   1.8710116658965468E-003
         196   2.4739256312537256E-003
         197   3.0625005683455374E-003
         198   1.6130239227147151E-003
         199   1.9987158777075523E-003
         200   2.3796663911789598E-003
         201   1.9663441426577425E-004
         202   2.3292546120811048E-003
         203   2.6890738938524861E-003
         204   1.8996642338079480E-003
         205   1.5091547263145065E-003
         206   2.0541209697414425E-003
         207   2.2160850465519030E-003
         208   7.3266563078372329E-004
         209   7.2548308882054821E-004
         210   2.1535509811580612E-003
         211   7.1332992539738520E-004
         212   1.0585225257255819E-003
         213   1.3964180916259073E-003
         214   1.5547529089549260E-003
         215   1.1994174106706500E-003
         216   8.5072288931072764E-004
         217   3.3568872342421219E-004
         218   9.9891372367742412E-004
         219   6.6033789831702178E-004
         220   1.3118094525186460E-003
         221   1.6219487333264369E-003
         222   9.6176314634170907E-004
         223   9.5642031003520729E-004
         224   1.4201774931670086E-003
         225   2.1924042115037574E-003
         226   1.0884565327219566E-003
         227   9.2066874823732282E-004
         228   3.0562918792078714E-004
         229   1.2087470473929362E-003
         230   8.9808519478605704E-004
         231   1.1869114931443716E-003
         232   5.8968615381433916E-004
         233   2.9206454666531759E-004
         234   5.7887624907771644E-004
         235   1.4364468334577068E-004
         236   9.9641311878322222E-004
         237   5.6531037853488320E-004
         238   8.3863509345884473E-004
         239   5.5423175402812669E-004
         240   4.1322891209207420E-004
         241   2.7310055993038436E-004
         242   5.4106672677096382E-004
         243   2.6772778010744001E-004
         244   2.6580499317892627E-004
         245   1.3171561966801183E-004
         246   5.2361724915306188E-004
         247   9.0764842060752997E-004
         248   5.1498571149111573E-004
         249   8.9431507922274655E-004
         250   1.2680685547225622E-004
         251   2.5223995605967058E-004
         252   0.0000000000000000E+000
         253   8.6734515590694409E-004
         254   2.4577499362863432E-004
         255   9.7525748558072146E-004
         256   1.2119366129354812E-004
         257   7.2009081712430013E-004
         258   3.5742682151375014E-004
         259   3.5479438450186434E-004
         260   5.8435811973132901E-004
         261   3.4938285234848847E-004
         262   2.3023268499209034E-004
         263   0.0000000000000000E+000
         264   1.1383617418788006E-004
         265   1.1331508710938627E-004
         266   1.1235593581601015E-004
         267   4.4557736962731119E-004
         268   1.1010987345957504E-004
         269   0.0000000000000000E+000
         270   3.2650991116534527E-004
         271   1.0802169248843079E-004
         272   0.0000000000000000E+000
         273   3.1855911739200491E-004
         274   0.0000000000000000E+000
         275   4.1961658560217422E-004
         276   1.0443363669616542E-004
         277   3.0951967794605218E-004
         278   2.0493487486983683E-004
         279   2.0343792527455191E-004
         280   2.0283213271754050E-004
         281   0.0000000000000000E+000
         282   1.9874447250684885E-004
         283   3.9698955048562870E-004
         284   9.8456239673134943E-005
         285   9.7846219042361043E-005
         286   9.6801631939607167E-005
         287   9.6525994532239184E-005
         288   1.9127269878569170E-004
         289   9.4912863064317498E-005
         290   0.0000000000000000E+000
         291   1.8762821819008022E-004
         292   1.8656721362093784E-004
         293   9.2636188807742158E-005
         294   0.0000000000000000E+000
         295   0.0000000000000000E+000
         296   0.0000000000000000E+000
         297   0.0000000000000000E+000
         298   0.0000000000000000E+000
         299   8.8430120588621288E-005
         300   0.0000000000000000E+000
         301   1.7505210667834520E-004
         302   3.4748859940097245E-004
         303   8.6528605159148645E-005
         304   2.5805705317781980E-004
         305   0.0000000000000000E+000
         306   0.0000000000000000E+000
         307   0.0000000000000000E+000
         308   0.0000000000000000E+000
         309   2.4916279371513819E-004
         310   0.0000000000000000E+000
         311   0.0000000000000000E+000
         312   0.0000000000000000E+000
         313   0.0000000000000000E+000
         314   0.0000000000000000E+000
         315   0.0000000000000000E+000
         316   0.0000000000000000E+000
         317   0.0000000000000000E+000
         318   0.0000000000000000E+000
         319   0.0000000000000000E+000
         320   1.5541794893533548E-004
         321   0.0000000000000000E+000
         322   0.0000000000000000E+000
         323   0.0000000000000000E+000
         324   7.5530241434110555E-005
         325   0.0000000000000000E+000
         326   1.4906818874178588E-004
         327   0.0000000000000000E+000
         328   0.0000000000000000E+000
         329   0.0000000000000000E+000
         330   0.0000000000000000E+000
         331   0.0000000000000000E+000
         332   0.0000000000000000E+000
         333   0.0000000000000000E+000
         334   0.0000000000000000E+000
         335   1.4114547657962298E-004
         336   0.0000000000000000E+000
         337   0.0000000000000000E+000
         338   0.0000000000000000E+000
         339   6.9212733246391828E-005
         340   0.0000000000000000E+000
         341   0.0000000000000000E+000
         342   0.0000000000000000E+000
         343   0.0000000000000000E+000
         344   1.3411299101826149E-004
         345   0.0000000000000000E+000
         346   1.3249071256465786E-004
         347   0.0000000000000000E+000
         348   0.0000000000000000E+000
         349   0.0000000000000000E+000
         350   0.0000000000000000E+000
         351   0.0000000000000000E+000
         352   6.3960743725928422E-005
         353   6.3808510468691131E-005
         354   0.0000000000000000E+000
         355   0.0000000000000000E+000
         356   0.0000000000000000E+000
         357   6.2398084614702378E-005
         358   6.1943399717099860E-005
         359   6.1483128611121462E-005
         360   0.0000000000000000E+000
         361   0.0000000000000000E+000
         362   0.0000000000000000E+000
         363   0.0000000000000000E+000
         364   0.0000000000000000E+000
         365   0.0000000000000000E+000
         366   0.0000000000000000E+000
         367   0.0000000000000000E+000
         368   0.0000000000000000E+000
         369   0.0000000000000000E+000
         370   0.0000000000000000E+000
         371   0.0000000000000000E+000
         372   0.0000000000000000E+000
         373   0.0000000000000000E+000
         374   0.0000000000000000E+000
         375   0.0000000000000000E+000
         376   0.0000000000000000E+000
         377   0.0000000000000000E+000
         378   0.0000000000000000E+000
         379   0.0000000000000000E+000
         380   0.0000000000000000E+000
         381   0.0000000000000000E+000
         382   0.0000000000000000E+000
         383   0.0000000000000000E+000
         384   0.0000000000000000E+000
         385   0.0000000000000000E+000
         386   0.0000000000000000E+000
         387   0.0000000000000000E+000
         388   0.0000000000000000E+000
         389   0.0000000000000000E+000
         390   0.0000000000000000E+000
         391   0.0000000000000000E+000
         392   0.0000000000000000E+000
         393   1.0261942169978393E-004
         394   0.0000000000000000E+000
         395   0.0000000000000000E+000
         396   1.0100645784744588E-004
         397   0.0000000000000000E+000
         398   1.0004251946253390E-004
         399   0.0000000000000000E+000
         400   0.0000000000000000E+000
         401   0.0000000000000000E+000
         402   0.0000000000000000E+000
         403   0.0000000000000000E+000
         404   0.0000000000000000E+000
         405   0.0000000000000000E+000
         406   4.8198941048079951E-005
         407   0.0000000000000000E+000
         408   0.0000000000000000E+000
         409   0.0000000000000000E+000
         410   0.0000000000000000E+000
         411   0.0000000000000000E+000
         412   0.0000000000000000E+000
         413   0.0000000000000000E+000
         414   0.0000000000000000E+000
         415   0.0000000000000000E+000
         416   0.0000000000000000E+000
         417   0.0000000000000000E+000
         418   0.0000000000000000E+000
         419   0.0000000000000000E+000
         420   0.0000000000000000E+000
         421   0.0000000000000000E+000
         422   4.4588931922924444E-005
         423   0.0000000000000000E+000
         424   0.0000000000000000E+000
         425   0.0000000000000000E+000
         426   0.0000000000000000E+000
         427   0.0000000000000000E+000
         428   0.0000000000000000E+000
         429   0.0000000000000000E+000
         430   0.0000000000000000E+000
         431   0.0000000000000000E+000
         432   0.0000000000000000E+000
         433   0.0000000000000000E+000
         434   0.0000000000000000E+000
         435   0.0000000000000000E+000
         436   0.0000000000000000E+000
         437   0.0000000000000000E+000
         438   0.0000000000000000E+000
         439   0.0000000000000000E+000
         440   0.0000000000000000E+000
         441   0.0000000000000000E+000
         442   0.0000000000000000E+000
         443   0.0000000000000000E+000
         444   0.0000000000000000E+000
         445   0.0000000000000000E+000
         446   0.0000000000000000E+000
         447   0.0000000000000000E+000
         448   0.0000000000000000E+000
         449   0.0000000000000000E+000
         450   0.0000000000000000E+000
         451   0.0000000000000000E+000
         452   0.0000000000000000E+000
         453   0.0000000000000000E+000
         454   0.0000000000000000E+000
         455   0.0000000000000000E+000
         456   0.0000000000000000E+000
         457   0.0000000000000000E+000
         458   0.0000000000000000E+000
         459   0.0000000000000000E+000
         460   0.0000000000000000E+000
         461   0.0000000000000000E+000
         462   0.0000000000000000E+000
         463   0.0000000000000000E+000
         464   0.0000000000000000E+000
         465   0.0000000000000000E+000
         466   0.0000000000000000E+000
         467   0.0000000000000000E+000
         468   0.0000000000000000E+000
         469   0.0000000000000000E+000
         470   0.0000000000000000E+000
         471   0.0000000000000000E+000
         472   0.0000000000000000E+000
         473   0.0000000000000000E+000
         474   0.0000000000000000E+000
         475   0.0000000000000000E+000
         476   0.0000000000000000E+000
         477   0.0000000000000000E+000
         478   0.0000000000000000E+000
         479   0.0000000000000000E+000
         480   0.0000000000000000E+000
         481   0.0000000000000000E+000
         482   0.0000000000000000E+000
         483   0.0000000000000000E+000
         484   0.0000000000000000E+000
         485   0.0000000000000000E+000
         486   0.0000000000000000E+000
         487   0.0000000000000000E+000
         488   0.0000000000000000E+000
         489   0.0000000000000000E+000
         490   0.0000000000000000E+000
         491   0.0000000000000000E+000
         492   0.0000000000000000E+000
         493   0.0000000000000000E+000
         494   0.0000000000000000E+000
         495   0.0000000000000000E+000
         496   0.0000000000000000E+000
         497   0.0000000000000000E+000
         498   0.0000000000000000E+000
         499   0.0000000000000000E+000
         500   0.0000000000000000E+000
         501   0.0000000000000000E+000
         502   0.0000000000000000E+000
         503   0.0000000000000000E+000
         504   0.0000000000000000E+000
         505   0.0000000000000000E+000
         506   0.0000000000000000E+000
         507   0.0000000000000000E+000
         508   0.0000000000000000E+000
         509   0.0000000000000000E+000
         510   0.0000000000000000E+000
         511   0.0000000000000000E+000
         512   0.0000000000000000E+000
         513   0.0000000000000000E+000
         514   0.0000000000000000E+000
         515   0.0000000000000000E+000
         516   0.0000000000000000E+000
         517   0.0000000000000000E+000
         518   0.0000000000000000E+000
         519   0.0000000000000000E+000
         520   0.0000000000000000E+000
         521   0.0000000000000000E+000
         522   0.0000000000000000E+000
         523   0.0000000000000000E+000
         524   0.0000000000000000E+000
         525   0.0000000000000000E+000
         526   0.0000000000000000E+000
         527   0.0000000000000000E+000
         528   0.0000000000000000E+000
         529   0.0000000000000000E+000
         530   0.0000000000000000E+000
         531   0.0000000000000000E+000
         532   0.0000000000000000E+000
         533   0.0000000000000000E+000
         534   0.0000000000000000E+000
         535   0.0000000000000000E+000
         536   0.0000000000000000E+000
         537   0.0000000000000000E+000
         538   0.0000000000000000E+000
         539   0.0000000000000000E+000
         540   0.0000000000000000E+000
         541   0.0000000000000000E+000
         542   0.0000000000000000E+000
         543   0.0000000000000000E+000
         544   0.0000000000000000E+000
         545   0.0000000000000000E+000
         546   0.0000000000000000E+000
         547   0.0000000000000000E+000
         548   0.0000000000000000E+000
         549   0.0000000000000000E+000
         550   0.0000000000000000E+000
         551   0.0000000000000000E+000
         552   0.0000000000000000E+000
         553   0.0000000000000000E+000
         554   0.0000000000000000E+000
         555   0.0000000000000000E+000
         556   0.0000000000000000E+000
         557   0.0000000000000000E+000
         558   0.0000000000000000E+000
         559   0.0000000000000000E+000
         560   0.0000000000000000E+000
         561   0.0000000000000000E+000
         562   0.0000000000000000E+000
         563   0.0000000000000000E+000
         564   0.0000000000000000E+000
         565   0.0000000000000000E+000
         566   0.0000000000000000E+000
         567   0.0000000000000000E+000
         568   0.0000000000000000E+000
         569   0.0000000000000000E+000
         570   0.0000000000000000E+000
         571   0.0000000000000000E+000
         572   0.0000000000000000E+000
         573   0.0000000000000000E+000
         574   0.0000000000000000E+000
         575   0.0000000000000000E+000
         576   0.0000000000000000E+000
         577   0.0000000000000000E+000
         578   0.0000000000000000E+000
         579   0.0000000000000000E+000
         580   0.0000000000000000E+000
         581   0.0000000000000000E+000
         582   0.0000000000000000E+000
         583   0.0000000000000000E+000
         584   0.0000000000000000E+000
         585   0.0000000000000000E+000
         586   0.0000000000000000E+000
         587   0.0000000000000000E+000
         588   0.0000000000000000E+000
         589   0.0000000000000000E+000
         590   0.0000000000000000E+000
         591   0.0000000000000000E+000
         592   0.0000000000000000E+000
         593   0.0000000000000000E+000
         594   0.0000000000000000E+000
         595   0.0000000000000000E+000
         596   0.0000000000000000E+000
         597   0.0000000000000000E+000
         598   0.0000000000000000E+000
         599   0.0000000000000000E+000
         600   0.0000000000000000E+000
         601   0.0000000000000000E+000
         602   0.0000000000000000E+000
         603   0.0000000000000000E+000
         604   0.0000000000000000E+000
         605   0.0000000000000000E+000
         606   0.0000000000000000E+000
         607   0.0000000000000000E+000
         608   0.0000000000000000E+000
         609   0.0000000000000000E+000
         610   0.0000000000000000E+000
         611   0.0000000000000000E+000
         612   0.0000000000000000E+000
         613   0.0000000000000000E+000
         614   0.0000000000000000E+000
         615   0.0000000000000000E+000
         616   0.0000000000000000E+000
         617   0.0000000000000000E+000
         618   0.0000000000000000E+000
         619   0.0000000000000000E+000
         620   0.0000000000000000E+000
         621   0.0000000000000000E+000
         622   0.0000000000000000E+000
         623   0.0000000000000000E+000
         624   0.0000000000000000E+000
         625   0.0000000000000000E+000
         626   0.0000000000000000E+000
         627   0.0000000000000000E+000
         628   0.0000000000000000E+000
         629   0.0000000000000000E+000
         630   0.0000000000000000E+000
         631   0.0000000000000000E+000
         632   0.0000000000000000E+000
         633   0.0000000000000000E+000
         634   0.0000000000000000E+000
         635   0.0000000000000000E+000
         636   0.0000000000000000E+000
         637   0.0000000000000000E+000
         638   0.0000000000000000E+000
         639   0.0000000000000000E+000
         640   0.0000000000000000E+000
         641   0.0000000000000000E+000
         642   0.0000000000000000E+000
         643   0.0000000000000000E+000
         644   0.0000000000000000E+000
         645   0.0000000000000000E+000
         646   0.0000000000000000E+000
         647   0.0000000000000000E+000
         648   0.0000000000000000E+000
         649   0.0000000000000000E+000
         650   0.0000000000000000E+000
         651   0.0000000000000000E+000
         652   0.0000000000000000E+000
         653   0.0000000000000000E+000
         654   0.0000000000000000E+000
         655   0.0000000000000000E+000
         656   0.0000000000000000E+000
         657   0.0000000000000000E+000
         658   0.0000000000000000E+000
         659   0.0000000000000000E+000
         660   0.0000000000000000E+000
         661   0.0000000000000000E+000
         662   0.0000000000000000E+000
         663   0.0000000000000000E+000
         664   0.0000000000000000E+000
         665   0.0000000000000000E+000
         666   0.0000000000000000E+000
         667   0.0000000000000000E+000
         668   0.0000000000000000E+000
         669   0.0000000000000000E+000
         670   0.0000000000000000E+000
         671   0.0000000000000000E+000
         672   0.0000000000000000E+000
         673   0.0000000000000000E+000
         674   0.0000000000000000E+000
         675   0.0000000000000000E+000
         676   0.0000000000000000E+000
         677   0.0000000000000000E+000
         678   0.0000000000000000E+000
         679   0.0000000000000000E+000
         680   0.0000000000000000E+000
         681   0.0000000000000000E+000
         682   0.0000000000000000E+000
         683   0.0000000000000000E+000
         684   0.0000000000000000E+000
         685   0.0000000000000000E+000
         686   0.0000000000000000E+000
         687   0.0000000000000000E+000
         688   0.0000000000000000E+000
         689   0.0000000000000000E+000
         690   0.0000000000000000E+000
         691   0.0000000000000000E+000
         692   0.0000000000000000E+000
         693   0.0000000000000000E+000
         694   0.0000000000000000E+000
         695   0.0000000000000000E+000
         696   0.0000000000000000E+000
         697   0.0000000000000000E+000
         698   0.0000000000000000E+000
         699   0.0000000000000000E+000
         700   0.0000000000000000E+000
         701   0.0000000000000000E+000
         702   0.0000000000000000E+000
         703   0.0000000000000000E+000
         704   0.0000000000000000E+000
         705   0.0000000000000000E+000
         706   0.0000000000000000E+000
         707   0.0000000000000000E+000
         708   0.0000000000000000E+000
         709   0.0000000000000000E+000
         710   0.0000000000000000E+000
         711   0.0000000000000000E+000
         712   0.0000000000000000E+000
         713   0.0000000000000000E+000
         714   0.0000000000000000E+000
         715   0.0000000000000000E+000
         716   0.0000000000000000E+000
         717   0.0000000000000000E+000
         718   0.0000000000000000E+000
         719   0.0000000000000000E+000
         720   0.0000000000000000E+000
         721   0.0000000000000000E+000
         722   0.0000000000000000E+000
         723   0.0000000000000000E+000
         724   0.0000000000000000E+000
         725   0.0000000000000000E+000
         726   0.0000000000000000E+000
         727   0.0000000000000000E+000
         728   0.0000000000000000E+000
         729   0.0000000000000000E+000
         730   0.0000000000000000E+000
         731   0.0000000000000000E+000
         732   0.0000000000000000E+000
         733   0.0000000000000000E+000
         734   0.0000000000000000E+000
         735   0.0000000000000000E+000
         736   0.0000000000000000E+000
         737   0.0000000000000000E+000
         738   0.0000000000000000E+000
         739   0.0000000000000000E+000
         740   0.0000000000000000E+000
         741   0.0000000000000000E+000
         742   0.0000000000000000E+000
         743   0.0000000000000000E+000
         744   0.0000000000000000E+000
         745   0.0000000000000000E+000
         746   0.0000000000000000E+000
         747   0.0000000000000000E+000
         748   0.0000000000000000E+000
         749   0.0000000000000000E+000
         750   0.0000000000000000E+000
         751   0.0000000000000000E+000
         752   0.0000000000000000E+000
         753   0.0000000000000000E+000
         754   0.0000000000000000E+000
         755   0.0000000000000000E+000
         756   0.0000000000000000E+000
         757   0.0000000000000000E+000
         758   0.0000000000000000E+000
         759   0.0000000000000000E+000
         760   0.0000000000000000E+000
         761   0.0000000000000000E+000
         762   0.0000000000000000E+000
         763   0.0000000000000000E+000
         764   0.0000000000000000E+000
         765   0.0000000000000000E+000
         766   0.0000000000000000E+000
         767   0.0000000000000000E+000
         768   0.0000000000000000E+000
         769   0.0000000000000000E+000
         770   0.0000000000000000E+000
         771   0.0000000000000000E+000
         772   0.0000000000000000E+000
         773   0.0000000000000000E+000
         774   0.0000000000000000E+000
         775   0.0000000000000000E+000
         776   0.0000000000000000E+000
         777   0.0000000000000000E+000
         778   0.0000000000000000E+000
         779   0.0000000000000000E+000
         780   0.0000000000000000E+000
         781   0.0000000000000000E+000
         782   0.0000000000000000E+000
         783   0.0000000000000000E+000
         784   0.0000000000000000E+000
         785   0.0000000000000000E+000
         786   0.0000000000000000E+000
         787   0.0000000000000000E+000
         788   0.0000000000000000E+000
         789   0.0000000000000000E+000
         790   0.0000000000000000E+000
         791   0.0000000000000000E+000
         792   0.0000000000000000E+000
         793   0.0000000000000000E+000
         794   0.0000000000000000E+000
         795   0.0000000000000000E+000
         796   0.0000000000000000E+000
         797   0.0000000000000000E+000
         798   0.0000000000000000E+000
         799   0.0000000000000000E+000
         800   0.0000000000000000E+000
         801   0.0000000000000000E+000
         802   0.0000000000000000E+000
         803   0.0000000000000000E+000
         804   0.0000000000000000E+000
         805   0.0000000000000000E+000
         806   0.0000000000000000E+000
         807   0.0000000000000000E+000
         808   0.0000000000000000E+000
         809   0.0000000000000000E+000
         810   0.0000000000000000E+000
         811   0.0000000000000000E+000
         812   0.0000000000000000E+000
         813   0.0000000000000000E+000
         814   0.0000000000000000E+000
         815   0.0000000000000000E+000
         816   0.0000000000000000E+000
         817   0.0000000000000000E+000
         818   0.0000000000000000E+000
         819   0.0000000000000000E+000
         820   0.0000000000000000E+000
         821   0.0000000000000000E+000
         822   0.0000000000000000E+000
         823   0.0000000000000000E+000
         824   0.0000000000000000E+000
         825   0.0000000000000000E+000
         826   0.0000000000000000E+000
         827   0.0000000000000000E+000
         828   0.0000000000000000E+000
         829   0.0000000000000000E+000
         830   0.0000000000000000E+000
         831   0.0000000000000000E+000
         832   0.0000000000000000E+000
         833   0.0000000000000000E+000
         834   0.0000000000000000E+000
         835   0.0000000000000000E+000
         836   0.0000000000000000E+000
         837   0.0000000000000000E+000
         838   0.0000000000000000E+000
         839   0.0000000000000000E+000
         840   0.0000000000000000E+000
         841   0.0000000000000000E+000
         842   0.0000000000000000E+000
         843   0.0000000000000000E+000
         844   0.0000000000000000E+000
         845   0.0000000000000000E+000
         846   0.0000000000000000E+000
         847   0.0000000000000000E+000
         848   0.0000000000000000E+000
         849   0.0000000000000000E+000
         850   0.0000000000000000E+000
         851   0.0000000000000000E+000
         852   0.0000000000000000E+000
         853   0.0000000000000000E+000
         854   0.0000000000000000E+000
         855   0.0000000000000000E+000
         856   0.0000000000000000E+000
         857   0.0000000000000000E+000
         858   0.0000000000000000E+000
         859   0.0000000000000000E+000
         860   0.0000000000000000E+000
         861   0.0000000000000000E+000
         862   0.0000000000000000E+000
         863   0.0000000000000000E+000
         864   0.0000000000000000E+000
         865   0.0000000000000000E+000
         866   0.0000000000000000E+000
         867   0.0000000000000000E+000
         868   0.0000000000000000E+000
         869   0.0000000000000000E+000
         870   0.0000000000000000E+000
         871   0.0000000000000000E+000
         872   0.0000000000000000E+000
         873   0.0000000000000000E+000
         874   0.0000000000000000E+000
         875   0.0000000000000000E+000
         876   0.0000000000000000E+000
         877   0.0000000000000000E+000
         878   0.0000000000000000E+000
         879   0.0000000000000000E+000
         880   0.0000000000000000E+000
         881   0.0000000000000000E+000
         882   0.0000000000000000E+000
         883   0.0000000000000000E+000
         884   0.0000000000000000E+000
         885   0.0000000000000000E+000
         886   0.0000000000000000E+000
         887   0.0000000000000000E+000
         888   0.0000000000000000E+000
         889   0.0000000000000000E+000
         890   0.0000000000000000E+000
         891   0.0000000000000000E+000
         892   0.0000000000000000E+000
         893   0.0000000000000000E+000
         894   0.0000000000000000E+000
         895   0.0000000000000000E+000
         896   0.0000000000000000E+000
         897   0.0000000000000000E+000
         898   0.0000000000000000E+000
         899   0.0000000000000000E+000
         900   0.0000000000000000E+000
         901   0.0000000000000000E+000
         902   0.0000000000000000E+000
         903   0.0000000000000000E+000
         904   0.0000000000000000E+000
         905   0.0000000000000000E+000
         906   0.0000000000000000E+000
         907   0.0000000000000000E+000
         908   0.0000000000000000E+000
         909   0.0000000000000000E+000
         910   0.0000000000000000E+000
         911   0.0000000000000000E+000
         912   0.0000000000000000E+000
         913   0.0000000000000000E+000
         914   0.0000000000000000E+000
         915   0.0000000000000000E+000
         916   0.0000000000000000E+000
         917   0.0000000000000000E+000
         918   0.0000000000000000E+000
         919   0.0000000000000000E+000
         920   0.0000000000000000E+000
         921   0.0000000000000000E+000
         922   0.0000000000000000E+000
         923   0.0000000000000000E+000
         924   0.0000000000000000E+000
         925   0.0000000000000000E+000
         926   0.0000000000000000E+000
         927   0.0000000000000000E+000
         928   0.0000000000000000E+000
         929   0.0000000000000000E+000
         930   0.0000000000000000E+000
         931   0.0000000000000000E+000
         932   0.0000000000000000E+000
         933   0.0000000000000000E+000
         934   0.0000000000000000E+000
         935   0.0000000000000000E+000
         936   0.0000000000000000E+000
         937   0.0000000000000000E+000
         938   0.0000000000000000E+000
         939   0.0000000000000000E+000
         940   0.0000000000000000E+000
         941   0.0000000000000000E+000
         942   0.0000000000000000E+000
         943   0.0000000000000000E+000
         944   0.0000000000000000E+000
         945   0.0000000000000000E+000
         946   0.0000000000000000E+000
         947   0.0000000000000000E+000
         948   0.0000000000000000E+000
         949   0.0000000000000000E+000
         950   0.0000000000000000E+000
         951   0.0000000000000000E+000
         952   0.0000000000000000E+000
         953   0.0000000000000000E+000
         954   0.0000000000000000E+000
         955   0.0000000000000000E+000
         956   0.0000000000000000E+000
         957   0.0000000000000000E+000
         958   0.0000000000000000E+000
         959   0.0000000000000000E+000
         960   0.0000000000000000E+000
         961   0.0000000000000000E+000
         962   0.0000000000000000E+000
         963   0.0000000000000000E+000
         964   0.0000000000000000E+000
         965   0.0000000000000000E+000
         966   0.0000000000000000E+000
         967   0.0000000000000000E+000
         968   0.0000000000000000E+000
         969   0.0000000000000000E+000
         970   0.0000000000000000E+000
         971   0.0000000000000000E+000
         972   0.0000000000000000E+000
         973   0.0000000000000000E+000
         974   0.0000000000000000E+000
         975   0.0000000000000000E+000
         976   0.0000000000000000E+000
         977   0.0000000000000000E+000
         978   0.0000000000000000E+000
         979   0.0000000000000000E+000
         980   0.0000000000000000E+000
         981   0.0000000000000000E+000
         982   0.0000000000000000E+000
         983   0.0000000000000000E+000
         984   0.0000000000000000E+000
         985   0.0000000000000000E+000
         986   0.0000000000000000E+000
         987   0.0000000000000000E+000
         988   0.0000000000000000E+000
         989   0.0000000000000000E+000
         990   0.0000000000000000E+000
         991   0.0000000000000000E+000
         992   0.0000000000000000E+000
         993   0.0000000000000000E+000
         994   0.0000000000000000E+000
         995   0.0000000000000000E+000
         996   0.0000000000000000E+000
         997   0.0000000000000000E+000
         998   0.0000000000000000E+000
         999   0.0000000000000000E+000
        1000   0.0000000000000000E+000
