           1   0.0000000000000000E+000
           2   2.0288725839121535     
           3   0.0000000000000000E+000
           4   1.0008251096609291     
           5   1.8093164890462099     
           6  0.16373539978116561     
           7  0.45953226185561014     
           8   2.0649136757708901     
           9   0.0000000000000000E+000
          10  0.19805549320937432     
          11  0.18749746728425776     
          12  0.29567418603626422     
          13  0.29869141944646410     
          14  0.37457362374278441     
          15  0.57036465269589798     
          16  0.65743482043233004     
          17  0.38501829457314152     
          18  0.44580395902778847     
          19  0.23595153761942000     
          20  0.31840823656577621     
          21  0.42060850008412770     
          22  0.36150058883246372     
          23  0.56562995447548869     
          24  0.18334730413268654     
          25  0.21966620501179226     
          26  0.17110463614353216     
          27  0.31704974021020471     
          28  0.31238820862505057     
          29  0.34958634779887582     
          30  0.29043778937719233     
          31  0.21777074233240984     
          32  0.30850005889498250     
          33  0.26167670283861444     
          34  0.27938743555473128     
          35  0.19639009265285268     
          36  0.18501500651180500     
          37  0.16314052613883961     
          38  0.25209582637787159     
          39  0.27146706438327850     
          40  0.20031616593310772     
          41  0.19953709642430625     
          42  0.29045085776725393     
          43  0.16763534388350931     
          44  0.22076396436607310     
          45  0.19141261318423805     
          46  0.19132862652027086     
          47  0.13376731967456848     
          48  0.22031062191086698     
          49  0.17465753095048372     
          50  0.17157575825678498     
          51  0.14971886856467279     
          52  0.10142236721427553     
          53  0.15876884986760340     
          54  0.17944053759572084     
          55  0.13928195249997913     
          56  0.12250017651141824     
          57  0.14207330710531485     
          58  0.15343323900130126     
          59  0.11900129351697837     
          60  0.16110133866468726     
          61  0.14928390344031275     
          62  0.15483027905744792     
          63  0.14788233937799555     
          64  0.12418912745277294     
          65  0.11849389483388681     
          66  0.10629699651332684     
          67   9.7934499751164167E-002
          68   9.6695024857468018E-002
          69  0.11886066557501067     
          70  0.11207394531062055     
          71   8.8820817414595063E-002
          72  0.10914840824864357     
          73  0.11209564157526464     
          74   8.2995799716849741E-002
          75  0.10755485480525097     
          76   9.5307201726182081E-002
          77   6.8934398339484435E-002
          78  0.10071653494757286     
          79   7.6874233766539055E-002
          80   9.2299588166153121E-002
          81   9.3458670357109974E-002
          82   7.0159842483584839E-002
          83   6.1654312812696482E-002
          84   7.9188957031331650E-002
          85   6.8603488410286587E-002
          86   7.7532287817545620E-002
          87   5.5069096302541323E-002
          88   7.0057335508730736E-002
          89   6.5566054993472178E-002
          90   6.2111133949789635E-002
          91   5.9946112730072332E-002
          92   5.3046402674278889E-002
          93   5.5657638944659457E-002
          94   6.5878899780801164E-002
          95   5.9397393761326883E-002
          96   5.6513033041818199E-002
          97   6.5277641028274228E-002
          98   4.7547385760229641E-002
          99   6.5018886028223963E-002
         100   5.2833488688345434E-002
         101   4.4834487537592539E-002
         102   4.0921162642529416E-002
         103   4.1533076113348014E-002
         104   3.9356463691845214E-002
         105   3.7890746539409909E-002
         106   5.9629196610338400E-002
         107   3.1039258066550678E-002
         108   3.4432332726220941E-002
         109   3.5188616478057599E-002
         110   4.9476664153623215E-002
         111   3.6456020419458765E-002
         112   3.5184583491416593E-002
         113   3.5799429036324909E-002
         114   3.5771409123254792E-002
         115   3.7574113809733210E-002
         116   3.1643260653750241E-002
         117   2.7661242964673358E-002
         118   3.0025778233207893E-002
         119   2.6728557230444865E-002
         120   3.0734708815371541E-002
         121   2.4844526615837550E-002
         122   2.7602211924317489E-002
         123   3.3383813804562963E-002
         124   2.4127072637686056E-002
         125   1.6711043868314717E-002
         126   2.6356100042509281E-002
         127   2.6407967114881067E-002
         128   2.9409793071049687E-002
         129   3.5628658878364347E-002
         130   2.1498791916592878E-002
         131   1.8860461660423627E-002
         132   2.0404737783132558E-002
         133   2.4539032533442487E-002
         134   1.6736688256899744E-002
         135   2.3396839143864648E-002
         136   2.0930576644750665E-002
         137   2.6103177720896223E-002
         138   1.9486902258851708E-002
         139   1.7965206857986644E-002
         140   1.4113054836974418E-002
         141   1.9883892216350212E-002
         142   2.1534601524254713E-002
         143   1.6618608140725948E-002
         144   1.8664565524701054E-002
         145   1.3540639283971019E-002
         146   2.3354879367403096E-002
         147   1.7189045231550321E-002
         148   1.6968676456285817E-002
         149   1.9233530039722637E-002
         150   1.3351900157733541E-002
         151   1.1093912589008992E-002
         152   1.7129036120575744E-002
         153   1.6554812853437181E-002
         154   1.1339154297006665E-002
         155   1.3178856651282137E-002
         156   1.3637526786735375E-002
         157   1.2187243173314207E-002
         158   9.1805312913844257E-003
         159   1.0633725908658581E-002
         160   7.4099079497925227E-003
         161   1.1283639816209850E-002
         162   1.0556517322547629E-002
         163   1.2492985924853416E-002
         164   1.3232310435615133E-002
         165   1.1910759003363124E-002
         166   1.4661631915559085E-002
         167   1.0213910830284880E-002
         168   8.1365509984517026E-003
         169   8.5807817018292570E-003
         170   1.1771201894694707E-002
         171   8.9216596259114218E-003
         172   7.4862206579088932E-003
         173   6.8786794658740090E-003
         174   8.3671789574713776E-003
         175   9.3013719813389278E-003
         176   8.9325385414079656E-003
         177   8.3316851887541930E-003
         178   6.9906307154069406E-003
         179   5.6727456584873149E-003
         180   5.6258661709415562E-003
         181   3.8654370521203729E-003
         182   4.7812860526024277E-003
         183   8.9757500319234910E-003
         184   4.9082686925953677E-003
         185   8.3329288743085421E-003
         186   4.3471145884759867E-003
         187   4.7552555853154713E-003
         188   5.1462258849793822E-003
         189   5.5382264382918198E-003
         190   4.1684459009383151E-003
         191   4.1152524006010200E-003
         192   5.1544486307600040E-003
         193   4.6723728987003469E-003
         194   4.6273306468410536E-003
         195   5.4098733011752687E-003
         196   5.1483871220417603E-003
         197   4.4876524958197056E-003
         198   4.4396326121191503E-003
         199   4.1989170397471387E-003
         200   4.3585460696869997E-003
         201   3.3349930432811882E-003
         202   5.0460795468689479E-003
         203   4.2249710999111524E-003
         204   3.0459386468691904E-003
         205   4.8944330697693796E-003
         206   4.8481830728786309E-003
         207   5.3670622232671761E-003
         208   2.9280575882752397E-003
         209   2.3572620219515011E-003
         210   4.3066179788676393E-003
         211   1.9592468366462345E-003
         212   2.8196083394168396E-003
         213   2.6184654053005734E-003
         214   2.9413172968803651E-003
         215   2.2289132074673310E-003
         216   2.2057536001817285E-003
         217   2.5227526942447911E-003
         218   1.5023323946017290E-003
         219   2.6434544343542452E-003
         220   2.2890110888689648E-003
         221   1.4594964215696156E-003
         222   2.0881499169044851E-003
         223   3.8253651884987768E-003
         224   2.6841557751385897E-003
         225   3.4418031886712958E-003
         226   3.2562055340265815E-003
         227   1.5374327762746579E-003
         228   2.2846024475238957E-003
         229   2.8708424411661719E-003
         230   1.9452054575342433E-003
         231   2.2298831523752112E-003
         232   2.7966742441566362E-003
         233   1.4594200283921377E-003
         234   1.7416636935472002E-003
         235   2.4382734744239319E-003
         236   1.8484807925077296E-003
         237   1.5500879690847804E-003
         238   2.5132924184617439E-003
         239   1.6648714722182977E-003
         240   1.7898546736558774E-003
         241   1.5018202217102041E-003
         242   1.7619787730093687E-003
         243   1.8828069199590004E-003
         244   1.4627679559180758E-003
         245   1.8490411831717619E-003
         246   1.5711916417551846E-003
         247   1.1678202313180912E-003
         248   1.2874626241970552E-003
         249   1.6629004477649464E-003
         250   1.5213827509141871E-003
         251   2.5161669233811790E-003
         252   1.4976485163517381E-003
         253   8.6795219864270641E-004
         254   1.5976833580350048E-003
         255   1.4623758697941175E-003
         256   1.4523554994393562E-003
         257   1.4410229161991028E-003
         258   1.4292471264236487E-003
         259   1.5391788302346946E-003
         260   1.7595411549917021E-003
         261   1.6290426094328128E-003
         262   1.0398172478698427E-003
         263   5.7342581691053999E-004
         264   4.5529631989533093E-004
         265   1.1274348717080344E-003
         266   7.8356459476432822E-004
         267   8.8951687059254264E-004
         268   1.2159599539033462E-003
         269   8.7731001347381382E-004
         270   6.5313619159939880E-004
         271   1.1884616964471394E-003
         272   5.3585998212573140E-004
         273   6.3866733353711773E-004
         274   7.3879028993054877E-004
         275   4.2007115533748414E-004
         276   1.1451851161773585E-003
         277   1.1374064213533295E-003
         278   3.0777990425979925E-004
         279   9.1634960257980312E-004
         280   4.0423300933421904E-004
         281   6.0299713127873872E-004
         282   3.9917587802409320E-004
         283   1.9804609974121180E-004
         284   6.8858172081294770E-004
         285   1.9534631220582103E-004
         286   4.8509528078397415E-004
         287   7.7109514809476818E-004
         288   7.6441984433492111E-004
         289   1.8983319077521229E-004
         290   0.0000000000000000E+000
         291   9.3715508123995189E-004
         292   7.4530172383359980E-004
         293   1.8452731362613884E-004
         294   9.1868145682399440E-004
         295   5.4599892887567658E-004
         296   7.2351087414105177E-004
         297   3.6024563636632360E-004
         298   0.0000000000000000E+000
         299   8.8699485765914593E-005
         300   0.0000000000000000E+000
         301   5.2561632746435296E-004
         302   4.3509492151006890E-004
         303   8.6618765047555963E-005
         304   1.7209504674404788E-004
         305   6.8202679281124782E-004
         306   4.2411280933625593E-004
         307   6.7296346739433488E-004
         308   5.8639018674457575E-004
         309   8.3150094659829171E-005
         310   4.9496273325834938E-004
         311   8.2227803066655856E-005
         312   4.8865370826503627E-004
         313   0.0000000000000000E+000
         314   1.6119619603183685E-004
         315   8.0039717917060311E-005
         316   7.9249495335774933E-005
         317   3.1590076042672130E-004
         318   7.8668909337440240E-005
         319   3.8996933179347442E-004
         320   7.7704173582422890E-005
         321   1.5383512450559329E-004
         322   2.2955866226414545E-004
         323   2.2764483266727350E-004
         324   7.5458195119355143E-005
         325   2.2507947402117790E-004
         326   7.4736607646115876E-005
         327   0.0000000000000000E+000
         328   1.4731616681140921E-004
         329   2.9242066068686714E-004
         330   7.2790237561906574E-005
         331   0.0000000000000000E+000
         332   7.1828860620918447E-005
         333   2.1504258217281688E-004
         334   0.0000000000000000E+000
         335   2.8306141001816193E-004
         336   7.0081123615328282E-005
         337   2.0990847129885815E-004
         338   6.9602282203974641E-005
         339   2.0766888862305737E-004
         340   1.3718450650099644E-004
         341   6.8163816682343339E-005
         342   1.3564679878738748E-004
         343   0.0000000000000000E+000
         344   0.0000000000000000E+000
         345   3.3336019997310588E-004
         346   6.6251050123594768E-005
         347   1.9771175780456190E-004
         348   0.0000000000000000E+000
         349   0.0000000000000000E+000
         350   0.0000000000000000E+000
         351   6.4287578672704335E-005
         352   6.4203836513439757E-005
         353   0.0000000000000000E+000
         354   0.0000000000000000E+000
         355   0.0000000000000000E+000
         356   6.2690744482718743E-005
         357   1.2470120798856220E-004
         358   0.0000000000000000E+000
         359   1.8469705036917771E-004
         360   2.4537070483566516E-004
         361   0.0000000000000000E+000
         362   0.0000000000000000E+000
         363   1.8089472081727218E-004
         364   0.0000000000000000E+000
         365   1.7863474856887271E-004
         366   0.0000000000000000E+000
         367   5.8975501466480330E-005
         368   0.0000000000000000E+000
         369   0.0000000000000000E+000
         370   0.0000000000000000E+000
         371   0.0000000000000000E+000
         372   5.7487772588258309E-005
         373   0.0000000000000000E+000
         374   0.0000000000000000E+000
         375   5.6374446180743156E-005
         376   0.0000000000000000E+000
         377   0.0000000000000000E+000
         378   1.6646587955557253E-004
         379   5.5214806340343613E-005
         380   0.0000000000000000E+000
         381   5.4564862456705955E-005
         382   0.0000000000000000E+000
         383   0.0000000000000000E+000
         384   5.3921290707299217E-005
         385   0.0000000000000000E+000
         386   0.0000000000000000E+000
         387   5.2964915276185629E-005
         388   0.0000000000000000E+000
         389   0.0000000000000000E+000
         390   0.0000000000000000E+000
         391   0.0000000000000000E+000
         392   0.0000000000000000E+000
         393   0.0000000000000000E+000
         394   0.0000000000000000E+000
         395   0.0000000000000000E+000
         396   0.0000000000000000E+000
         397   0.0000000000000000E+000
         398   0.0000000000000000E+000
         399   0.0000000000000000E+000
         400   0.0000000000000000E+000
         401   0.0000000000000000E+000
         402   0.0000000000000000E+000
         403   0.0000000000000000E+000
         404   0.0000000000000000E+000
         405   0.0000000000000000E+000
         406   0.0000000000000000E+000
         407   0.0000000000000000E+000
         408   0.0000000000000000E+000
         409   0.0000000000000000E+000
         410   0.0000000000000000E+000
         411   0.0000000000000000E+000
         412   0.0000000000000000E+000
         413   4.6498317898720437E-005
         414   0.0000000000000000E+000
         415   0.0000000000000000E+000
         416   0.0000000000000000E+000
         417   0.0000000000000000E+000
         418   0.0000000000000000E+000
         419   0.0000000000000000E+000
         420   0.0000000000000000E+000
         421   0.0000000000000000E+000
         422   0.0000000000000000E+000
         423   0.0000000000000000E+000
         424   0.0000000000000000E+000
         425   0.0000000000000000E+000
         426   0.0000000000000000E+000
         427   0.0000000000000000E+000
         428   0.0000000000000000E+000
         429   0.0000000000000000E+000
         430   0.0000000000000000E+000
         431   0.0000000000000000E+000
         432   0.0000000000000000E+000
         433   0.0000000000000000E+000
         434   0.0000000000000000E+000
         435   0.0000000000000000E+000
         436   0.0000000000000000E+000
         437   0.0000000000000000E+000
         438   0.0000000000000000E+000
         439   0.0000000000000000E+000
         440   0.0000000000000000E+000
         441   0.0000000000000000E+000
         442   0.0000000000000000E+000
         443   0.0000000000000000E+000
         444   0.0000000000000000E+000
         445   0.0000000000000000E+000
         446   0.0000000000000000E+000
         447   0.0000000000000000E+000
         448   0.0000000000000000E+000
         449   0.0000000000000000E+000
         450   0.0000000000000000E+000
         451   0.0000000000000000E+000
         452   0.0000000000000000E+000
         453   0.0000000000000000E+000
         454   0.0000000000000000E+000
         455   0.0000000000000000E+000
         456   0.0000000000000000E+000
         457   0.0000000000000000E+000
         458   0.0000000000000000E+000
         459   0.0000000000000000E+000
         460   0.0000000000000000E+000
         461   0.0000000000000000E+000
         462   0.0000000000000000E+000
         463   0.0000000000000000E+000
         464   0.0000000000000000E+000
         465   0.0000000000000000E+000
         466   0.0000000000000000E+000
         467   0.0000000000000000E+000
         468   0.0000000000000000E+000
         469   0.0000000000000000E+000
         470   0.0000000000000000E+000
         471   0.0000000000000000E+000
         472   0.0000000000000000E+000
         473   0.0000000000000000E+000
         474   0.0000000000000000E+000
         475   0.0000000000000000E+000
         476   0.0000000000000000E+000
         477   0.0000000000000000E+000
         478   0.0000000000000000E+000
         479   0.0000000000000000E+000
         480   0.0000000000000000E+000
         481   0.0000000000000000E+000
         482   0.0000000000000000E+000
         483   0.0000000000000000E+000
         484   0.0000000000000000E+000
         485   0.0000000000000000E+000
         486   0.0000000000000000E+000
         487   0.0000000000000000E+000
         488   0.0000000000000000E+000
         489   0.0000000000000000E+000
         490   0.0000000000000000E+000
         491   0.0000000000000000E+000
         492   0.0000000000000000E+000
         493   0.0000000000000000E+000
         494   0.0000000000000000E+000
         495   0.0000000000000000E+000
         496   0.0000000000000000E+000
         497   0.0000000000000000E+000
         498   0.0000000000000000E+000
         499   0.0000000000000000E+000
         500   0.0000000000000000E+000
         501   0.0000000000000000E+000
         502   0.0000000000000000E+000
         503   0.0000000000000000E+000
         504   0.0000000000000000E+000
         505   0.0000000000000000E+000
         506   0.0000000000000000E+000
         507   0.0000000000000000E+000
         508   0.0000000000000000E+000
         509   0.0000000000000000E+000
         510   0.0000000000000000E+000
         511   0.0000000000000000E+000
         512   0.0000000000000000E+000
         513   0.0000000000000000E+000
         514   0.0000000000000000E+000
         515   0.0000000000000000E+000
         516   0.0000000000000000E+000
         517   0.0000000000000000E+000
         518   0.0000000000000000E+000
         519   0.0000000000000000E+000
         520   0.0000000000000000E+000
         521   0.0000000000000000E+000
         522   0.0000000000000000E+000
         523   0.0000000000000000E+000
         524   0.0000000000000000E+000
         525   0.0000000000000000E+000
         526   0.0000000000000000E+000
         527   0.0000000000000000E+000
         528   0.0000000000000000E+000
         529   0.0000000000000000E+000
         530   0.0000000000000000E+000
         531   0.0000000000000000E+000
         532   0.0000000000000000E+000
         533   0.0000000000000000E+000
         534   0.0000000000000000E+000
         535   0.0000000000000000E+000
         536   0.0000000000000000E+000
         537   0.0000000000000000E+000
         538   0.0000000000000000E+000
         539   0.0000000000000000E+000
         540   0.0000000000000000E+000
         541   0.0000000000000000E+000
         542   0.0000000000000000E+000
         543   0.0000000000000000E+000
         544   0.0000000000000000E+000
         545   0.0000000000000000E+000
         546   0.0000000000000000E+000
         547   0.0000000000000000E+000
         548   0.0000000000000000E+000
         549   0.0000000000000000E+000
         550   0.0000000000000000E+000
         551   0.0000000000000000E+000
         552   0.0000000000000000E+000
         553   0.0000000000000000E+000
         554   0.0000000000000000E+000
         555   0.0000000000000000E+000
         556   0.0000000000000000E+000
         557   0.0000000000000000E+000
         558   0.0000000000000000E+000
         559   0.0000000000000000E+000
         560   0.0000000000000000E+000
         561   0.0000000000000000E+000
         562   0.0000000000000000E+000
         563   0.0000000000000000E+000
         564   0.0000000000000000E+000
         565   0.0000000000000000E+000
         566   0.0000000000000000E+000
         567   0.0000000000000000E+000
         568   0.0000000000000000E+000
         569   0.0000000000000000E+000
         570   0.0000000000000000E+000
         571   0.0000000000000000E+000
         572   0.0000000000000000E+000
         573   0.0000000000000000E+000
         574   0.0000000000000000E+000
         575   0.0000000000000000E+000
         576   0.0000000000000000E+000
         577   0.0000000000000000E+000
         578   0.0000000000000000E+000
         579   0.0000000000000000E+000
         580   0.0000000000000000E+000
         581   0.0000000000000000E+000
         582   0.0000000000000000E+000
         583   0.0000000000000000E+000
         584   0.0000000000000000E+000
         585   0.0000000000000000E+000
         586   0.0000000000000000E+000
         587   0.0000000000000000E+000
         588   0.0000000000000000E+000
         589   0.0000000000000000E+000
         590   0.0000000000000000E+000
         591   0.0000000000000000E+000
         592   0.0000000000000000E+000
         593   0.0000000000000000E+000
         594   0.0000000000000000E+000
         595   0.0000000000000000E+000
         596   0.0000000000000000E+000
         597   0.0000000000000000E+000
         598   0.0000000000000000E+000
         599   0.0000000000000000E+000
         600   0.0000000000000000E+000
         601   0.0000000000000000E+000
         602   0.0000000000000000E+000
         603   0.0000000000000000E+000
         604   0.0000000000000000E+000
         605   0.0000000000000000E+000
         606   0.0000000000000000E+000
         607   0.0000000000000000E+000
         608   0.0000000000000000E+000
         609   0.0000000000000000E+000
         610   0.0000000000000000E+000
         611   0.0000000000000000E+000
         612   0.0000000000000000E+000
         613   0.0000000000000000E+000
         614   0.0000000000000000E+000
         615   0.0000000000000000E+000
         616   0.0000000000000000E+000
         617   0.0000000000000000E+000
         618   0.0000000000000000E+000
         619   0.0000000000000000E+000
         620   0.0000000000000000E+000
         621   0.0000000000000000E+000
         622   0.0000000000000000E+000
         623   0.0000000000000000E+000
         624   0.0000000000000000E+000
         625   0.0000000000000000E+000
         626   0.0000000000000000E+000
         627   0.0000000000000000E+000
         628   0.0000000000000000E+000
         629   0.0000000000000000E+000
         630   0.0000000000000000E+000
         631   0.0000000000000000E+000
         632   0.0000000000000000E+000
         633   0.0000000000000000E+000
         634   0.0000000000000000E+000
         635   0.0000000000000000E+000
         636   0.0000000000000000E+000
         637   0.0000000000000000E+000
         638   0.0000000000000000E+000
         639   0.0000000000000000E+000
         640   0.0000000000000000E+000
         641   0.0000000000000000E+000
         642   0.0000000000000000E+000
         643   0.0000000000000000E+000
         644   0.0000000000000000E+000
         645   0.0000000000000000E+000
         646   0.0000000000000000E+000
         647   0.0000000000000000E+000
         648   0.0000000000000000E+000
         649   0.0000000000000000E+000
         650   0.0000000000000000E+000
         651   0.0000000000000000E+000
         652   0.0000000000000000E+000
         653   0.0000000000000000E+000
         654   0.0000000000000000E+000
         655   0.0000000000000000E+000
         656   0.0000000000000000E+000
         657   0.0000000000000000E+000
         658   0.0000000000000000E+000
         659   0.0000000000000000E+000
         660   0.0000000000000000E+000
         661   0.0000000000000000E+000
         662   0.0000000000000000E+000
         663   0.0000000000000000E+000
         664   0.0000000000000000E+000
         665   0.0000000000000000E+000
         666   0.0000000000000000E+000
         667   0.0000000000000000E+000
         668   0.0000000000000000E+000
         669   0.0000000000000000E+000
         670   0.0000000000000000E+000
         671   0.0000000000000000E+000
         672   0.0000000000000000E+000
         673   0.0000000000000000E+000
         674   0.0000000000000000E+000
         675   0.0000000000000000E+000
         676   0.0000000000000000E+000
         677   0.0000000000000000E+000
         678   0.0000000000000000E+000
         679   0.0000000000000000E+000
         680   0.0000000000000000E+000
         681   0.0000000000000000E+000
         682   0.0000000000000000E+000
         683   0.0000000000000000E+000
         684   0.0000000000000000E+000
         685   0.0000000000000000E+000
         686   0.0000000000000000E+000
         687   0.0000000000000000E+000
         688   0.0000000000000000E+000
         689   0.0000000000000000E+000
         690   0.0000000000000000E+000
         691   0.0000000000000000E+000
         692   0.0000000000000000E+000
         693   0.0000000000000000E+000
         694   0.0000000000000000E+000
         695   0.0000000000000000E+000
         696   0.0000000000000000E+000
         697   0.0000000000000000E+000
         698   0.0000000000000000E+000
         699   0.0000000000000000E+000
         700   0.0000000000000000E+000
         701   0.0000000000000000E+000
         702   0.0000000000000000E+000
         703   0.0000000000000000E+000
         704   0.0000000000000000E+000
         705   0.0000000000000000E+000
         706   0.0000000000000000E+000
         707   0.0000000000000000E+000
         708   0.0000000000000000E+000
         709   0.0000000000000000E+000
         710   0.0000000000000000E+000
         711   0.0000000000000000E+000
         712   0.0000000000000000E+000
         713   0.0000000000000000E+000
         714   0.0000000000000000E+000
         715   0.0000000000000000E+000
         716   0.0000000000000000E+000
         717   0.0000000000000000E+000
         718   0.0000000000000000E+000
         719   0.0000000000000000E+000
         720   0.0000000000000000E+000
         721   0.0000000000000000E+000
         722   0.0000000000000000E+000
         723   0.0000000000000000E+000
         724   0.0000000000000000E+000
         725   0.0000000000000000E+000
         726   0.0000000000000000E+000
         727   0.0000000000000000E+000
         728   0.0000000000000000E+000
         729   0.0000000000000000E+000
         730   0.0000000000000000E+000
         731   0.0000000000000000E+000
         732   0.0000000000000000E+000
         733   0.0000000000000000E+000
         734   0.0000000000000000E+000
         735   0.0000000000000000E+000
         736   0.0000000000000000E+000
         737   0.0000000000000000E+000
         738   0.0000000000000000E+000
         739   0.0000000000000000E+000
         740   0.0000000000000000E+000
         741   0.0000000000000000E+000
         742   0.0000000000000000E+000
         743   0.0000000000000000E+000
         744   0.0000000000000000E+000
         745   0.0000000000000000E+000
         746   0.0000000000000000E+000
         747   0.0000000000000000E+000
         748   0.0000000000000000E+000
         749   0.0000000000000000E+000
         750   0.0000000000000000E+000
         751   0.0000000000000000E+000
         752   0.0000000000000000E+000
         753   0.0000000000000000E+000
         754   0.0000000000000000E+000
         755   0.0000000000000000E+000
         756   0.0000000000000000E+000
         757   0.0000000000000000E+000
         758   0.0000000000000000E+000
         759   0.0000000000000000E+000
         760   0.0000000000000000E+000
         761   0.0000000000000000E+000
         762   0.0000000000000000E+000
         763   0.0000000000000000E+000
         764   0.0000000000000000E+000
         765   0.0000000000000000E+000
         766   0.0000000000000000E+000
         767   0.0000000000000000E+000
         768   0.0000000000000000E+000
         769   0.0000000000000000E+000
         770   0.0000000000000000E+000
         771   0.0000000000000000E+000
         772   0.0000000000000000E+000
         773   0.0000000000000000E+000
         774   0.0000000000000000E+000
         775   0.0000000000000000E+000
         776   0.0000000000000000E+000
         777   0.0000000000000000E+000
         778   0.0000000000000000E+000
         779   0.0000000000000000E+000
         780   0.0000000000000000E+000
         781   0.0000000000000000E+000
         782   0.0000000000000000E+000
         783   0.0000000000000000E+000
         784   0.0000000000000000E+000
         785   0.0000000000000000E+000
         786   0.0000000000000000E+000
         787   0.0000000000000000E+000
         788   0.0000000000000000E+000
         789   0.0000000000000000E+000
         790   0.0000000000000000E+000
         791   0.0000000000000000E+000
         792   0.0000000000000000E+000
         793   0.0000000000000000E+000
         794   0.0000000000000000E+000
         795   0.0000000000000000E+000
         796   0.0000000000000000E+000
         797   0.0000000000000000E+000
         798   0.0000000000000000E+000
         799   0.0000000000000000E+000
         800   0.0000000000000000E+000
         801   0.0000000000000000E+000
         802   0.0000000000000000E+000
         803   0.0000000000000000E+000
         804   0.0000000000000000E+000
         805   0.0000000000000000E+000
         806   0.0000000000000000E+000
         807   0.0000000000000000E+000
         808   0.0000000000000000E+000
         809   0.0000000000000000E+000
         810   0.0000000000000000E+000
         811   0.0000000000000000E+000
         812   0.0000000000000000E+000
         813   0.0000000000000000E+000
         814   0.0000000000000000E+000
         815   0.0000000000000000E+000
         816   0.0000000000000000E+000
         817   0.0000000000000000E+000
         818   0.0000000000000000E+000
         819   0.0000000000000000E+000
         820   0.0000000000000000E+000
         821   0.0000000000000000E+000
         822   0.0000000000000000E+000
         823   0.0000000000000000E+000
         824   0.0000000000000000E+000
         825   0.0000000000000000E+000
         826   0.0000000000000000E+000
         827   0.0000000000000000E+000
         828   0.0000000000000000E+000
         829   0.0000000000000000E+000
         830   0.0000000000000000E+000
         831   0.0000000000000000E+000
         832   0.0000000000000000E+000
         833   0.0000000000000000E+000
         834   0.0000000000000000E+000
         835   0.0000000000000000E+000
         836   0.0000000000000000E+000
         837   0.0000000000000000E+000
         838   0.0000000000000000E+000
         839   0.0000000000000000E+000
         840   0.0000000000000000E+000
         841   0.0000000000000000E+000
         842   0.0000000000000000E+000
         843   0.0000000000000000E+000
         844   0.0000000000000000E+000
         845   0.0000000000000000E+000
         846   0.0000000000000000E+000
         847   0.0000000000000000E+000
         848   0.0000000000000000E+000
         849   0.0000000000000000E+000
         850   0.0000000000000000E+000
         851   0.0000000000000000E+000
         852   0.0000000000000000E+000
         853   0.0000000000000000E+000
         854   0.0000000000000000E+000
         855   0.0000000000000000E+000
         856   0.0000000000000000E+000
         857   0.0000000000000000E+000
         858   0.0000000000000000E+000
         859   0.0000000000000000E+000
         860   0.0000000000000000E+000
         861   0.0000000000000000E+000
         862   0.0000000000000000E+000
         863   0.0000000000000000E+000
         864   0.0000000000000000E+000
         865   0.0000000000000000E+000
         866   0.0000000000000000E+000
         867   0.0000000000000000E+000
         868   0.0000000000000000E+000
         869   0.0000000000000000E+000
         870   0.0000000000000000E+000
         871   0.0000000000000000E+000
         872   0.0000000000000000E+000
         873   0.0000000000000000E+000
         874   0.0000000000000000E+000
         875   0.0000000000000000E+000
         876   0.0000000000000000E+000
         877   0.0000000000000000E+000
         878   0.0000000000000000E+000
         879   0.0000000000000000E+000
         880   0.0000000000000000E+000
         881   0.0000000000000000E+000
         882   0.0000000000000000E+000
         883   0.0000000000000000E+000
         884   0.0000000000000000E+000
         885   0.0000000000000000E+000
         886   0.0000000000000000E+000
         887   0.0000000000000000E+000
         888   0.0000000000000000E+000
         889   0.0000000000000000E+000
         890   0.0000000000000000E+000
         891   0.0000000000000000E+000
         892   0.0000000000000000E+000
         893   0.0000000000000000E+000
         894   0.0000000000000000E+000
         895   0.0000000000000000E+000
         896   0.0000000000000000E+000
         897   0.0000000000000000E+000
         898   0.0000000000000000E+000
         899   0.0000000000000000E+000
         900   0.0000000000000000E+000
         901   0.0000000000000000E+000
         902   0.0000000000000000E+000
         903   0.0000000000000000E+000
         904   0.0000000000000000E+000
         905   0.0000000000000000E+000
         906   0.0000000000000000E+000
         907   0.0000000000000000E+000
         908   0.0000000000000000E+000
         909   0.0000000000000000E+000
         910   0.0000000000000000E+000
         911   0.0000000000000000E+000
         912   0.0000000000000000E+000
         913   0.0000000000000000E+000
         914   0.0000000000000000E+000
         915   0.0000000000000000E+000
         916   0.0000000000000000E+000
         917   0.0000000000000000E+000
         918   0.0000000000000000E+000
         919   0.0000000000000000E+000
         920   0.0000000000000000E+000
         921   0.0000000000000000E+000
         922   0.0000000000000000E+000
         923   0.0000000000000000E+000
         924   0.0000000000000000E+000
         925   0.0000000000000000E+000
         926   0.0000000000000000E+000
         927   0.0000000000000000E+000
         928   0.0000000000000000E+000
         929   0.0000000000000000E+000
         930   0.0000000000000000E+000
         931   0.0000000000000000E+000
         932   0.0000000000000000E+000
         933   0.0000000000000000E+000
         934   0.0000000000000000E+000
         935   0.0000000000000000E+000
         936   0.0000000000000000E+000
         937   0.0000000000000000E+000
         938   0.0000000000000000E+000
         939   0.0000000000000000E+000
         940   0.0000000000000000E+000
         941   0.0000000000000000E+000
         942   0.0000000000000000E+000
         943   0.0000000000000000E+000
         944   0.0000000000000000E+000
         945   0.0000000000000000E+000
         946   0.0000000000000000E+000
         947   0.0000000000000000E+000
         948   0.0000000000000000E+000
         949   0.0000000000000000E+000
         950   0.0000000000000000E+000
         951   0.0000000000000000E+000
         952   0.0000000000000000E+000
         953   0.0000000000000000E+000
         954   0.0000000000000000E+000
         955   0.0000000000000000E+000
         956   0.0000000000000000E+000
         957   0.0000000000000000E+000
         958   0.0000000000000000E+000
         959   0.0000000000000000E+000
         960   0.0000000000000000E+000
         961   0.0000000000000000E+000
         962   0.0000000000000000E+000
         963   0.0000000000000000E+000
         964   0.0000000000000000E+000
         965   0.0000000000000000E+000
         966   0.0000000000000000E+000
         967   0.0000000000000000E+000
         968   0.0000000000000000E+000
         969   0.0000000000000000E+000
         970   0.0000000000000000E+000
         971   0.0000000000000000E+000
         972   0.0000000000000000E+000
         973   0.0000000000000000E+000
         974   0.0000000000000000E+000
         975   0.0000000000000000E+000
         976   0.0000000000000000E+000
         977   0.0000000000000000E+000
         978   0.0000000000000000E+000
         979   0.0000000000000000E+000
         980   0.0000000000000000E+000
         981   0.0000000000000000E+000
         982   0.0000000000000000E+000
         983   0.0000000000000000E+000
         984   0.0000000000000000E+000
         985   0.0000000000000000E+000
         986   0.0000000000000000E+000
         987   0.0000000000000000E+000
         988   0.0000000000000000E+000
         989   0.0000000000000000E+000
         990   0.0000000000000000E+000
         991   0.0000000000000000E+000
         992   0.0000000000000000E+000
         993   0.0000000000000000E+000
         994   0.0000000000000000E+000
         995   0.0000000000000000E+000
         996   0.0000000000000000E+000
         997   0.0000000000000000E+000
         998   0.0000000000000000E+000
         999   0.0000000000000000E+000
        1000   0.0000000000000000E+000
