           1   0.0000000000000000E+000
           2   0.0000000000000000E+000
           3   0.0000000000000000E+000
           4  0.79369584215179367     
           5   2.0841058486539867     
           6   0.0000000000000000E+000
           7  0.27781024732188853     
           8  0.10717514120234686     
           9  0.36430487952553026     
          10  0.63005276525757536     
          11  0.55037964721309718     
          12  0.53893492614257321     
          13  0.17430182833070590     
          14  0.29998696657752505     
          15  0.46436233412424527     
          16  0.23865601362448333     
          17  0.25884093143725473     
          18  0.11822435871049497     
          19  0.29718447578000107     
          20  0.20722535879023563     
          21  0.31001483677740949     
          22  0.55807960270095025     
          23  0.36048634430741855     
          24  0.40044972568243242     
          25  0.13573259245446090     
          26  0.16027866578099789     
          27  0.20995603879094857     
          28  0.23613906464846895     
          29  0.38304744969569365     
          30  0.40990086691766481     
          31  0.17795644352066703     
          32  0.31750375704049427     
          33  0.27134309973600718     
          34  0.26002823866140878     
          35  0.27682379746476060     
          36  0.11356406825517283     
          37  0.25034705419099529     
          38  0.23115234575874732     
          39  0.17371770897733974     
          40  0.23859361853498121     
          41  0.17552223823146557     
          42  0.18951162328765825     
          43  0.23992061615902363     
          44  0.22564808443923484     
          45  0.13058929443544970     
          46  0.20942982932410656     
          47  0.20564647258539684     
          48  0.21578884820329750     
          49  0.11684450266970843     
          50  0.14660083102706786     
          51  0.20351036958040672     
          52  0.18233551588499361     
          53  0.19153635643545761     
          54  0.15774786485108236     
          55  0.12898338948723004     
          56  0.12952800233909514     
          57  0.14396017053556356     
          58  0.13946299512502114     
          59  0.11011799620041327     
          60  0.14392693408762305     
          61  0.14529061217804207     
          62  0.16100517292428698     
          63  0.11288492098673000     
          64  0.11465884478985454     
          65  0.13159193861700000     
          66  0.11889737597765147     
          67   9.7635900675900056E-002
          68  0.13077340605572016     
          69  0.13006519641610820     
          70  0.11362656579164759     
          71  0.11555238314001595     
          72  0.12273179011547873     
          73  0.10151720963766296     
          74   8.3304687274953465E-002
          75   9.0741955253807460E-002
          76   6.3841292572777833E-002
          77   8.2346569576748227E-002
          78   5.2839021981300388E-002
          79   7.5518197492472308E-002
          80   6.3983591388454650E-002
          81   8.5103625193486021E-002
          82   6.8929428965407200E-002
          83   8.0922231085104449E-002
          84   7.7993306389729594E-002
          85   7.1788630093634509E-002
          86   5.4222237099433357E-002
          87   8.1129158860014566E-002
          88   9.0416714836206849E-002
          89   6.5568332529728102E-002
          90   6.7022104953689307E-002
          91   8.4504321952008216E-002
          92   6.6901048031443769E-002
          93   6.0984578337316360E-002
          94   5.3482613665461767E-002
          95   4.2717458158871104E-002
          96   5.2924488723755748E-002
          97   4.6917754408241884E-002
          98   5.4148457256801598E-002
          99   5.3769456854319525E-002
         100   5.5899358468811326E-002
         101   5.2585675190581584E-002
         102   6.4372351699390720E-002
         103   5.5048670019470856E-002
         104   6.4157793906454985E-002
         105   3.1396465786906198E-002
         106   4.7633171188939040E-002
         107   3.5778199585594549E-002
         108   4.9290269551689747E-002
         109   3.5808299806166413E-002
         110   3.2642948465217335E-002
         111   5.0557362624193643E-002
         112   3.9615676055914817E-002
         113   3.8932950625487843E-002
         114   4.0037436078891958E-002
         115   3.2177629312915929E-002
         116   2.6342708032035343E-002
         117   3.1696496755413840E-002
         118   3.1182988723717869E-002
         119   2.7292389271691787E-002
         120   3.6701284816150044E-002
         121   2.9644360672131415E-002
         122   2.3349688265071153E-002
         123   3.2355273911160165E-002
         124   2.7181017537028892E-002
         125   2.9304416861313506E-002
         126   2.6334160709767525E-002
         127   2.3528578994787570E-002
         128   2.2642716597879815E-002
         129   2.5616556226147946E-002
         130   2.1505990998058663E-002
         131   2.3474085504891527E-002
         132   1.9470029614702917E-002
         133   3.3053378633577483E-002
         134   2.1972190684006566E-002
         135   2.4710842535072691E-002
         136   1.8813921531039307E-002
         137   1.5561693935902687E-002
         138   1.4500837197207307E-002
         139   2.0425662259852689E-002
         140   1.8143858587393952E-002
         141   1.9104145664486986E-002
         142   1.4909659999326887E-002
         143   1.8564044322347890E-002
         144   1.8288363611158494E-002
         145   2.0314680700983859E-002
         146   2.0774746972133384E-002
         147   1.4976609070308598E-002
         148   1.6222747436271390E-002
         149   1.7801787604476014E-002
         150   1.2650255602366357E-002
         151   1.2830846355914886E-002
         152   1.5396146987054030E-002
         153   2.0599578112936386E-002
         154   1.3000082320017895E-002
         155   1.3160797803381289E-002
         156   1.3312768119678589E-002
         157   1.4769118202206931E-002
         158   8.5634822147311902E-003
         159   1.3768297688595081E-002
         160   9.2719997682812420E-003
         161   1.2216629275063770E-002
         162   1.5661046542595557E-002
         163   8.6154544656478500E-003
         164   1.1761546988419483E-002
         165   9.5924039902067996E-003
         166   9.7497957937314108E-003
         167   1.4194839015045611E-002
         168   1.5687891398893407E-002
         169   1.2461938750609828E-002
         170   9.6006562995348804E-003
         171   7.8417651892829648E-003
         172   6.6904783481705624E-003
         173   9.2549803159742011E-003
         174   4.9705244816959085E-003
         175   3.8763598328886181E-003
         176   7.6666251767117787E-003
         177   6.3160165677874384E-003
         178   8.5025321801455150E-003
         179   7.8977530266155765E-003
         180   7.8208599052909632E-003
         181   5.5660710297098679E-003
         182   8.1189115603015859E-003
         183   6.6303838165057269E-003
         184   6.5438103324699940E-003
         185   9.4821093867829605E-003
         186   5.9492784579459760E-003
         187   7.7022307155475969E-003
         188   5.8199747775002668E-003
         189   4.6536865658485553E-003
         190   8.9854978159677468E-003
         191   5.4246329078714087E-003
         192   6.4313771079056838E-003
         193   5.0972172206631928E-003
         194   3.7937181015057844E-003
         195   4.9988931774619305E-003
         196   4.9433671909628468E-003
         197   3.6709636840212192E-003
         198   3.0305799952729810E-003
         199   5.1992012211829666E-003
         200   4.9545146339420023E-003
         201   5.6853808868171417E-003
         202   2.9041827815255348E-003
         203   4.2273958184324808E-003
         204   2.8573992203191827E-003
         205   3.0177988126497378E-003
         206   4.8553490689014359E-003
         207   2.7687167912441055E-003
         208   3.1103557176550547E-003
         209   3.4491595305569090E-003
         210   4.6754031164117187E-003
         211   3.5594157807890929E-003
         212   2.6429007787913241E-003
         213   2.9693505239818509E-003
         214   4.3215054853520058E-003
         215   1.7113654426902365E-003
         216   4.4183451792496027E-003
         217   4.0391389863970867E-003
         218   2.6690865272307588E-003
         219   1.9792505708999893E-003
         220   4.5786848595537107E-003
         221   2.1069950212340345E-003
         222   2.4115435790556168E-003
         223   1.9156384670159974E-003
         224   2.6831010474953269E-003
         225   2.0378801363967556E-003
         226   2.3298528372023577E-003
         227   2.6131228600517896E-003
         228   1.0670764014753613E-003
         229   2.1189737493694633E-003
         230   2.3962506194324384E-003
         231   1.6358629214015025E-003
         232   1.0300527463547823E-003
         233   1.8981584931812619E-003
         234   2.1719255128370605E-003
         235   1.2903563790231127E-003
         236   5.6823158605643644E-004
         237   1.4082137479139703E-003
         238   1.8197589823961738E-003
         239   1.3861993837192097E-003
         240   2.8876499344565230E-003
         241   4.1014136256697220E-004
         242   9.4692414039985453E-004
         243   1.6102454389571778E-003
         244   1.1973683084058415E-003
         245   1.4508371801761580E-003
         246   1.6994456838598897E-003
         247   1.6894276606820178E-003
         248   1.6751863297951215E-003
         249   1.0234636363488829E-003
         250   8.8797884517205538E-004
         251   5.0328861892337388E-004
         252   7.4766959124572313E-004
         253   7.4412419860344302E-004
         254   9.8270490373225704E-004
         255   8.5363059530931744E-004
         256   9.6853925332621171E-004
         257   8.4070842201456253E-004
         258   3.5655188478036793E-004
         259   7.0953900266587211E-004
         260   8.1993206869347690E-004
         261   8.1511671401369079E-004
         262   5.7767988537655017E-004
         263   3.4437374118066158E-004
         264   9.0963248484676653E-004
         265   1.1294506834820764E-003
         266   5.5981335007732828E-004
         267   1.1119677199276420E-003
         268   3.3077594638921461E-004
         269   7.6579644330464582E-004
         270   9.7975506701272102E-004
         271   8.6387128330625118E-004
         272   3.2128804318637936E-004
         273   7.4557871135039308E-004
         274   6.3222787702532635E-004
         275   8.3880448891526761E-004
         276   2.0821489174727069E-004
         277   8.2425081648055483E-004
         278   8.2084448878868774E-004
         279   5.0929391296344753E-004
         280   4.0414030043971677E-004
         281   4.0194437607819528E-004
         282   1.9997517435768180E-004
         283   2.9665994278207008E-004
         284   4.9208491647794177E-004
         285   2.9278860734761853E-004
         286   4.8492140063899754E-004
         287   2.8900622264797066E-004
         288   7.6516345439450154E-004
         289   3.7964793317486170E-004
         290   2.8308266644764928E-004
         291   3.7409966090438664E-004
         292   0.0000000000000000E+000
         293   3.6872180177678751E-004
         294   9.1831625221762815E-004
         295   1.8237220965482302E-004
         296   3.6194550331473838E-004
         297   1.7975436516852163E-004
         298   5.3532788925644034E-004
         299   1.1529288621987175E-003
         300   6.1623833080326040E-004
         301   7.0026167865638866E-004
         302   0.0000000000000000E+000
         303   4.3225017026619331E-004
         304   2.5720627174694418E-004
         305   5.1117389434275151E-004
         306   2.5400321295260730E-004
         307   2.5250590636158982E-004
         308   1.6731982188602601E-004
         309   3.3244698225264415E-004
         310   5.7760299064904053E-004
         311   1.6393589993677130E-004
         312   1.6294381224770779E-004
         313   2.4320948971189767E-004
         314   3.2256654579432520E-004
         315   0.0000000000000000E+000
         316   1.5911897454951376E-004
         317   1.5825955325955886E-004
         318   7.8256105024315231E-005
         319   1.5565128631412936E-004
         320   1.5472092359088092E-004
         321   2.3109688318579690E-004
         322   7.6366748189951177E-005
         323   1.5214149250545122E-004
         324   5.2901365533952890E-004
         325   6.7626049622690932E-004
         326   2.9891536786089135E-004
         327   2.2262810103330829E-004
         328   2.9422078741602777E-004
         329   1.4683415649333390E-004
         330   1.4602247290144545E-004
         331   1.4512310290143164E-004
         332   1.4392490296905475E-004
         333   1.4346802246016830E-004
         334   7.1024185193905448E-005
         335   0.0000000000000000E+000
         336   7.0390359335809774E-005
         337   2.0935892246259447E-004
         338   0.0000000000000000E+000
         339   1.3842550357860334E-004
         340   0.0000000000000000E+000
         341   0.0000000000000000E+000
         342   0.0000000000000000E+000
         343   6.7462687268784809E-005
         344   0.0000000000000000E+000
         345   0.0000000000000000E+000
         346   1.3218408194989067E-004
         347   6.5981752342721383E-005
         348   6.5533478248520969E-005
         349   0.0000000000000000E+000
         350   0.0000000000000000E+000
         351   1.2891180857018883E-004
         352   1.2783490525688533E-004
         353   0.0000000000000000E+000
         354   0.0000000000000000E+000
         355   6.3069666906951594E-005
         356   0.0000000000000000E+000
         357   0.0000000000000000E+000
         358   1.2390046329025279E-004
         359   0.0000000000000000E+000
         360   6.1086529345680317E-005
         361   0.0000000000000000E+000
         362   0.0000000000000000E+000
         363   0.0000000000000000E+000
         364   1.1987726895043238E-004
         365   0.0000000000000000E+000
         366   2.3738502791135308E-004
         367   5.8901480735385579E-005
         368   5.8450987179286210E-005
         369   0.0000000000000000E+000
         370   5.7864243014748028E-005
         371   0.0000000000000000E+000
         372   0.0000000000000000E+000
         373   0.0000000000000000E+000
         374   0.0000000000000000E+000
         375   0.0000000000000000E+000
         376   0.0000000000000000E+000
         377   5.5831852006125693E-005
         378   0.0000000000000000E+000
         379   1.6612813241905077E-004
         380   0.0000000000000000E+000
         381   0.0000000000000000E+000
         382   0.0000000000000000E+000
         383   0.0000000000000000E+000
         384   0.0000000000000000E+000
         385   0.0000000000000000E+000
         386   0.0000000000000000E+000
         387   0.0000000000000000E+000
         388   0.0000000000000000E+000
         389   0.0000000000000000E+000
         390   0.0000000000000000E+000
         391   0.0000000000000000E+000
         392   0.0000000000000000E+000
         393   0.0000000000000000E+000
         394   0.0000000000000000E+000
         395   0.0000000000000000E+000
         396   0.0000000000000000E+000
         397   0.0000000000000000E+000
         398   0.0000000000000000E+000
         399   0.0000000000000000E+000
         400   0.0000000000000000E+000
         401   0.0000000000000000E+000
         402   0.0000000000000000E+000
         403   0.0000000000000000E+000
         404   0.0000000000000000E+000
         405   0.0000000000000000E+000
         406   0.0000000000000000E+000
         407   0.0000000000000000E+000
         408   0.0000000000000000E+000
         409   0.0000000000000000E+000
         410   0.0000000000000000E+000
         411   0.0000000000000000E+000
         412   0.0000000000000000E+000
         413   0.0000000000000000E+000
         414   0.0000000000000000E+000
         415   0.0000000000000000E+000
         416   0.0000000000000000E+000
         417   0.0000000000000000E+000
         418   0.0000000000000000E+000
         419   0.0000000000000000E+000
         420   0.0000000000000000E+000
         421   0.0000000000000000E+000
         422   0.0000000000000000E+000
         423   0.0000000000000000E+000
         424   0.0000000000000000E+000
         425   0.0000000000000000E+000
         426   0.0000000000000000E+000
         427   0.0000000000000000E+000
         428   0.0000000000000000E+000
         429   0.0000000000000000E+000
         430   0.0000000000000000E+000
         431   0.0000000000000000E+000
         432   0.0000000000000000E+000
         433   0.0000000000000000E+000
         434   0.0000000000000000E+000
         435   0.0000000000000000E+000
         436   0.0000000000000000E+000
         437   0.0000000000000000E+000
         438   0.0000000000000000E+000
         439   0.0000000000000000E+000
         440   0.0000000000000000E+000
         441   0.0000000000000000E+000
         442   0.0000000000000000E+000
         443   0.0000000000000000E+000
         444   0.0000000000000000E+000
         445   0.0000000000000000E+000
         446   0.0000000000000000E+000
         447   0.0000000000000000E+000
         448   0.0000000000000000E+000
         449   0.0000000000000000E+000
         450   0.0000000000000000E+000
         451   0.0000000000000000E+000
         452   0.0000000000000000E+000
         453   0.0000000000000000E+000
         454   0.0000000000000000E+000
         455   0.0000000000000000E+000
         456   0.0000000000000000E+000
         457   0.0000000000000000E+000
         458   0.0000000000000000E+000
         459   0.0000000000000000E+000
         460   0.0000000000000000E+000
         461   0.0000000000000000E+000
         462   0.0000000000000000E+000
         463   0.0000000000000000E+000
         464   0.0000000000000000E+000
         465   0.0000000000000000E+000
         466   0.0000000000000000E+000
         467   0.0000000000000000E+000
         468   0.0000000000000000E+000
         469   0.0000000000000000E+000
         470   0.0000000000000000E+000
         471   0.0000000000000000E+000
         472   0.0000000000000000E+000
         473   0.0000000000000000E+000
         474   0.0000000000000000E+000
         475   0.0000000000000000E+000
         476   0.0000000000000000E+000
         477   0.0000000000000000E+000
         478   0.0000000000000000E+000
         479   0.0000000000000000E+000
         480   0.0000000000000000E+000
         481   0.0000000000000000E+000
         482   0.0000000000000000E+000
         483   0.0000000000000000E+000
         484   0.0000000000000000E+000
         485   0.0000000000000000E+000
         486   0.0000000000000000E+000
         487   0.0000000000000000E+000
         488   0.0000000000000000E+000
         489   0.0000000000000000E+000
         490   0.0000000000000000E+000
         491   0.0000000000000000E+000
         492   0.0000000000000000E+000
         493   0.0000000000000000E+000
         494   0.0000000000000000E+000
         495   0.0000000000000000E+000
         496   0.0000000000000000E+000
         497   0.0000000000000000E+000
         498   0.0000000000000000E+000
         499   0.0000000000000000E+000
         500   0.0000000000000000E+000
         501   0.0000000000000000E+000
         502   0.0000000000000000E+000
         503   0.0000000000000000E+000
         504   0.0000000000000000E+000
         505   0.0000000000000000E+000
         506   0.0000000000000000E+000
         507   0.0000000000000000E+000
         508   0.0000000000000000E+000
         509   0.0000000000000000E+000
         510   0.0000000000000000E+000
         511   0.0000000000000000E+000
         512   0.0000000000000000E+000
         513   0.0000000000000000E+000
         514   0.0000000000000000E+000
         515   0.0000000000000000E+000
         516   0.0000000000000000E+000
         517   0.0000000000000000E+000
         518   0.0000000000000000E+000
         519   0.0000000000000000E+000
         520   0.0000000000000000E+000
         521   0.0000000000000000E+000
         522   0.0000000000000000E+000
         523   0.0000000000000000E+000
         524   0.0000000000000000E+000
         525   0.0000000000000000E+000
         526   0.0000000000000000E+000
         527   0.0000000000000000E+000
         528   0.0000000000000000E+000
         529   0.0000000000000000E+000
         530   0.0000000000000000E+000
         531   0.0000000000000000E+000
         532   0.0000000000000000E+000
         533   0.0000000000000000E+000
         534   0.0000000000000000E+000
         535   0.0000000000000000E+000
         536   0.0000000000000000E+000
         537   0.0000000000000000E+000
         538   0.0000000000000000E+000
         539   0.0000000000000000E+000
         540   0.0000000000000000E+000
         541   0.0000000000000000E+000
         542   0.0000000000000000E+000
         543   0.0000000000000000E+000
         544   0.0000000000000000E+000
         545   0.0000000000000000E+000
         546   0.0000000000000000E+000
         547   0.0000000000000000E+000
         548   0.0000000000000000E+000
         549   0.0000000000000000E+000
         550   0.0000000000000000E+000
         551   0.0000000000000000E+000
         552   0.0000000000000000E+000
         553   0.0000000000000000E+000
         554   0.0000000000000000E+000
         555   0.0000000000000000E+000
         556   0.0000000000000000E+000
         557   0.0000000000000000E+000
         558   0.0000000000000000E+000
         559   0.0000000000000000E+000
         560   0.0000000000000000E+000
         561   0.0000000000000000E+000
         562   0.0000000000000000E+000
         563   0.0000000000000000E+000
         564   0.0000000000000000E+000
         565   0.0000000000000000E+000
         566   0.0000000000000000E+000
         567   0.0000000000000000E+000
         568   0.0000000000000000E+000
         569   0.0000000000000000E+000
         570   0.0000000000000000E+000
         571   0.0000000000000000E+000
         572   0.0000000000000000E+000
         573   0.0000000000000000E+000
         574   0.0000000000000000E+000
         575   0.0000000000000000E+000
         576   0.0000000000000000E+000
         577   0.0000000000000000E+000
         578   0.0000000000000000E+000
         579   0.0000000000000000E+000
         580   0.0000000000000000E+000
         581   0.0000000000000000E+000
         582   0.0000000000000000E+000
         583   0.0000000000000000E+000
         584   0.0000000000000000E+000
         585   0.0000000000000000E+000
         586   0.0000000000000000E+000
         587   0.0000000000000000E+000
         588   0.0000000000000000E+000
         589   0.0000000000000000E+000
         590   0.0000000000000000E+000
         591   0.0000000000000000E+000
         592   0.0000000000000000E+000
         593   0.0000000000000000E+000
         594   0.0000000000000000E+000
         595   0.0000000000000000E+000
         596   0.0000000000000000E+000
         597   0.0000000000000000E+000
         598   0.0000000000000000E+000
         599   0.0000000000000000E+000
         600   0.0000000000000000E+000
         601   0.0000000000000000E+000
         602   0.0000000000000000E+000
         603   0.0000000000000000E+000
         604   0.0000000000000000E+000
         605   0.0000000000000000E+000
         606   0.0000000000000000E+000
         607   0.0000000000000000E+000
         608   0.0000000000000000E+000
         609   0.0000000000000000E+000
         610   0.0000000000000000E+000
         611   0.0000000000000000E+000
         612   0.0000000000000000E+000
         613   0.0000000000000000E+000
         614   0.0000000000000000E+000
         615   0.0000000000000000E+000
         616   0.0000000000000000E+000
         617   0.0000000000000000E+000
         618   0.0000000000000000E+000
         619   0.0000000000000000E+000
         620   0.0000000000000000E+000
         621   0.0000000000000000E+000
         622   0.0000000000000000E+000
         623   0.0000000000000000E+000
         624   0.0000000000000000E+000
         625   0.0000000000000000E+000
         626   0.0000000000000000E+000
         627   0.0000000000000000E+000
         628   0.0000000000000000E+000
         629   0.0000000000000000E+000
         630   0.0000000000000000E+000
         631   0.0000000000000000E+000
         632   0.0000000000000000E+000
         633   0.0000000000000000E+000
         634   0.0000000000000000E+000
         635   0.0000000000000000E+000
         636   0.0000000000000000E+000
         637   0.0000000000000000E+000
         638   0.0000000000000000E+000
         639   0.0000000000000000E+000
         640   0.0000000000000000E+000
         641   0.0000000000000000E+000
         642   0.0000000000000000E+000
         643   0.0000000000000000E+000
         644   0.0000000000000000E+000
         645   0.0000000000000000E+000
         646   0.0000000000000000E+000
         647   0.0000000000000000E+000
         648   0.0000000000000000E+000
         649   0.0000000000000000E+000
         650   0.0000000000000000E+000
         651   0.0000000000000000E+000
         652   0.0000000000000000E+000
         653   0.0000000000000000E+000
         654   0.0000000000000000E+000
         655   0.0000000000000000E+000
         656   0.0000000000000000E+000
         657   0.0000000000000000E+000
         658   0.0000000000000000E+000
         659   0.0000000000000000E+000
         660   0.0000000000000000E+000
         661   0.0000000000000000E+000
         662   0.0000000000000000E+000
         663   0.0000000000000000E+000
         664   0.0000000000000000E+000
         665   0.0000000000000000E+000
         666   0.0000000000000000E+000
         667   0.0000000000000000E+000
         668   0.0000000000000000E+000
         669   0.0000000000000000E+000
         670   0.0000000000000000E+000
         671   0.0000000000000000E+000
         672   0.0000000000000000E+000
         673   0.0000000000000000E+000
         674   0.0000000000000000E+000
         675   0.0000000000000000E+000
         676   0.0000000000000000E+000
         677   0.0000000000000000E+000
         678   0.0000000000000000E+000
         679   0.0000000000000000E+000
         680   0.0000000000000000E+000
         681   0.0000000000000000E+000
         682   0.0000000000000000E+000
         683   0.0000000000000000E+000
         684   0.0000000000000000E+000
         685   0.0000000000000000E+000
         686   0.0000000000000000E+000
         687   0.0000000000000000E+000
         688   0.0000000000000000E+000
         689   0.0000000000000000E+000
         690   0.0000000000000000E+000
         691   0.0000000000000000E+000
         692   0.0000000000000000E+000
         693   0.0000000000000000E+000
         694   0.0000000000000000E+000
         695   0.0000000000000000E+000
         696   0.0000000000000000E+000
         697   0.0000000000000000E+000
         698   0.0000000000000000E+000
         699   0.0000000000000000E+000
         700   0.0000000000000000E+000
         701   0.0000000000000000E+000
         702   0.0000000000000000E+000
         703   0.0000000000000000E+000
         704   0.0000000000000000E+000
         705   0.0000000000000000E+000
         706   0.0000000000000000E+000
         707   0.0000000000000000E+000
         708   0.0000000000000000E+000
         709   0.0000000000000000E+000
         710   0.0000000000000000E+000
         711   0.0000000000000000E+000
         712   0.0000000000000000E+000
         713   0.0000000000000000E+000
         714   0.0000000000000000E+000
         715   0.0000000000000000E+000
         716   0.0000000000000000E+000
         717   0.0000000000000000E+000
         718   0.0000000000000000E+000
         719   0.0000000000000000E+000
         720   0.0000000000000000E+000
         721   0.0000000000000000E+000
         722   0.0000000000000000E+000
         723   0.0000000000000000E+000
         724   0.0000000000000000E+000
         725   0.0000000000000000E+000
         726   0.0000000000000000E+000
         727   0.0000000000000000E+000
         728   0.0000000000000000E+000
         729   0.0000000000000000E+000
         730   0.0000000000000000E+000
         731   0.0000000000000000E+000
         732   0.0000000000000000E+000
         733   0.0000000000000000E+000
         734   0.0000000000000000E+000
         735   0.0000000000000000E+000
         736   0.0000000000000000E+000
         737   0.0000000000000000E+000
         738   0.0000000000000000E+000
         739   0.0000000000000000E+000
         740   0.0000000000000000E+000
         741   0.0000000000000000E+000
         742   0.0000000000000000E+000
         743   0.0000000000000000E+000
         744   0.0000000000000000E+000
         745   0.0000000000000000E+000
         746   0.0000000000000000E+000
         747   0.0000000000000000E+000
         748   0.0000000000000000E+000
         749   0.0000000000000000E+000
         750   0.0000000000000000E+000
         751   0.0000000000000000E+000
         752   0.0000000000000000E+000
         753   0.0000000000000000E+000
         754   0.0000000000000000E+000
         755   0.0000000000000000E+000
         756   0.0000000000000000E+000
         757   0.0000000000000000E+000
         758   0.0000000000000000E+000
         759   0.0000000000000000E+000
         760   0.0000000000000000E+000
         761   0.0000000000000000E+000
         762   0.0000000000000000E+000
         763   0.0000000000000000E+000
         764   0.0000000000000000E+000
         765   0.0000000000000000E+000
         766   0.0000000000000000E+000
         767   0.0000000000000000E+000
         768   0.0000000000000000E+000
         769   0.0000000000000000E+000
         770   0.0000000000000000E+000
         771   0.0000000000000000E+000
         772   0.0000000000000000E+000
         773   0.0000000000000000E+000
         774   0.0000000000000000E+000
         775   0.0000000000000000E+000
         776   0.0000000000000000E+000
         777   0.0000000000000000E+000
         778   0.0000000000000000E+000
         779   0.0000000000000000E+000
         780   0.0000000000000000E+000
         781   0.0000000000000000E+000
         782   0.0000000000000000E+000
         783   0.0000000000000000E+000
         784   0.0000000000000000E+000
         785   0.0000000000000000E+000
         786   0.0000000000000000E+000
         787   0.0000000000000000E+000
         788   0.0000000000000000E+000
         789   0.0000000000000000E+000
         790   0.0000000000000000E+000
         791   0.0000000000000000E+000
         792   0.0000000000000000E+000
         793   0.0000000000000000E+000
         794   0.0000000000000000E+000
         795   0.0000000000000000E+000
         796   0.0000000000000000E+000
         797   0.0000000000000000E+000
         798   0.0000000000000000E+000
         799   0.0000000000000000E+000
         800   0.0000000000000000E+000
         801   0.0000000000000000E+000
         802   0.0000000000000000E+000
         803   0.0000000000000000E+000
         804   0.0000000000000000E+000
         805   0.0000000000000000E+000
         806   0.0000000000000000E+000
         807   0.0000000000000000E+000
         808   0.0000000000000000E+000
         809   0.0000000000000000E+000
         810   0.0000000000000000E+000
         811   0.0000000000000000E+000
         812   0.0000000000000000E+000
         813   0.0000000000000000E+000
         814   0.0000000000000000E+000
         815   0.0000000000000000E+000
         816   0.0000000000000000E+000
         817   0.0000000000000000E+000
         818   0.0000000000000000E+000
         819   0.0000000000000000E+000
         820   0.0000000000000000E+000
         821   0.0000000000000000E+000
         822   0.0000000000000000E+000
         823   0.0000000000000000E+000
         824   0.0000000000000000E+000
         825   0.0000000000000000E+000
         826   0.0000000000000000E+000
         827   0.0000000000000000E+000
         828   0.0000000000000000E+000
         829   0.0000000000000000E+000
         830   0.0000000000000000E+000
         831   0.0000000000000000E+000
         832   0.0000000000000000E+000
         833   0.0000000000000000E+000
         834   0.0000000000000000E+000
         835   0.0000000000000000E+000
         836   0.0000000000000000E+000
         837   0.0000000000000000E+000
         838   0.0000000000000000E+000
         839   0.0000000000000000E+000
         840   0.0000000000000000E+000
         841   0.0000000000000000E+000
         842   0.0000000000000000E+000
         843   0.0000000000000000E+000
         844   0.0000000000000000E+000
         845   0.0000000000000000E+000
         846   0.0000000000000000E+000
         847   0.0000000000000000E+000
         848   0.0000000000000000E+000
         849   0.0000000000000000E+000
         850   0.0000000000000000E+000
         851   0.0000000000000000E+000
         852   0.0000000000000000E+000
         853   0.0000000000000000E+000
         854   0.0000000000000000E+000
         855   0.0000000000000000E+000
         856   0.0000000000000000E+000
         857   0.0000000000000000E+000
         858   0.0000000000000000E+000
         859   0.0000000000000000E+000
         860   0.0000000000000000E+000
         861   0.0000000000000000E+000
         862   0.0000000000000000E+000
         863   0.0000000000000000E+000
         864   0.0000000000000000E+000
         865   0.0000000000000000E+000
         866   0.0000000000000000E+000
         867   0.0000000000000000E+000
         868   0.0000000000000000E+000
         869   0.0000000000000000E+000
         870   0.0000000000000000E+000
         871   0.0000000000000000E+000
         872   0.0000000000000000E+000
         873   0.0000000000000000E+000
         874   0.0000000000000000E+000
         875   0.0000000000000000E+000
         876   0.0000000000000000E+000
         877   0.0000000000000000E+000
         878   0.0000000000000000E+000
         879   0.0000000000000000E+000
         880   0.0000000000000000E+000
         881   0.0000000000000000E+000
         882   0.0000000000000000E+000
         883   0.0000000000000000E+000
         884   0.0000000000000000E+000
         885   0.0000000000000000E+000
         886   0.0000000000000000E+000
         887   0.0000000000000000E+000
         888   0.0000000000000000E+000
         889   0.0000000000000000E+000
         890   0.0000000000000000E+000
         891   0.0000000000000000E+000
         892   0.0000000000000000E+000
         893   0.0000000000000000E+000
         894   0.0000000000000000E+000
         895   0.0000000000000000E+000
         896   0.0000000000000000E+000
         897   0.0000000000000000E+000
         898   0.0000000000000000E+000
         899   0.0000000000000000E+000
         900   0.0000000000000000E+000
         901   0.0000000000000000E+000
         902   0.0000000000000000E+000
         903   0.0000000000000000E+000
         904   0.0000000000000000E+000
         905   0.0000000000000000E+000
         906   0.0000000000000000E+000
         907   0.0000000000000000E+000
         908   0.0000000000000000E+000
         909   0.0000000000000000E+000
         910   0.0000000000000000E+000
         911   0.0000000000000000E+000
         912   0.0000000000000000E+000
         913   0.0000000000000000E+000
         914   0.0000000000000000E+000
         915   0.0000000000000000E+000
         916   0.0000000000000000E+000
         917   0.0000000000000000E+000
         918   0.0000000000000000E+000
         919   0.0000000000000000E+000
         920   0.0000000000000000E+000
         921   0.0000000000000000E+000
         922   0.0000000000000000E+000
         923   0.0000000000000000E+000
         924   0.0000000000000000E+000
         925   0.0000000000000000E+000
         926   0.0000000000000000E+000
         927   0.0000000000000000E+000
         928   0.0000000000000000E+000
         929   0.0000000000000000E+000
         930   0.0000000000000000E+000
         931   0.0000000000000000E+000
         932   0.0000000000000000E+000
         933   0.0000000000000000E+000
         934   0.0000000000000000E+000
         935   0.0000000000000000E+000
         936   0.0000000000000000E+000
         937   0.0000000000000000E+000
         938   0.0000000000000000E+000
         939   0.0000000000000000E+000
         940   0.0000000000000000E+000
         941   0.0000000000000000E+000
         942   0.0000000000000000E+000
         943   0.0000000000000000E+000
         944   0.0000000000000000E+000
         945   0.0000000000000000E+000
         946   0.0000000000000000E+000
         947   0.0000000000000000E+000
         948   0.0000000000000000E+000
         949   0.0000000000000000E+000
         950   0.0000000000000000E+000
         951   0.0000000000000000E+000
         952   0.0000000000000000E+000
         953   0.0000000000000000E+000
         954   0.0000000000000000E+000
         955   0.0000000000000000E+000
         956   0.0000000000000000E+000
         957   0.0000000000000000E+000
         958   0.0000000000000000E+000
         959   0.0000000000000000E+000
         960   0.0000000000000000E+000
         961   0.0000000000000000E+000
         962   0.0000000000000000E+000
         963   0.0000000000000000E+000
         964   0.0000000000000000E+000
         965   0.0000000000000000E+000
         966   0.0000000000000000E+000
         967   0.0000000000000000E+000
         968   0.0000000000000000E+000
         969   0.0000000000000000E+000
         970   0.0000000000000000E+000
         971   0.0000000000000000E+000
         972   0.0000000000000000E+000
         973   0.0000000000000000E+000
         974   0.0000000000000000E+000
         975   0.0000000000000000E+000
         976   0.0000000000000000E+000
         977   0.0000000000000000E+000
         978   0.0000000000000000E+000
         979   0.0000000000000000E+000
         980   0.0000000000000000E+000
         981   0.0000000000000000E+000
         982   0.0000000000000000E+000
         983   0.0000000000000000E+000
         984   0.0000000000000000E+000
         985   0.0000000000000000E+000
         986   0.0000000000000000E+000
         987   0.0000000000000000E+000
         988   0.0000000000000000E+000
         989   0.0000000000000000E+000
         990   0.0000000000000000E+000
         991   0.0000000000000000E+000
         992   0.0000000000000000E+000
         993   0.0000000000000000E+000
         994   0.0000000000000000E+000
         995   0.0000000000000000E+000
         996   0.0000000000000000E+000
         997   0.0000000000000000E+000
         998   0.0000000000000000E+000
         999   0.0000000000000000E+000
        1000   0.0000000000000000E+000
