           1   0.0000000000000000E+000
           2   0.0000000000000000E+000
           3   0.0000000000000000E+000
           4   0.0000000000000000E+000
           5   0.0000000000000000E+000
           6  0.19114389006716365     
           7  0.25166202988140474     
           8  0.11322823313406857     
           9  0.76098823381776115     
          10   0.0000000000000000E+000
          11  0.42186382107259979     
          12  0.26095566684826854     
          13   9.1060929257388651E-002
          14  0.19875283148535011     
          15  0.26769383285487663     
          16  0.11552020178305088     
          17  0.15725263702897030     
          18  0.25624272921408719     
          19   8.4470776083877611E-002
          20  0.16622862499834176     
          21  0.20390903376096148     
          22   7.6497153705913118E-002
          23  0.22923093849282519     
          24   6.7499722979563775E-002
          25  0.16954329361012466     
          26  0.15948719564881428     
          27  0.11457101302703759     
          28  0.15793303542066539     
          29  0.12711916450372976     
          30  0.17942078266085704     
          31  0.21620585004224391     
          32  0.26322157932861090     
          33   7.0917149746608982E-002
          34  0.13434497537813314     
          35  0.11985320428191648     
          36  0.11289043923849501     
          37  0.16369011291465260     
          38  0.17141768234093344     
          39  0.13305854103874648     
          40  0.18926943111143493     
          41  0.11997949750270234     
          42  0.20752378843325428     
          43  0.13916384519415570     
          44  0.14055411156699232     
          45   9.5959766087131609E-002
          46  0.13639612567359510     
          47  0.14524938381620492     
          48   8.1530905287004435E-002
          49  0.12335605061879744     
          50  0.10890447216470199     
          51  0.13500054737365888     
          52  0.10979349695873196     
          53   9.1622799063017069E-002
          54  0.11788379140221086     
          55  0.10879357958485510     
          56  0.14683525566186775     
          57   7.2200732703335740E-002
          58   7.6772760070601617E-002
          59   9.6601843263312698E-002
          60  0.10429886553238617     
          61   8.8606427403798635E-002
          62   7.3158674465738038E-002
          63   8.4751559175004224E-002
          64   9.5520680241475767E-002
          65   7.6141422248919177E-002
          66   8.6146807967881281E-002
          67  0.10466195322565482     
          68   6.0804898830438756E-002
          69   6.7282411159148958E-002
          70   6.5695468485001490E-002
          71   8.5637290814158884E-002
          72   5.7615476222033099E-002
          73   4.8551879977096563E-002
          74  0.10191707091421198     
          75   5.1693875132017834E-002
          76   6.6667186136404016E-002
          77   6.0962054803435466E-002
          78   7.4860727086313597E-002
          79   6.8090761129496580E-002
          80   8.2215968991822333E-002
          81   4.7877444906599426E-002
          82   6.0775806255761622E-002
          83   5.3632832828587253E-002
          84   7.9155174249298743E-002
          85   6.7379960457700436E-002
          86   7.3482904745994976E-002
          87   5.5941480526174280E-002
          88   5.1840829012685968E-002
          89   4.9597007947912344E-002
          90   6.9006035215702477E-002
          91   5.9011580175375652E-002
          92   6.8791017901365298E-002
          93   6.2856322746747031E-002
          94   6.5023438131827233E-002
          95   5.0650181030005265E-002
          96   3.6693128172596352E-002
          97   4.0977739035692733E-002
          98   5.5736050100222735E-002
          99   5.4639228658665856E-002
         100   4.4891973436638852E-002
         101   4.1768962368063663E-002
         102   3.6325538967403703E-002
         103   3.9432378534077897E-002
         104   3.7867439972289627E-002
         105   4.2952377835535002E-002
         106   4.1372771047195438E-002
         107   4.7522530711369484E-002
         108   3.3772155819691750E-002
         109   4.2477005976368949E-002
         110   3.2605270436291099E-002
         111   3.2625575144674096E-002
         112   3.5864716958413284E-002
         113   3.8875003978857209E-002
         114   4.7313658611175279E-002
         115   2.4458750294682155E-002
         116   2.4010502253121662E-002
         117   2.9991334923180523E-002
         118   3.6299853286508463E-002
         119   3.0112514180298991E-002
         120   2.4069459347885118E-002
         121   3.0205646420770803E-002
         122   3.5001848380489010E-002
         123   2.1887406524931867E-002
         124   2.7213740777686100E-002
         125   2.1733892492397475E-002
         126   2.8367798091026259E-002
         127   2.3505185689027760E-002
         128   2.2643643117161712E-002
         129   1.7098945772213214E-002
         130   1.7780115479236958E-002
         131   2.8556992478629219E-002
         132   2.2217536141052853E-002
         133   1.9644744671942372E-002
         134   2.5945143100784780E-002
         135   2.6456061309252477E-002
         136   1.9651978016299837E-002
         137   1.8073031410611264E-002
         138   2.8244125956325257E-002
         139   1.7996681193055596E-002
         140   2.3409749642218258E-002
         141   1.7879974373079064E-002
         142   1.6057113210862506E-002
         143   2.2030026344707167E-002
         144   1.5610220614232586E-002
         145   1.8023400173549888E-002
         146   1.8163772512214234E-002
         147   1.5354131913112141E-002
         148   1.6606147166897314E-002
         149   1.7459670303679637E-002
         150   2.0050767144884931E-002
         151   1.4912021470408363E-002
         152   1.1625958469729860E-002
         153   1.1814456351183710E-002
         154   1.4669726330624081E-002
         155   1.2511230569490927E-002
         156   1.4616533598939708E-002
         157   1.0904835136814455E-002
         158   1.1401932258908658E-002
         159   2.0642785528527937E-002
         160   1.8548837721819394E-002
         161   1.1582499298727539E-002
         162   1.0855742907232780E-002
         163   1.4592144452429741E-002
         164   1.0289889695282413E-002
         165   1.2192293719586892E-002
         166   9.4747176388137021E-003
         167   1.1617583041787328E-002
         168   1.0627207045625810E-002
         169   1.2187516716794012E-002
         170   8.7507595993589048E-003
         171   8.3909357921293001E-003
         172   9.0914567237342560E-003
         173   1.0563243495415136E-002
         174   6.0150061789924960E-003
         175   9.5558804410357506E-003
         176   8.4343286644569283E-003
         177   7.0745306446517130E-003
         178   6.2432848666173759E-003
         179   6.9069246063749208E-003
         180   8.5457614304470658E-003
         181   9.4212958075648324E-003
         182   7.1705744165808469E-003
         183   7.3215322762425440E-003
         184   9.3477503461196609E-003
         185   8.0950908716797953E-003
         186   5.4905860369559899E-003
         187   7.4731231146332377E-003
         188   8.2833605857302421E-003
         189   5.7594520729434993E-003
         190   3.2920290688035173E-003
         191   7.3800876123628232E-003
         192   6.4427546930766770E-003
         193   4.6779425774768285E-003
         194   5.8797571034110594E-003
         195   6.0339306465227970E-003
         196   7.2073680787649039E-003
         197   5.1001653309252501E-003
         198   3.2322230607361754E-003
         199   5.3951185946740626E-003
         200   3.9577827226743951E-003
         201   6.0778511997075409E-003
         202   4.8492310775379759E-003
         203   4.8032516907947380E-003
         204   3.2372379145611495E-003
         205   4.7109248435350413E-003
         206   5.7841506798157203E-003
         207   7.0208820778513556E-003
         208   5.1243966201105990E-003
         209   4.5288568665297173E-003
         210   4.8527989610745986E-003
         211   3.2052202815721115E-003
         212   3.8798855902278744E-003
         213   4.1908475409741389E-003
         214   3.2872614905113699E-003
         215   4.7998785587188625E-003
         216   3.7286231138622780E-003
         217   3.8702231527248609E-003
         218   2.8316441268802775E-003
         219   2.9749532164180391E-003
         220   2.4532752660274609E-003
         221   2.5961955521448016E-003
         222   3.7014602328079532E-003
         223   5.0965576339085791E-003
         224   2.8435352365860180E-003
         225   3.2836037108387181E-003
         226   2.7889595491540596E-003
         227   3.5373253850105131E-003
         228   3.3516011457055553E-003
         229   2.7197426549151358E-003
         230   2.6972519091834029E-003
         231   1.4807483228849870E-003
         232   2.7932552335669133E-003
         233   3.0637293570774217E-003
         234   2.4604965665235307E-003
         235   2.5817252343300142E-003
         236   2.8443154952895698E-003
         237   9.8790233363012822E-004
         238   4.6172817147577304E-003
         239   2.7742244330623412E-003
         240   3.7146928543291369E-003
         241   1.3644378837411940E-003
         242   3.3838301875000623E-003
         243   2.5467201452189460E-003
         244   3.9941593458357703E-003
         245   3.4351205883329156E-003
         246   2.2258397621662952E-003
         247   2.4677453713143741E-003
         248   2.4503681860258003E-003
         249   7.6675316712008026E-004
         250   2.7892788929673039E-003
         251   2.2660210550636594E-003
         252   3.1225056794919282E-003
         253   1.2386968964436809E-003
         254   2.8276498773836950E-003
         255   1.4621395726052326E-003
         256   2.2948331344219653E-003
         257   2.4000533056621641E-003
         258   1.5498988575704427E-003
         259   2.3644827146883179E-003
         260   1.8783263195580623E-003
         261   1.7459481598464364E-003
         262   1.3863284700139247E-003
         263   1.8344327897271513E-003
         264   2.1608246233451355E-003
         265   1.5787143079097009E-003
         266   2.2397565811991052E-003
         267   2.3357501714495435E-003
         268   1.5439718363580220E-003
         269   1.0969154009413580E-003
         270   2.0659519968794487E-003
         271   1.5140240023148405E-003
         272   9.6428787831297083E-004
         273   9.5699362706060716E-004
         274   1.0562305476533610E-003
         275   1.7829364105032205E-003
         276   1.6642376092945999E-003
         277   1.5504995283842312E-003
         278   1.2305593327169035E-003
         279   1.5291083890154504E-003
         280   1.5178047601962380E-003
         281   1.6088999291854595E-003
         282   8.9718726470570671E-004
         283   9.9137750253124935E-004
         284   5.8921384945447583E-004
         285   1.1712027452730304E-003
         286   1.2600478298990764E-003
         287   1.5416405368747620E-003
         288   9.5572929649666901E-004
         289   1.0436493357843129E-003
         290   8.4936981346670154E-004
         291   8.4227768164685430E-004
         292   1.2087833145625357E-003
         293   7.3871963837097261E-004
         294   4.5842306269395258E-004
         295   7.2974231141694087E-004
         296   1.8108895008183271E-003
         297   5.3963448225740241E-004
         298   5.3552619393217775E-004
         299   1.2424561183048428E-003
         300   7.0485664754365738E-004
         301   1.4009824874873017E-003
         302   6.0891596337358015E-004
         303   2.5897266071275160E-004
         304   7.7123306921936751E-004
         305   8.5168127920775747E-004
         306   3.3916221944131148E-004
         307   8.4194267626922783E-004
         308   1.3378725233568565E-003
         309   7.4707496175393791E-004
         310   7.4261439685349500E-004
         311   7.3786081268110905E-004
         312   3.2598627203523294E-004
         313   6.4875119385939093E-004
         314   8.8583115087885196E-004
         315   3.2021828461257324E-004
         316   3.1737180756886621E-004
         317   3.9426327244590828E-004
         318   7.0562462836004311E-004
         319   3.8973644050977353E-004
         320   5.4192241006341066E-004
         321   8.4567441881371649E-004
         322   3.8288883161763512E-004
         323   1.5201868549190607E-004
         324   3.7741253844103881E-004
         325   2.2551333463671823E-004
         326   2.9825425789813511E-004
         327   3.7115382560373055E-004
         328   2.2111600919118713E-004
         329   5.8610192159829465E-004
         330   3.6401781752965661E-004
         331   2.1738259939744800E-004
         332   3.5968638872183961E-004
         333   7.8635169517024886E-004
         334   7.1094414875427173E-004
         335   4.9531154978447046E-004
         336   2.8101133976522280E-004
         337   2.7945404359068076E-004
         338   2.7779761461677689E-004
         339   2.0700585056291669E-004
         340   4.1137175248230433E-004
         341   6.8404300820032151E-005
         342   2.0309189361234262E-004
         343   4.0466922139989394E-004
         344   4.0233174605426239E-004
         345   4.6683757656172854E-004
         346   2.6482354671940019E-004
         347   1.3167935656616478E-004
         348   3.2755150277337261E-004
         349   1.9519813895513334E-004
         350   1.9451335263466366E-004
         351   0.0000000000000000E+000
         352   3.8433113598633435E-004
         353   3.8152126418596218E-004
         354   0.0000000000000000E+000
         355   6.3093006329211163E-005
         356   3.1272817643708734E-004
         357   4.9840479610680963E-004
         358   2.4758377130999960E-004
         359   3.6961578436159299E-004
         360   6.1187470327588706E-005
         361   3.0447457294701784E-004
         362   2.4216149589702122E-004
         363   1.2021902673342507E-004
         364   7.7873688784683038E-004
         365   1.7839565418658040E-004
         366   1.7776153366828756E-004
         367   5.8802487297824478E-005
         368   0.0000000000000000E+000
         369   2.9148748988265581E-004
         370   5.2179165667885655E-004
         371   2.8854511972146768E-004
         372   2.2936355903080318E-004
         373   1.7086309797305978E-004
         374   2.2669356284353342E-004
         375   1.1290090827582493E-004
         376   3.9299331490816563E-004
         377   5.5739344290536438E-005
         378   1.1096788087047626E-004
         379   2.2114420625258258E-004
         380   0.0000000000000000E+000
         381   2.1890419116826112E-004
         382   5.4415841711158021E-005
         383   2.1681378651403272E-004
         384   2.1525923330500531E-004
         385   1.6032785308549798E-004
         386   3.1951580872629576E-004
         387   3.1856117326899749E-004
         388   1.5812259676878151E-004
         389   5.2367837967600686E-005
         390   1.0430021937292468E-004
         391   5.1973569868951119E-005
         392   1.0331643262996171E-004
         393   1.5389068683711234E-004
         394   1.0216316376357184E-004
         395   1.0192727337173801E-004
         396   2.0245573615157756E-004
         397   5.0389667352915166E-005
         398   1.0023323005261968E-004
         399   9.9652942642179104E-005
         400   2.4809402933409486E-004
         401   9.8754028239525922E-005
         402   9.8279442564852575E-005
         403   1.4688752996354907E-004
         404   4.8522277428559388E-005
         405   4.8377259302224713E-005
         406   1.9274837179092803E-004
         407   0.0000000000000000E+000
         408   1.9078358576171383E-004
         409   3.7952135331870937E-004
         410   0.0000000000000000E+000
         411   4.7071997290835076E-005
         412   4.6697082696268091E-005
         413   0.0000000000000000E+000
         414   0.0000000000000000E+000
         415   9.2119726341128482E-005
         416   0.0000000000000000E+000
         417   0.0000000000000000E+000
         418   0.0000000000000000E+000
         419   4.5210230531279337E-005
         420   0.0000000000000000E+000
         421   8.9743259703951687E-005
         422   0.0000000000000000E+000
         423   1.3319629851352171E-004
         424   0.0000000000000000E+000
         425   0.0000000000000000E+000
         426   4.3746569103832972E-005
         427   8.7087189580359916E-005
         428   0.0000000000000000E+000
         429   1.2933539275814752E-004
         430   4.2929591064197046E-005
         431   1.7092774261190868E-004
         432   4.2628252322717230E-005
         433   0.0000000000000000E+000
         434   0.0000000000000000E+000
         435   0.0000000000000000E+000
         436   1.2528094256758032E-004
         437   4.1534311409094386E-005
         438   4.1373759377458354E-005
         439   0.0000000000000000E+000
         440   0.0000000000000000E+000
         441   0.0000000000000000E+000
         442   0.0000000000000000E+000
         443   0.0000000000000000E+000
         444   0.0000000000000000E+000
         445   4.0137987773944045E-005
         446   0.0000000000000000E+000
         447   0.0000000000000000E+000
         448   7.8972036431618724E-005
         449   3.9346315786924827E-005
         450   7.8483251936337176E-005
         451   3.9017691811852626E-005
         452   0.0000000000000000E+000
         453   0.0000000000000000E+000
         454   3.8496298993018311E-005
         455   3.8404328365691463E-005
         456   0.0000000000000000E+000
         457   3.8027865763604959E-005
         458   0.0000000000000000E+000
         459   0.0000000000000000E+000
         460   3.7584058954477196E-005
         461   1.1226659137155542E-004
         462   0.0000000000000000E+000
         463   0.0000000000000000E+000
         464   0.0000000000000000E+000
         465   7.3339265996455788E-005
         466   0.0000000000000000E+000
         467   0.0000000000000000E+000
         468   0.0000000000000000E+000
         469   0.0000000000000000E+000
         470   3.5927144788240008E-005
         471   0.0000000000000000E+000
         472   0.0000000000000000E+000
         473   0.0000000000000000E+000
         474   3.5326386393899373E-005
         475   0.0000000000000000E+000
         476   0.0000000000000000E+000
         477   0.0000000000000000E+000
         478   0.0000000000000000E+000
         479   0.0000000000000000E+000
         480   1.0328376584546272E-004
         481   3.4279167086765283E-005
         482   0.0000000000000000E+000
         483   3.4024847949061381E-005
         484   0.0000000000000000E+000
         485   0.0000000000000000E+000
         486   0.0000000000000000E+000
         487   0.0000000000000000E+000
         488   0.0000000000000000E+000
         489   3.3229307702643831E-005
         490   3.3070961230782972E-005
         491   3.2896705150744095E-005
         492   0.0000000000000000E+000
         493   3.2649329729372453E-005
         494   3.2552310720053598E-005
         495   0.0000000000000000E+000
         496   0.0000000000000000E+000
         497   0.0000000000000000E+000
         498   0.0000000000000000E+000
         499   0.0000000000000000E+000
         500   3.1752698293104055E-005
         501   3.1688038212078194E-005
         502   0.0000000000000000E+000
         503   0.0000000000000000E+000
         504   9.3804876573050337E-005
         505   0.0000000000000000E+000
         506   3.1049180053230342E-005
         507   0.0000000000000000E+000
         508   0.0000000000000000E+000
         509   0.0000000000000000E+000
         510   0.0000000000000000E+000
         511   6.0833357290501633E-005
         512   3.0258414246790537E-005
         513   3.0147906520225216E-005
         514   3.0056250887111567E-005
         515   1.1988301780028041E-004
         516   0.0000000000000000E+000
         517   2.9689437567621113E-005
         518   0.0000000000000000E+000
         519   0.0000000000000000E+000
         520   0.0000000000000000E+000
         521   2.9289399436132015E-005
         522   0.0000000000000000E+000
         523   0.0000000000000000E+000
         524   0.0000000000000000E+000
         525   0.0000000000000000E+000
         526   2.8676939258405225E-005
         527   2.8614667371878149E-005
         528   0.0000000000000000E+000
         529   2.8426598292063477E-005
         530   2.8298848573045882E-005
         531   0.0000000000000000E+000
         532   0.0000000000000000E+000
         533   5.5976037656478217E-005
         534   0.0000000000000000E+000
         535   5.5475320227611599E-005
         536   0.0000000000000000E+000
         537   0.0000000000000000E+000
         538   0.0000000000000000E+000
         539   0.0000000000000000E+000
         540   0.0000000000000000E+000
         541   0.0000000000000000E+000
         542   0.0000000000000000E+000
         543   5.3899244804129001E-005
         544   0.0000000000000000E+000
         545   2.6703092645268466E-005
         546   0.0000000000000000E+000
         547   0.0000000000000000E+000
         548   0.0000000000000000E+000
         549   0.0000000000000000E+000
         550   0.0000000000000000E+000
         551   0.0000000000000000E+000
         552   0.0000000000000000E+000
         553   0.0000000000000000E+000
         554   0.0000000000000000E+000
         555   0.0000000000000000E+000
         556   0.0000000000000000E+000
         557   0.0000000000000000E+000
         558   0.0000000000000000E+000
         559   0.0000000000000000E+000
         560   0.0000000000000000E+000
         561   0.0000000000000000E+000
         562   0.0000000000000000E+000
         563   0.0000000000000000E+000
         564   0.0000000000000000E+000
         565   0.0000000000000000E+000
         566   0.0000000000000000E+000
         567   0.0000000000000000E+000
         568   0.0000000000000000E+000
         569   0.0000000000000000E+000
         570   0.0000000000000000E+000
         571   2.4385824364149390E-005
         572   0.0000000000000000E+000
         573   2.4206035019421145E-005
         574   0.0000000000000000E+000
         575   0.0000000000000000E+000
         576   0.0000000000000000E+000
         577   0.0000000000000000E+000
         578   0.0000000000000000E+000
         579   2.3686786775472670E-005
         580   0.0000000000000000E+000
         581   2.3556494011334623E-005
         582   0.0000000000000000E+000
         583   0.0000000000000000E+000
         584   0.0000000000000000E+000
         585   0.0000000000000000E+000
         586   0.0000000000000000E+000
         587   0.0000000000000000E+000
         588   0.0000000000000000E+000
         589   0.0000000000000000E+000
         590   0.0000000000000000E+000
         591   0.0000000000000000E+000
         592   0.0000000000000000E+000
         593   0.0000000000000000E+000
         594   0.0000000000000000E+000
         595   0.0000000000000000E+000
         596   0.0000000000000000E+000
         597   0.0000000000000000E+000
         598   0.0000000000000000E+000
         599   0.0000000000000000E+000
         600   0.0000000000000000E+000
         601   0.0000000000000000E+000
         602   0.0000000000000000E+000
         603   0.0000000000000000E+000
         604   0.0000000000000000E+000
         605   0.0000000000000000E+000
         606   0.0000000000000000E+000
         607   0.0000000000000000E+000
         608   0.0000000000000000E+000
         609   0.0000000000000000E+000
         610   0.0000000000000000E+000
         611   0.0000000000000000E+000
         612   0.0000000000000000E+000
         613   0.0000000000000000E+000
         614   0.0000000000000000E+000
         615   0.0000000000000000E+000
         616   0.0000000000000000E+000
         617   0.0000000000000000E+000
         618   0.0000000000000000E+000
         619   0.0000000000000000E+000
         620   0.0000000000000000E+000
         621   0.0000000000000000E+000
         622   0.0000000000000000E+000
         623   0.0000000000000000E+000
         624   0.0000000000000000E+000
         625   0.0000000000000000E+000
         626   0.0000000000000000E+000
         627   0.0000000000000000E+000
         628   0.0000000000000000E+000
         629   0.0000000000000000E+000
         630   0.0000000000000000E+000
         631   0.0000000000000000E+000
         632   0.0000000000000000E+000
         633   0.0000000000000000E+000
         634   0.0000000000000000E+000
         635   0.0000000000000000E+000
         636   0.0000000000000000E+000
         637   0.0000000000000000E+000
         638   0.0000000000000000E+000
         639   0.0000000000000000E+000
         640   0.0000000000000000E+000
         641   0.0000000000000000E+000
         642   0.0000000000000000E+000
         643   0.0000000000000000E+000
         644   0.0000000000000000E+000
         645   0.0000000000000000E+000
         646   0.0000000000000000E+000
         647   0.0000000000000000E+000
         648   0.0000000000000000E+000
         649   0.0000000000000000E+000
         650   0.0000000000000000E+000
         651   0.0000000000000000E+000
         652   0.0000000000000000E+000
         653   0.0000000000000000E+000
         654   0.0000000000000000E+000
         655   0.0000000000000000E+000
         656   0.0000000000000000E+000
         657   0.0000000000000000E+000
         658   0.0000000000000000E+000
         659   0.0000000000000000E+000
         660   0.0000000000000000E+000
         661   0.0000000000000000E+000
         662   0.0000000000000000E+000
         663   0.0000000000000000E+000
         664   0.0000000000000000E+000
         665   0.0000000000000000E+000
         666   0.0000000000000000E+000
         667   0.0000000000000000E+000
         668   0.0000000000000000E+000
         669   0.0000000000000000E+000
         670   0.0000000000000000E+000
         671   0.0000000000000000E+000
         672   0.0000000000000000E+000
         673   0.0000000000000000E+000
         674   0.0000000000000000E+000
         675   0.0000000000000000E+000
         676   0.0000000000000000E+000
         677   0.0000000000000000E+000
         678   0.0000000000000000E+000
         679   0.0000000000000000E+000
         680   0.0000000000000000E+000
         681   0.0000000000000000E+000
         682   0.0000000000000000E+000
         683   0.0000000000000000E+000
         684   0.0000000000000000E+000
         685   0.0000000000000000E+000
         686   0.0000000000000000E+000
         687   0.0000000000000000E+000
         688   0.0000000000000000E+000
         689   0.0000000000000000E+000
         690   0.0000000000000000E+000
         691   0.0000000000000000E+000
         692   0.0000000000000000E+000
         693   0.0000000000000000E+000
         694   0.0000000000000000E+000
         695   0.0000000000000000E+000
         696   0.0000000000000000E+000
         697   0.0000000000000000E+000
         698   0.0000000000000000E+000
         699   0.0000000000000000E+000
         700   0.0000000000000000E+000
         701   0.0000000000000000E+000
         702   0.0000000000000000E+000
         703   0.0000000000000000E+000
         704   0.0000000000000000E+000
         705   0.0000000000000000E+000
         706   0.0000000000000000E+000
         707   0.0000000000000000E+000
         708   0.0000000000000000E+000
         709   0.0000000000000000E+000
         710   0.0000000000000000E+000
         711   0.0000000000000000E+000
         712   0.0000000000000000E+000
         713   0.0000000000000000E+000
         714   0.0000000000000000E+000
         715   0.0000000000000000E+000
         716   0.0000000000000000E+000
         717   0.0000000000000000E+000
         718   0.0000000000000000E+000
         719   0.0000000000000000E+000
         720   0.0000000000000000E+000
         721   0.0000000000000000E+000
         722   0.0000000000000000E+000
         723   0.0000000000000000E+000
         724   0.0000000000000000E+000
         725   0.0000000000000000E+000
         726   0.0000000000000000E+000
         727   0.0000000000000000E+000
         728   0.0000000000000000E+000
         729   0.0000000000000000E+000
         730   0.0000000000000000E+000
         731   0.0000000000000000E+000
         732   0.0000000000000000E+000
         733   0.0000000000000000E+000
         734   0.0000000000000000E+000
         735   0.0000000000000000E+000
         736   0.0000000000000000E+000
         737   0.0000000000000000E+000
         738   0.0000000000000000E+000
         739   0.0000000000000000E+000
         740   0.0000000000000000E+000
         741   0.0000000000000000E+000
         742   0.0000000000000000E+000
         743   0.0000000000000000E+000
         744   0.0000000000000000E+000
         745   0.0000000000000000E+000
         746   0.0000000000000000E+000
         747   0.0000000000000000E+000
         748   0.0000000000000000E+000
         749   0.0000000000000000E+000
         750   0.0000000000000000E+000
         751   0.0000000000000000E+000
         752   0.0000000000000000E+000
         753   0.0000000000000000E+000
         754   0.0000000000000000E+000
         755   0.0000000000000000E+000
         756   0.0000000000000000E+000
         757   0.0000000000000000E+000
         758   0.0000000000000000E+000
         759   0.0000000000000000E+000
         760   0.0000000000000000E+000
         761   0.0000000000000000E+000
         762   0.0000000000000000E+000
         763   0.0000000000000000E+000
         764   0.0000000000000000E+000
         765   0.0000000000000000E+000
         766   0.0000000000000000E+000
         767   0.0000000000000000E+000
         768   0.0000000000000000E+000
         769   0.0000000000000000E+000
         770   0.0000000000000000E+000
         771   0.0000000000000000E+000
         772   0.0000000000000000E+000
         773   0.0000000000000000E+000
         774   0.0000000000000000E+000
         775   0.0000000000000000E+000
         776   0.0000000000000000E+000
         777   0.0000000000000000E+000
         778   0.0000000000000000E+000
         779   0.0000000000000000E+000
         780   0.0000000000000000E+000
         781   0.0000000000000000E+000
         782   0.0000000000000000E+000
         783   0.0000000000000000E+000
         784   0.0000000000000000E+000
         785   0.0000000000000000E+000
         786   0.0000000000000000E+000
         787   0.0000000000000000E+000
         788   0.0000000000000000E+000
         789   0.0000000000000000E+000
         790   0.0000000000000000E+000
         791   0.0000000000000000E+000
         792   0.0000000000000000E+000
         793   0.0000000000000000E+000
         794   0.0000000000000000E+000
         795   0.0000000000000000E+000
         796   0.0000000000000000E+000
         797   0.0000000000000000E+000
         798   0.0000000000000000E+000
         799   0.0000000000000000E+000
         800   0.0000000000000000E+000
         801   0.0000000000000000E+000
         802   0.0000000000000000E+000
         803   0.0000000000000000E+000
         804   0.0000000000000000E+000
         805   0.0000000000000000E+000
         806   0.0000000000000000E+000
         807   0.0000000000000000E+000
         808   0.0000000000000000E+000
         809   0.0000000000000000E+000
         810   0.0000000000000000E+000
         811   0.0000000000000000E+000
         812   0.0000000000000000E+000
         813   0.0000000000000000E+000
         814   0.0000000000000000E+000
         815   0.0000000000000000E+000
         816   0.0000000000000000E+000
         817   0.0000000000000000E+000
         818   0.0000000000000000E+000
         819   0.0000000000000000E+000
         820   0.0000000000000000E+000
         821   0.0000000000000000E+000
         822   0.0000000000000000E+000
         823   0.0000000000000000E+000
         824   0.0000000000000000E+000
         825   0.0000000000000000E+000
         826   0.0000000000000000E+000
         827   0.0000000000000000E+000
         828   0.0000000000000000E+000
         829   0.0000000000000000E+000
         830   0.0000000000000000E+000
         831   0.0000000000000000E+000
         832   0.0000000000000000E+000
         833   0.0000000000000000E+000
         834   0.0000000000000000E+000
         835   0.0000000000000000E+000
         836   0.0000000000000000E+000
         837   0.0000000000000000E+000
         838   0.0000000000000000E+000
         839   0.0000000000000000E+000
         840   0.0000000000000000E+000
         841   0.0000000000000000E+000
         842   0.0000000000000000E+000
         843   0.0000000000000000E+000
         844   0.0000000000000000E+000
         845   0.0000000000000000E+000
         846   0.0000000000000000E+000
         847   0.0000000000000000E+000
         848   0.0000000000000000E+000
         849   0.0000000000000000E+000
         850   0.0000000000000000E+000
         851   0.0000000000000000E+000
         852   0.0000000000000000E+000
         853   0.0000000000000000E+000
         854   0.0000000000000000E+000
         855   0.0000000000000000E+000
         856   0.0000000000000000E+000
         857   0.0000000000000000E+000
         858   0.0000000000000000E+000
         859   0.0000000000000000E+000
         860   0.0000000000000000E+000
         861   0.0000000000000000E+000
         862   0.0000000000000000E+000
         863   0.0000000000000000E+000
         864   0.0000000000000000E+000
         865   0.0000000000000000E+000
         866   0.0000000000000000E+000
         867   0.0000000000000000E+000
         868   0.0000000000000000E+000
         869   0.0000000000000000E+000
         870   0.0000000000000000E+000
         871   0.0000000000000000E+000
         872   0.0000000000000000E+000
         873   0.0000000000000000E+000
         874   0.0000000000000000E+000
         875   0.0000000000000000E+000
         876   0.0000000000000000E+000
         877   0.0000000000000000E+000
         878   0.0000000000000000E+000
         879   0.0000000000000000E+000
         880   0.0000000000000000E+000
         881   0.0000000000000000E+000
         882   0.0000000000000000E+000
         883   0.0000000000000000E+000
         884   0.0000000000000000E+000
         885   0.0000000000000000E+000
         886   0.0000000000000000E+000
         887   0.0000000000000000E+000
         888   0.0000000000000000E+000
         889   0.0000000000000000E+000
         890   0.0000000000000000E+000
         891   0.0000000000000000E+000
         892   0.0000000000000000E+000
         893   0.0000000000000000E+000
         894   0.0000000000000000E+000
         895   0.0000000000000000E+000
         896   0.0000000000000000E+000
         897   0.0000000000000000E+000
         898   0.0000000000000000E+000
         899   0.0000000000000000E+000
         900   0.0000000000000000E+000
         901   0.0000000000000000E+000
         902   0.0000000000000000E+000
         903   0.0000000000000000E+000
         904   0.0000000000000000E+000
         905   0.0000000000000000E+000
         906   0.0000000000000000E+000
         907   0.0000000000000000E+000
         908   0.0000000000000000E+000
         909   0.0000000000000000E+000
         910   0.0000000000000000E+000
         911   0.0000000000000000E+000
         912   0.0000000000000000E+000
         913   0.0000000000000000E+000
         914   0.0000000000000000E+000
         915   0.0000000000000000E+000
         916   0.0000000000000000E+000
         917   0.0000000000000000E+000
         918   0.0000000000000000E+000
         919   0.0000000000000000E+000
         920   0.0000000000000000E+000
         921   0.0000000000000000E+000
         922   0.0000000000000000E+000
         923   0.0000000000000000E+000
         924   0.0000000000000000E+000
         925   0.0000000000000000E+000
         926   0.0000000000000000E+000
         927   0.0000000000000000E+000
         928   0.0000000000000000E+000
         929   0.0000000000000000E+000
         930   0.0000000000000000E+000
         931   0.0000000000000000E+000
         932   0.0000000000000000E+000
         933   0.0000000000000000E+000
         934   0.0000000000000000E+000
         935   0.0000000000000000E+000
         936   0.0000000000000000E+000
         937   0.0000000000000000E+000
         938   0.0000000000000000E+000
         939   0.0000000000000000E+000
         940   0.0000000000000000E+000
         941   0.0000000000000000E+000
         942   0.0000000000000000E+000
         943   0.0000000000000000E+000
         944   0.0000000000000000E+000
         945   0.0000000000000000E+000
         946   0.0000000000000000E+000
         947   0.0000000000000000E+000
         948   0.0000000000000000E+000
         949   0.0000000000000000E+000
         950   0.0000000000000000E+000
         951   0.0000000000000000E+000
         952   0.0000000000000000E+000
         953   0.0000000000000000E+000
         954   0.0000000000000000E+000
         955   0.0000000000000000E+000
         956   0.0000000000000000E+000
         957   0.0000000000000000E+000
         958   0.0000000000000000E+000
         959   0.0000000000000000E+000
         960   0.0000000000000000E+000
         961   0.0000000000000000E+000
         962   0.0000000000000000E+000
         963   0.0000000000000000E+000
         964   0.0000000000000000E+000
         965   0.0000000000000000E+000
         966   0.0000000000000000E+000
         967   0.0000000000000000E+000
         968   0.0000000000000000E+000
         969   0.0000000000000000E+000
         970   0.0000000000000000E+000
         971   0.0000000000000000E+000
         972   0.0000000000000000E+000
         973   0.0000000000000000E+000
         974   0.0000000000000000E+000
         975   0.0000000000000000E+000
         976   0.0000000000000000E+000
         977   0.0000000000000000E+000
         978   0.0000000000000000E+000
         979   0.0000000000000000E+000
         980   0.0000000000000000E+000
         981   0.0000000000000000E+000
         982   0.0000000000000000E+000
         983   0.0000000000000000E+000
         984   0.0000000000000000E+000
         985   0.0000000000000000E+000
         986   0.0000000000000000E+000
         987   0.0000000000000000E+000
         988   0.0000000000000000E+000
         989   0.0000000000000000E+000
         990   0.0000000000000000E+000
         991   0.0000000000000000E+000
         992   0.0000000000000000E+000
         993   0.0000000000000000E+000
         994   0.0000000000000000E+000
         995   0.0000000000000000E+000
         996   0.0000000000000000E+000
         997   0.0000000000000000E+000
         998   0.0000000000000000E+000
         999   0.0000000000000000E+000
        1000   0.0000000000000000E+000
