           1   0.0000000000000000E+000
           2   0.0000000000000000E+000
           3   0.0000000000000000E+000
           4   0.0000000000000000E+000
           5  0.57705502319092217     
           6   0.0000000000000000E+000
           7   0.0000000000000000E+000
           8   0.0000000000000000E+000
           9  0.17918963570228247     
          10  0.15404962041420550     
          11   0.0000000000000000E+000
          12   0.0000000000000000E+000
          13   8.7319090839525784E-002
          14  0.10869454489198965     
          15   0.0000000000000000E+000
          16   8.6476437826806155E-002
          17   7.4510985686576992E-002
          18   0.0000000000000000E+000
          19   2.1400550903411475E-002
          20   1.8254342701997002E-002
          21   6.9159216825030609E-002
          22   4.6227380849206759E-002
          23   4.4912617225777503E-002
          24   8.0583487923798575E-002
          25   4.9304388252817917E-002
          26   2.2242653934710959E-002
          27   1.0885173096043784E-002
          28   3.9926836623181444E-002
          29   2.7296072178464442E-002
          30   2.5508717000491000E-002
          31   7.9868748339115711E-002
          32   2.2908026257993385E-002
          33   4.2810738318755981E-002
          34   3.9768126594116250E-002
          35   3.8565354315016752E-002
          36   3.5553727560431597E-002
          37   6.2184182004506261E-002
          38   2.1318445716773899E-002
          39   4.1052411693713688E-002
          40   2.4232056916962289E-002
          41   6.4713372450914922E-002
          42   3.9548320791662664E-002
          43   2.9319927025263762E-002
          44   2.0041879984503644E-002
          45   6.1160276787619830E-002
          46   2.5469316770600756E-002
          47   3.8600454420950822E-002
          48   2.0360641085714701E-002
          49   2.5807177147008680E-002
          50   2.8170628910154483E-002
          51   1.7951389980506958E-002
          52   6.0562867933779845E-002
          53   2.7902780692692919E-002
          54   2.6811097982787736E-002
          55   1.0340356972367605E-002
          56   2.7414718202350072E-002
          57   3.8459865915268364E-002
          58   4.6678375566931336E-002
          59   2.6882902002914853E-002
          60   3.0526657111937062E-002
          61   1.9098498847819341E-002
          62   3.2642558783769780E-002
          63   2.3497390543471910E-002
          64   2.4835686332108260E-002
          65   1.8589234300075259E-002
          66   2.8807386326036782E-002
          67   2.9749966502230177E-002
          68   2.0383406178056680E-002
          69   2.9671034249310724E-002
          70   2.2385780972438676E-002
          71   1.7163609919225581E-002
          72   2.1162926620708081E-002
          73   1.1752626169846674E-002
          74   2.4290714532496174E-002
          75   2.5088666014417116E-002
          76   1.3541774769836052E-002
          77   1.7162526171751197E-002
          78   3.2298553329880970E-002
          79   2.8898767958957905E-002
          80   1.6005862921718232E-002
          81   2.1541971386198476E-002
          82   2.9234124833669817E-002
          83   3.7689364780813327E-002
          84   2.5583955201632078E-002
          85   3.5866106681496708E-002
          86   2.7653486307049762E-002
          87   2.0756332076700933E-002
          88   3.0528905342708516E-002
          89   2.1882158720400797E-002
          90   2.3365125608310795E-002
          91   1.7118373647021713E-002
          92   2.5142791297494093E-002
          93   2.5506585359841741E-002
          94   2.9448023074019728E-002
          95   3.1387909001378153E-002
          96   2.0503288890459291E-002
          97   1.9236386633496382E-002
          98   2.0481733057856447E-002
          99   1.0438765784287018E-002
         100   2.2898489891248437E-002
         101   2.3160656304861100E-002
         102   2.5004925646364345E-002
         103   1.7140290150382761E-002
         104   2.1173102913909746E-002
         105   1.8623389073542312E-002
         106   2.1765864758327640E-002
         107   1.9247660400215798E-002
         108   1.8258451359567759E-002
         109   2.4587372370702357E-002
         110   1.4952579182515314E-002
         111   2.0490543686583543E-002
         112   2.4537191536425307E-002
         113   2.0367697223510867E-002
         114   1.7616917736464118E-002
         115   1.5510787852615756E-002
         116   9.9897971667878560E-003
         117   2.4195539894504688E-002
         118   1.6432585527131071E-002
         119   1.7301739040753487E-002
         120   1.6433980878170756E-002
         121   2.3174731165603351E-002
         122   1.9660108299702821E-002
         123   1.4617949018221393E-002
         124   1.4858943748639010E-002
         125   1.3134457380817026E-002
         126   1.8397060295602376E-002
         127   1.8601679981195263E-002
         128   2.1182664647806590E-002
         129   1.1392075567700286E-002
         130   1.5916185045957335E-002
         131   1.7034849886737778E-002
         132   1.8572799472551943E-002
         133   1.3402534620375332E-002
         134   1.4950386860992671E-002
         135   1.8626609214779738E-002
         136   1.6664025259117844E-002
         137   1.2625627241212490E-002
         138   1.3266980765956412E-002
         139   1.6771091849878419E-002
         140   1.4519682401695962E-002
         141   1.8276985276509613E-002
         142   1.7253525730966775E-002
         143   1.4314992097128217E-002
         144   1.1819516593447023E-002
         145   1.5429359365946015E-002
         146   1.1128908662958858E-002
         147   1.0598299053671311E-002
         148   1.3340490389949727E-002
         149   1.1041207994257340E-002
         150   8.0765252648028647E-003
         151   9.0194769506143063E-003
         152   8.8875875498235744E-003
         153   1.3854944837867499E-002
         154   1.5671998008047097E-002
         155   1.2512154645651394E-002
         156   1.1685538855542773E-002
         157   1.2820585861941817E-002
         158   9.4931047153796536E-003
         159   1.0321703450946089E-002
         160   8.6404403137891640E-003
         161   1.2495076490445610E-002
         162   9.3396279507134382E-003
         163   1.3400949893203824E-002
         164   1.0580027851475186E-002
         165   9.5903939660063817E-003
         166   1.1769897232452203E-002
         167   7.0894484092664054E-003
         168   1.1748150578548760E-002
         169   1.3293313711850403E-002
         170   7.9442174298454717E-003
         171   7.5774068721870830E-003
         172   7.4912461712810813E-003
         173   1.1370330733022004E-002
         174   9.1388403350491452E-003
         175   1.2913234443974674E-002
         176   1.0227771436242806E-002
         177   7.5740257989878653E-003
         178   1.0485881608129976E-002
         179   8.3884573296959808E-003
         180   1.0016148603167992E-002
         181   6.5199944295941609E-003
         182   8.6055738967462381E-003
         183   8.0321024454856824E-003
         184   9.5808412705895851E-003
         185   1.1563150122020686E-002
         186   7.5392520578154388E-003
         187   6.7941302642973407E-003
         188   8.0606297871625918E-003
         189   8.8653513658901537E-003
         190   8.3330907693700447E-003
         191   1.1505045515901809E-002
         192   8.1566512786001369E-003
         193   8.7183206985638074E-003
         194   3.7844312005302166E-003
         195   5.2107861361086168E-003
         196   1.0723067036982467E-002
         197   6.1225770948790965E-003
         198   9.6897312074696457E-003
         199   3.3955516359611892E-003
         200   7.1266244345350388E-003
         201   6.6613986664301929E-003
         202   5.8216939335747168E-003
         203   5.5774112922446963E-003
         204   7.9923839140073703E-003
         205   5.0831914454655619E-003
         206   6.5343703648242527E-003
         207   5.3642194009261264E-003
         208   7.8787990773260402E-003
         209   6.5245465550494231E-003
         210   6.4700588741406859E-003
         211   4.8045326725744191E-003
         212   5.1102629461652650E-003
         213   6.4614286561674207E-003
         214   5.3630568218285130E-003
         215   3.5997960817903824E-003
         216   7.3033468417038391E-003
         217   5.0498420782797322E-003
         218   5.6701421028966604E-003
         219   5.4458440085386056E-003
         220   5.2440927694115888E-003
         221   3.8950623104997829E-003
         222   6.4327630352990026E-003
         223   4.4620870150739516E-003
         224   6.1566866684710109E-003
         225   3.9122135459798042E-003
         226   2.9468159955571378E-003
         227   4.6096501464509441E-003
         228   3.6564515122316380E-003
         229   3.6282589473732615E-003
         230   5.5413027111169974E-003
         231   3.2669362647330898E-003
         232   5.3012104395269138E-003
         233   5.3998456708111674E-003
         234   3.4745755342202519E-003
         235   6.7477815345563944E-003
         236   5.2593922733877646E-003
         237   3.8105369017283047E-003
         238   4.4773978530288439E-003
         239   3.7458325420662263E-003
         240   5.9139789572523766E-003
         241   3.4063630816836628E-003
         242   3.6562916453500008E-003
         243   4.4269906960273378E-003
         244   4.6594180909514940E-003
         245   4.4913236813742593E-003
         246   4.0573841338664776E-003
         247   3.8971450876746543E-003
         248   2.0599299000892122E-003
         249   3.4496065452964794E-003
         250   3.1695388639188279E-003
         251   3.7753917540901709E-003
         252   3.6189978026918497E-003
         253   3.2197534793517767E-003
         254   2.0873761017146824E-003
         255   4.2668364678459829E-003
         256   2.2982013716168885E-003
         257   4.2007992453048978E-003
         258   3.3355880794865931E-003
         259   2.7207879894270378E-003
         260   3.9862653327859942E-003
         261   3.9567134445977585E-003
         262   2.6541559070131296E-003
         263   3.4403410579272355E-003
         264   2.9586028045960324E-003
         265   3.1637036541161952E-003
         266   2.1288371912132958E-003
         267   2.5581082959714166E-003
         268   2.8704173735849361E-003
         269   2.6293953126459144E-003
         270   3.8075194799791342E-003
         271   3.3443232849402179E-003
         272   3.2128343044987503E-003
         273   2.4459852357778893E-003
         274   3.0612517074506975E-003
         275   3.1459365212862856E-003
         276   1.8742342260486360E-003
         277   2.6843569028685787E-003
         278   1.9485875153943705E-003
         279   3.2611962790542654E-003
         280   2.8332627838622291E-003
         281   3.2153755149305573E-003
         282   2.1916859437207748E-003
         283   1.6834984472708090E-003
         284   1.8682156843205962E-003
         285   1.9510152862928585E-003
         286   3.2985225382402591E-003
         287   1.6369709941824186E-003
         288   2.7723911154944945E-003
         289   2.1833336481572240E-003
         290   2.4533920372762428E-003
         291   2.7167334988853118E-003
         292   3.1626613724534416E-003
         293   2.9576646601585472E-003
         294   1.4676035649343257E-003
         295   1.8219765118603804E-003
         296   2.8968533112049490E-003
         297   1.6184213652425449E-003
         298   2.5889577656008273E-003
         299   1.5088218902579451E-003
         300   1.6740197291813179E-003
         301   1.3139090560681515E-003
         302   1.3046370812332050E-003
         303   1.7269322287842737E-003
         304   1.5449000626689526E-003
         305   1.3628109803351346E-003
         306   2.0338614803053754E-003
         307   9.2666360329248128E-004
         308   1.9237581033272058E-003
         309   1.3292779262928376E-003
         310   1.4857435271804838E-003
         311   2.5409863607029782E-003
         312   1.4668568961010776E-003
         313   1.7800035632457225E-003
         314   2.0922103656144577E-003
         315   1.1996162236569507E-003
         316   1.5888325802437069E-003
         317   1.8154598919860546E-003
         318   1.9618357504756967E-003
         319   1.3259563625507170E-003
         320   1.2402901380042829E-003
         321   1.1552535211104115E-003
         322   2.6775297404510643E-003
         323   9.1220614837875615E-004
         324   1.4351958085629720E-003
         325   1.5019349596596470E-003
         326   8.9549980189923724E-004
         327   8.9157458362414794E-004
         328   1.5472425407250104E-003
         329   1.1723188822995345E-003
         330   1.9655874285470455E-003
         331   8.6961101801503364E-004
         332   1.2955082832825666E-003
         333   1.3596762248025635E-003
         334   1.0666887762233205E-003
         335   1.6264245158362112E-003
         336   7.7284219062072671E-004
         337   6.2860860210060820E-004
         338   4.8618793255687597E-004
         339   1.1051159387701257E-003
         340   1.2360345559171316E-003
         341   8.8730182848141049E-004
         342   1.1535517914809778E-003
         343   8.7584020760117639E-004
         344   1.2070676802835515E-003
         345   1.1337714559548431E-003
         346   8.6197125288936982E-004
         347   9.8928937549586354E-004
         348   7.8573697136327756E-004
         349   5.8623099886379168E-004
         350   1.0373722727311319E-003
         351   8.3757247323283115E-004
         352   8.9664711385511119E-004
         353   1.2109141679221504E-003
         354   1.5200456661187375E-003
         355   6.9310758062248942E-004
         356   1.1901621727064397E-003
         357   8.0868305230941714E-004
         358   9.2845885137760075E-004
         359   4.3129560696588038E-004
         360   7.3521628916902555E-004
         361   4.8711035748063376E-004
         362   7.2711976295335482E-004
         363   9.0357868710428378E-004
         364   8.3876787017032970E-004
         365   6.5516023231723685E-004
         366   7.1087722181400678E-004
         367   4.7154839858145123E-004
         368   9.9609961588456282E-004
         369   6.9945704949980921E-004
         370   8.1169974212794399E-004
         371   5.7632514057734180E-004
         372   3.4418976665300254E-004
         373   6.2686314786625447E-004
         374   4.5382093047055403E-004
         375   1.6925966975716230E-004
         376   5.6155598603083114E-004
         377   6.1439070194665914E-004
         378   8.3319018049587794E-004
         379   3.8693700742822179E-004
         380   5.4992335656276143E-004
         381   3.2815163550893313E-004
         382   8.7125637114190209E-004
         383   7.0338679479052372E-004
         384   3.7702755804098841E-004
         385   4.8179609414625730E-004
         386   4.2625588023654631E-004
         387   5.3027376702267568E-004
         388   1.2129063179413114E-003
         389   5.2445049155281059E-004
         390   5.2186734535887645E-004
         391   4.6738075820042273E-004
         392   4.6521096249523442E-004
         393   3.5990944054407480E-004
         394   6.1346393906974153E-004
         395   3.5603908921022970E-004
         396   6.5797562202673133E-004
         397   4.0296856718042857E-004
         398   5.5115831971724600E-004
         399   3.4901841909164413E-004
         400   5.9554133996695389E-004
         401   5.4267613083882693E-004
         402   7.3724607140132539E-004
         403   3.4240697173641281E-004
         404   6.8042325212417743E-004
         405   4.8366942810617193E-004
         406   6.2634363388350744E-004
         407   2.8751847521859826E-004
         408   6.6727031244002207E-004
         409   6.6429674216660257E-004
         410   4.2464785457691141E-004
         411   3.2893345705831850E-004
         412   6.0757230727643554E-004
         413   4.6512157835055092E-004
         414   6.9465474891381568E-004
         415   3.6898974141008856E-004
         416   4.5879721579711959E-004
         417   4.1083458383960465E-004
         418   4.5450543241616550E-004
         419   5.4269861254308699E-004
         420   2.6996495491741031E-004
         421   2.6882198685183688E-004
         422   4.0096205798759328E-004
         423   2.6602127758944939E-004
         424   2.6502879837060872E-004
         425   3.0737793179586433E-004
         426   3.4996443491731974E-004
         427   3.9185457504796960E-004
         428   3.4618298666902025E-004
         429   3.8808932145037889E-004
         430   1.7184812293252521E-004
         431   7.2654801594062223E-004
         432   2.1243062420074778E-004
         433   4.2346398333999218E-004
         434   3.7921416373986531E-004
         435   4.6189271804053495E-004
         436   3.3398014315048555E-004
         437   4.5744386401710936E-004
         438   3.7240180886243348E-004
         439   2.4731064574613011E-004
         440   3.2819484209218588E-004
         441   1.2243600140437989E-004
         442   3.2510176979041018E-004
         443   2.0233682641103776E-004
         444   3.6252350681428131E-004
         445   3.6094639482439557E-004
         446   2.3961533066802247E-004
         447   1.5885487975877415E-004
         448   1.9764802742614285E-004
         449   1.1809492927524960E-004
         450   6.2770429374491997E-004
         451   5.8519446706939004E-004
         452   4.2759997877588594E-004
         453   1.5494245506472528E-004
         454   3.8512117243094879E-004
         455   2.6856508101056811E-004
         456   1.5271210910667253E-004
         457   2.2816357432499737E-004
         458   1.8920787875245629E-004
         459   3.0152076651904545E-004
         460   4.8771749927587518E-004
         461   2.6139697424365992E-004
         462   2.9775819066603284E-004
         463   4.8165032203104855E-004
         464   4.7956318843473333E-004
         465   7.3400936253210927E-005
         466   4.3911698807269070E-004
         467   2.1841184103387677E-004
         468   2.5380309312793259E-004
         469   2.8891233725092722E-004
         470   3.5972762559391007E-004
         471   2.5056499442147913E-004
         472   1.0679993257119304E-004
         473   3.1946921201891578E-004
         474   1.7659901044255442E-004
         475   3.5195370775165970E-004
         476   7.0026445781514319E-005
         477   2.7899210514470456E-004
         478   2.7796669114089130E-004
         479   2.0791836440049627E-004
         480   2.4117235014627764E-004
         481   3.0881865035538796E-004
         482   2.0527901688557567E-004
         483   6.8057584622322018E-005
         484   1.3558037390126791E-004
         485   6.7499097936078151E-005
         486   3.3578824549405204E-005
         487   1.6748090833893355E-004
         488   2.0021234876699823E-004
         489   1.3292903906021519E-004
         490   6.6163442650475488E-005
         491   1.9775591391946873E-004
         492   9.8359186110562547E-005
         493   1.6337058682240534E-004
         494   6.5089119466424519E-005
         495   9.7296961153365988E-005
         496   9.6967783726869598E-005
         497   1.6073990738867320E-004
         498   2.5615408729569495E-004
         499   6.3770903392384602E-005
         500   1.5889145525822037E-004
         501   1.5823012154652847E-004
         502   1.5751897007381535E-004
         503   9.4134158735410196E-005
         504   4.0667467793471232E-004
         505   1.2455137507397642E-004
         506   1.5506696052999271E-004
         507   1.2361591306261151E-004
         508   1.8476859133004190E-004
         509   1.2269767420513956E-004
         510   1.8327787851537124E-004
         511   1.5216154523769687E-004
         512   1.5155159716044838E-004
         513   1.8114452194763713E-004
         514   9.0077499644582271E-005
         515   8.9805572096557110E-005
         516   1.4905852488828074E-004
         517   8.9169817127509238E-005
         518   1.4801291857526090E-004
         519   1.1787437965581227E-004
         520   2.9391506535537016E-005
         521   8.7766552520300318E-005
         522   1.4576609955604833E-004
         523   2.8992536737425013E-005
         524   8.6777142336559449E-005
         525   1.4402241368554204E-004
         526   1.7223961452064526E-004
         527   1.7150769584096804E-004
         528   5.6954771227697235E-005
         529   1.1345635643821115E-004
         530   2.2627026528192085E-004
         531   1.4088551174011523E-004
         532   2.8092292321423078E-005
         533   5.5977358620282494E-005
         534   2.7841109381326868E-005
         535   8.3316879913263373E-005
         536   5.5332253399862777E-005
         537   1.1014060211198729E-004
         538   1.0983283303722641E-004
         539   1.3670476569882772E-004
         540   0.0000000000000000E+000
         541   1.3562811698254978E-004
         542   5.3987470362964117E-005
         543   1.3471410895528525E-004
         544   5.3714707546363141E-005
         545   1.6047664940500275E-004
         546   2.6641748614251259E-005
         547   5.3038127711336856E-005
         548   1.5867910363169559E-004
         549   1.0539467985073396E-004
         550   7.8836478537902313E-005
         551   0.0000000000000000E+000
         552   1.0420062930654462E-004
         553   1.5584645921579005E-004
         554   0.0000000000000000E+000
         555   2.5771760440353036E-005
         556   5.1376461870010937E-005
         557   1.0243295191980124E-004
         558   5.0951083203962811E-005
         559   1.2713506743679796E-004
         560   0.0000000000000000E+000
         561   1.7659366930692611E-004
         562   1.0058083900843649E-004
         563   5.0044902183667729E-005
         564   4.9918328126857342E-005
         565   7.4662961857959652E-005
         566   4.9612680258979597E-005
         567   4.9455995149741780E-005
         568   2.4622040683161442E-005
         569   7.3601827973696795E-005
         570   4.8952424374445505E-005
         571   2.4360394885526297E-005
         572   4.8577678394456996E-005
         573   2.4234946700069915E-005
         574   4.8235308745627061E-005
         575   2.3992520653763477E-005
         576   2.3907534548982847E-005
         577   2.3826326205251540E-005
         578   2.3808583322329770E-005
         579   2.3723925906010669E-005
         580   0.0000000000000000E+000
         581   7.0671538164280217E-005
         582   0.0000000000000000E+000
         583   0.0000000000000000E+000
         584   9.3203227895774092E-005
         585   2.3206545942545086E-005
         586   6.9298657802064920E-005
         587   2.3055483799728996E-005
         588   2.2973591891396832E-005
         589   2.2902993179318530E-005
         590   9.1237646033019663E-005
         591   0.0000000000000000E+000
         592   2.2700538608161638E-005
         593   4.5185230040772464E-005
         594   2.2497146853877178E-005
         595   0.0000000000000000E+000
         596   4.4705983879342479E-005
         597   8.9095648019262911E-005
         598   4.4387313779276325E-005
         599   4.4337306922129035E-005
         600   0.0000000000000000E+000
         601   2.1977444100380632E-005
         602   8.7699079717921177E-005
         603   2.1867356131373390E-005
         604   0.0000000000000000E+000
         605   0.0000000000000000E+000
         606   4.3228671306853171E-005
         607   6.4676320420977771E-005
         608   2.1500261730919199E-005
         609   0.0000000000000000E+000
         610   0.0000000000000000E+000
         611   2.1315794899928898E-005
         612   4.2473875040640802E-005
         613   4.2268927875193654E-005
         614   2.1050232447767818E-005
         615   4.2056831977967034E-005
         616   4.1889944336750451E-005
         617   0.0000000000000000E+000
         618   0.0000000000000000E+000
         619   2.0767495891569384E-005
         620   8.2703078518888288E-005
         621   0.0000000000000000E+000
         622   0.0000000000000000E+000
         623   8.1796658949807440E-005
         624   0.0000000000000000E+000
         625   2.0328268317898549E-005
         626   4.0517105493456159E-005
         627   8.0793314502272556E-005
         628   2.0122141073642841E-005
         629   0.0000000000000000E+000
         630   0.0000000000000000E+000
         631   0.0000000000000000E+000
         632   0.0000000000000000E+000
         633   1.9802103400954514E-005
         634   0.0000000000000000E+000
         635   1.9726968025799883E-005
         636   1.9629126213572991E-005
         637   0.0000000000000000E+000
         638   0.0000000000000000E+000
         639   0.0000000000000000E+000
         640   1.9369754799863552E-005
         641   1.9325581050930439E-005
         642   0.0000000000000000E+000
         643   0.0000000000000000E+000
         644   0.0000000000000000E+000
         645   0.0000000000000000E+000
         646   3.8113386935162472E-005
         647   0.0000000000000000E+000
         648   0.0000000000000000E+000
         649   0.0000000000000000E+000
         650   0.0000000000000000E+000
         651   0.0000000000000000E+000
         652   0.0000000000000000E+000
         653   0.0000000000000000E+000
         654   0.0000000000000000E+000
         655   0.0000000000000000E+000
         656   0.0000000000000000E+000
         657   0.0000000000000000E+000
         658   0.0000000000000000E+000
         659   0.0000000000000000E+000
         660   0.0000000000000000E+000
         661   0.0000000000000000E+000
         662   0.0000000000000000E+000
         663   0.0000000000000000E+000
         664   3.6048220620986457E-005
         665   1.7950267973850178E-005
         666   1.7939120534489591E-005
         667   0.0000000000000000E+000
         668   0.0000000000000000E+000
         669   0.0000000000000000E+000
         670   0.0000000000000000E+000
         671   0.0000000000000000E+000
         672   1.7613413313255988E-005
         673   0.0000000000000000E+000
         674   0.0000000000000000E+000
         675   0.0000000000000000E+000
         676   0.0000000000000000E+000
         677   0.0000000000000000E+000
         678   0.0000000000000000E+000
         679   0.0000000000000000E+000
         680   0.0000000000000000E+000
         681   0.0000000000000000E+000
         682   0.0000000000000000E+000
         683   0.0000000000000000E+000
         684   0.0000000000000000E+000
         685   0.0000000000000000E+000
         686   0.0000000000000000E+000
         687   0.0000000000000000E+000
         688   0.0000000000000000E+000
         689   0.0000000000000000E+000
         690   0.0000000000000000E+000
         691   0.0000000000000000E+000
         692   0.0000000000000000E+000
         693   0.0000000000000000E+000
         694   0.0000000000000000E+000
         695   3.2889418188030553E-005
         696   0.0000000000000000E+000
         697   0.0000000000000000E+000
         698   1.6333187989336230E-005
         699   0.0000000000000000E+000
         700   0.0000000000000000E+000
         701   0.0000000000000000E+000
         702   0.0000000000000000E+000
         703   0.0000000000000000E+000
         704   0.0000000000000000E+000
         705   0.0000000000000000E+000
         706   1.5937811975296824E-005
         707   0.0000000000000000E+000
         708   0.0000000000000000E+000
         709   0.0000000000000000E+000
         710   0.0000000000000000E+000
         711   0.0000000000000000E+000
         712   0.0000000000000000E+000
         713   0.0000000000000000E+000
         714   1.5580473165342854E-005
         715   0.0000000000000000E+000
         716   0.0000000000000000E+000
         717   0.0000000000000000E+000
         718   0.0000000000000000E+000
         719   0.0000000000000000E+000
         720   0.0000000000000000E+000
         721   0.0000000000000000E+000
         722   0.0000000000000000E+000
         723   0.0000000000000000E+000
         724   0.0000000000000000E+000
         725   0.0000000000000000E+000
         726   0.0000000000000000E+000
         727   0.0000000000000000E+000
         728   0.0000000000000000E+000
         729   0.0000000000000000E+000
         730   0.0000000000000000E+000
         731   0.0000000000000000E+000
         732   0.0000000000000000E+000
         733   0.0000000000000000E+000
         734   0.0000000000000000E+000
         735   0.0000000000000000E+000
         736   0.0000000000000000E+000
         737   0.0000000000000000E+000
         738   0.0000000000000000E+000
         739   0.0000000000000000E+000
         740   0.0000000000000000E+000
         741   0.0000000000000000E+000
         742   0.0000000000000000E+000
         743   0.0000000000000000E+000
         744   0.0000000000000000E+000
         745   0.0000000000000000E+000
         746   0.0000000000000000E+000
         747   0.0000000000000000E+000
         748   0.0000000000000000E+000
         749   0.0000000000000000E+000
         750   0.0000000000000000E+000
         751   0.0000000000000000E+000
         752   0.0000000000000000E+000
         753   0.0000000000000000E+000
         754   0.0000000000000000E+000
         755   0.0000000000000000E+000
         756   0.0000000000000000E+000
         757   0.0000000000000000E+000
         758   0.0000000000000000E+000
         759   0.0000000000000000E+000
         760   0.0000000000000000E+000
         761   0.0000000000000000E+000
         762   0.0000000000000000E+000
         763   0.0000000000000000E+000
         764   0.0000000000000000E+000
         765   0.0000000000000000E+000
         766   0.0000000000000000E+000
         767   0.0000000000000000E+000
         768   0.0000000000000000E+000
         769   0.0000000000000000E+000
         770   0.0000000000000000E+000
         771   0.0000000000000000E+000
         772   0.0000000000000000E+000
         773   0.0000000000000000E+000
         774   0.0000000000000000E+000
         775   0.0000000000000000E+000
         776   0.0000000000000000E+000
         777   0.0000000000000000E+000
         778   0.0000000000000000E+000
         779   0.0000000000000000E+000
         780   0.0000000000000000E+000
         781   0.0000000000000000E+000
         782   0.0000000000000000E+000
         783   0.0000000000000000E+000
         784   0.0000000000000000E+000
         785   0.0000000000000000E+000
         786   0.0000000000000000E+000
         787   0.0000000000000000E+000
         788   0.0000000000000000E+000
         789   0.0000000000000000E+000
         790   0.0000000000000000E+000
         791   0.0000000000000000E+000
         792   0.0000000000000000E+000
         793   0.0000000000000000E+000
         794   0.0000000000000000E+000
         795   0.0000000000000000E+000
         796   0.0000000000000000E+000
         797   0.0000000000000000E+000
         798   0.0000000000000000E+000
         799   0.0000000000000000E+000
         800   0.0000000000000000E+000
         801   0.0000000000000000E+000
         802   0.0000000000000000E+000
         803   0.0000000000000000E+000
         804   0.0000000000000000E+000
         805   0.0000000000000000E+000
         806   0.0000000000000000E+000
         807   0.0000000000000000E+000
         808   0.0000000000000000E+000
         809   0.0000000000000000E+000
         810   0.0000000000000000E+000
         811   0.0000000000000000E+000
         812   0.0000000000000000E+000
         813   0.0000000000000000E+000
         814   0.0000000000000000E+000
         815   0.0000000000000000E+000
         816   0.0000000000000000E+000
         817   0.0000000000000000E+000
         818   0.0000000000000000E+000
         819   0.0000000000000000E+000
         820   0.0000000000000000E+000
         821   0.0000000000000000E+000
         822   0.0000000000000000E+000
         823   0.0000000000000000E+000
         824   0.0000000000000000E+000
         825   0.0000000000000000E+000
         826   0.0000000000000000E+000
         827   0.0000000000000000E+000
         828   0.0000000000000000E+000
         829   0.0000000000000000E+000
         830   0.0000000000000000E+000
         831   0.0000000000000000E+000
         832   0.0000000000000000E+000
         833   0.0000000000000000E+000
         834   0.0000000000000000E+000
         835   0.0000000000000000E+000
         836   0.0000000000000000E+000
         837   0.0000000000000000E+000
         838   0.0000000000000000E+000
         839   0.0000000000000000E+000
         840   0.0000000000000000E+000
         841   0.0000000000000000E+000
         842   0.0000000000000000E+000
         843   0.0000000000000000E+000
         844   0.0000000000000000E+000
         845   0.0000000000000000E+000
         846   0.0000000000000000E+000
         847   0.0000000000000000E+000
         848   0.0000000000000000E+000
         849   0.0000000000000000E+000
         850   0.0000000000000000E+000
         851   0.0000000000000000E+000
         852   0.0000000000000000E+000
         853   0.0000000000000000E+000
         854   0.0000000000000000E+000
         855   0.0000000000000000E+000
         856   0.0000000000000000E+000
         857   0.0000000000000000E+000
         858   0.0000000000000000E+000
         859   0.0000000000000000E+000
         860   0.0000000000000000E+000
         861   0.0000000000000000E+000
         862   0.0000000000000000E+000
         863   0.0000000000000000E+000
         864   0.0000000000000000E+000
         865   0.0000000000000000E+000
         866   0.0000000000000000E+000
         867   0.0000000000000000E+000
         868   0.0000000000000000E+000
         869   0.0000000000000000E+000
         870   0.0000000000000000E+000
         871   0.0000000000000000E+000
         872   0.0000000000000000E+000
         873   0.0000000000000000E+000
         874   0.0000000000000000E+000
         875   0.0000000000000000E+000
         876   0.0000000000000000E+000
         877   0.0000000000000000E+000
         878   0.0000000000000000E+000
         879   0.0000000000000000E+000
         880   0.0000000000000000E+000
         881   0.0000000000000000E+000
         882   0.0000000000000000E+000
         883   0.0000000000000000E+000
         884   0.0000000000000000E+000
         885   0.0000000000000000E+000
         886   0.0000000000000000E+000
         887   0.0000000000000000E+000
         888   0.0000000000000000E+000
         889   0.0000000000000000E+000
         890   0.0000000000000000E+000
         891   0.0000000000000000E+000
         892   0.0000000000000000E+000
         893   0.0000000000000000E+000
         894   0.0000000000000000E+000
         895   0.0000000000000000E+000
         896   0.0000000000000000E+000
         897   0.0000000000000000E+000
         898   0.0000000000000000E+000
         899   0.0000000000000000E+000
         900   0.0000000000000000E+000
         901   0.0000000000000000E+000
         902   0.0000000000000000E+000
         903   0.0000000000000000E+000
         904   0.0000000000000000E+000
         905   0.0000000000000000E+000
         906   0.0000000000000000E+000
         907   0.0000000000000000E+000
         908   0.0000000000000000E+000
         909   0.0000000000000000E+000
         910   0.0000000000000000E+000
         911   0.0000000000000000E+000
         912   0.0000000000000000E+000
         913   0.0000000000000000E+000
         914   0.0000000000000000E+000
         915   0.0000000000000000E+000
         916   0.0000000000000000E+000
         917   0.0000000000000000E+000
         918   0.0000000000000000E+000
         919   0.0000000000000000E+000
         920   0.0000000000000000E+000
         921   0.0000000000000000E+000
         922   0.0000000000000000E+000
         923   0.0000000000000000E+000
         924   0.0000000000000000E+000
         925   0.0000000000000000E+000
         926   0.0000000000000000E+000
         927   0.0000000000000000E+000
         928   0.0000000000000000E+000
         929   0.0000000000000000E+000
         930   0.0000000000000000E+000
         931   0.0000000000000000E+000
         932   0.0000000000000000E+000
         933   0.0000000000000000E+000
         934   0.0000000000000000E+000
         935   0.0000000000000000E+000
         936   0.0000000000000000E+000
         937   0.0000000000000000E+000
         938   0.0000000000000000E+000
         939   0.0000000000000000E+000
         940   0.0000000000000000E+000
         941   0.0000000000000000E+000
         942   0.0000000000000000E+000
         943   0.0000000000000000E+000
         944   0.0000000000000000E+000
         945   0.0000000000000000E+000
         946   0.0000000000000000E+000
         947   0.0000000000000000E+000
         948   0.0000000000000000E+000
         949   0.0000000000000000E+000
         950   0.0000000000000000E+000
         951   0.0000000000000000E+000
         952   0.0000000000000000E+000
         953   0.0000000000000000E+000
         954   0.0000000000000000E+000
         955   0.0000000000000000E+000
         956   0.0000000000000000E+000
         957   0.0000000000000000E+000
         958   0.0000000000000000E+000
         959   0.0000000000000000E+000
         960   0.0000000000000000E+000
         961   0.0000000000000000E+000
         962   0.0000000000000000E+000
         963   0.0000000000000000E+000
         964   0.0000000000000000E+000
         965   0.0000000000000000E+000
         966   0.0000000000000000E+000
         967   0.0000000000000000E+000
         968   0.0000000000000000E+000
         969   0.0000000000000000E+000
         970   0.0000000000000000E+000
         971   0.0000000000000000E+000
         972   0.0000000000000000E+000
         973   0.0000000000000000E+000
         974   0.0000000000000000E+000
         975   0.0000000000000000E+000
         976   0.0000000000000000E+000
         977   0.0000000000000000E+000
         978   0.0000000000000000E+000
         979   0.0000000000000000E+000
         980   0.0000000000000000E+000
         981   0.0000000000000000E+000
         982   0.0000000000000000E+000
         983   0.0000000000000000E+000
         984   0.0000000000000000E+000
         985   0.0000000000000000E+000
         986   0.0000000000000000E+000
         987   0.0000000000000000E+000
         988   0.0000000000000000E+000
         989   0.0000000000000000E+000
         990   0.0000000000000000E+000
         991   0.0000000000000000E+000
         992   0.0000000000000000E+000
         993   0.0000000000000000E+000
         994   0.0000000000000000E+000
         995   0.0000000000000000E+000
         996   0.0000000000000000E+000
         997   0.0000000000000000E+000
         998   0.0000000000000000E+000
         999   0.0000000000000000E+000
        1000   0.0000000000000000E+000
