           1   0.0000000000000000E+000
           2   0.0000000000000000E+000
           3   0.0000000000000000E+000
           4  0.87974416047449211     
           5   0.0000000000000000E+000
           6   0.0000000000000000E+000
           7  0.13526956337480975     
           8  0.21435092354958774     
           9   9.1150769313441515E-002
          10   0.0000000000000000E+000
          11  0.12833743292369665     
          12  0.25801352860778776     
          13  0.36881427060578620     
          14   8.0046980582734600E-002
          15  0.16269766467520622     
          16   8.8790087863733921E-002
          17  0.15350092859603254     
          18  0.13944741833748020     
          19  0.17197645237144948     
          20  0.22834389888429191     
          21  0.10429079579003413     
          22   7.7948903871309053E-002
          23   8.6715831248105238E-002
          24  0.13166317653969972     
          25  0.26854965971337857     
          26  0.14798511694782873     
          27  0.10510380881122139     
          28  0.16602444423395185     
          29  0.11035225990475545     
          30   9.4286211407747372E-002
          31  0.12149627770909752     
          32   9.7981193402408434E-002
          33   7.8437520572703187E-002
          34   9.9981264314022336E-002
          35  0.15054093439870964     
          36  0.10806647690711135     
          37  0.12411498125843651     
          38  0.14036892006773363     
          39   6.6542710941438793E-002
          40  0.15582109913693687     
          41  0.11640677633126677     
          42  0.10564546497649197     
          43  0.11454304326570788     
          44  0.10431454918429837     
          45   6.5354690948136646E-002
          46   7.3626688496813739E-002
          47   8.0872416526443114E-002
          48   9.1882670274258241E-002
          49   3.2430729746442913E-002
          50   6.2442544362227008E-002
          51   5.0911966491306061E-002
          52  0.11898789678717639     
          53   8.3507516126428941E-002
          54   7.5057202898585973E-002
          55   9.3298138627606914E-002
          56   4.1998709920119517E-002
          57  0.11079645681186978     
          58   5.3495094959338040E-002
          59   8.7855388328340778E-002
          60   4.1257033649062837E-002
          61   6.0741299166985972E-002
          62   6.1130973539419986E-002
          63   4.1444369429925770E-002
          64   5.5357162994551047E-002
          65   6.2992604441263325E-002
          66   6.8072843444922176E-002
          67   5.2393903091868040E-002
          68   5.5889507740806720E-002
          69   4.7715120248142950E-002
          70   5.7664137718527561E-002
          71   6.2283611741049787E-002
          72   6.8142938345339438E-002
          73   6.1974374492739216E-002
          74   4.7366525348262301E-002
          75   5.8738507878813587E-002
          76   5.2812431621547078E-002
          77   4.8871717877246361E-002
          78   5.4245464957815105E-002
          79   5.9166744010395372E-002
          80   3.9253787364089576E-002
          81   5.3961545971192473E-002
          82   3.9750228729120013E-002
          83   3.9979125344479928E-002
          84   4.5629751238477734E-002
          85   4.0183022457264891E-002
          86   4.2570748616039010E-002
          87   4.6884577159712754E-002
          88   3.8630889902387951E-002
          89   2.7749397903317173E-002
          90   4.6601713424771603E-002
          91   2.7641474323245676E-002
          92   4.1824356436047067E-002
          93   3.4574689373436954E-002
          94   3.2078104489356489E-002
          95   4.7978268876291912E-002
          96   3.5836337803532202E-002
          97   4.1013894727050346E-002
          98   2.6255596028539014E-002
          99   2.8921553289821919E-002
         100   2.7662579300561908E-002
         101   2.0061810792242958E-002
         102   3.1826429624545106E-002
         103   3.2678899110486395E-002
         104   2.7704282347755758E-002
         105   3.2190661385891377E-002
         106   3.3648675128551679E-002
         107   3.7195605514032004E-002
         108   3.9903215132357263E-002
         109   3.1193935353742954E-002
         110   3.4521354003484953E-002
         111   2.4297366058290644E-002
         112   2.3315095123127547E-002
         113   1.9733972029401432E-002
         114   2.7326363865779659E-002
         115   2.9251449034666324E-002
         116   2.0510067359046109E-002
         117   2.1928862542152341E-002
         118   1.8697576889959971E-002
         119   2.3951180181650510E-002
         120   1.7567252801283049E-002
         121   1.7765883958030398E-002
         122   1.7490882178545473E-002
         123   1.8263073750333030E-002
         124   1.7459265763349975E-002
         125   2.0184707790482027E-002
         126   1.4413738674352831E-002
         127   1.7148398810534173E-002
         128   2.0719133706616061E-002
         129   1.5168114758249118E-002
         130   2.8100959981318219E-002
         131   2.2068460394161566E-002
         132   1.3596819540209387E-002
         133   2.2318460961178788E-002
         134   1.6268499274665449E-002
         135   2.3399701770050532E-002
         136   1.7096325788381883E-002
         137   1.2194253380683131E-002
         138   1.8677281595900458E-002
         139   1.2675660784715773E-002
         140   1.0065477946519861E-002
         141   1.6305433543396600E-002
         142   1.9597679047441585E-002
         143   1.7006239757807417E-002
         144   1.6394063180639778E-002
         145   1.7671208331257692E-002
         146   1.6316564244269343E-002
         147   1.5701622580247501E-002
         148   1.4449264385531986E-002
         149   1.3879855765770494E-002
         150   1.3353122530143965E-002
         151   1.8042829417088211E-002
         152   1.5393681501690262E-002
         153   1.1131348643275238E-002
         154   1.5010744263466838E-002
         155   1.1538335437636191E-002
         156   1.4292494180486457E-002
         157   1.3465364784088630E-002
         158   1.0149004400201250E-002
         159   9.0644353466636379E-003
         160   1.0808882963537119E-002
         161   7.3319155688788005E-003
         162   9.9428528511858027E-003
         163   1.0730606108123543E-002
         164   1.0287707667858160E-002
         165   1.1032160396076863E-002
         166   8.0431306045950363E-003
         167   8.2230022618043144E-003
         168   8.1220673538721436E-003
         169   8.5869085741173343E-003
         170   7.3949897861701258E-003
         171   5.1358437845981375E-003
         172   9.3508248136081936E-003
         173   8.1881366755075166E-003
         174   9.1466731274650603E-003
         175   1.2402204309390718E-002
         176   8.6826345943279287E-003
         177   7.0700871943303982E-003
         178   9.9880729750456334E-003
         179   8.1497508387004015E-003
         180   8.0518783183633046E-003
         181   1.0137766605782878E-002
         182   6.4580284148438314E-003
         183   8.5013913196694199E-003
         184   7.4738952148068419E-003
         185   6.7055727811935351E-003
         186   8.4669617762896700E-003
         187   5.6607463007432475E-003
         188   9.8461723161077062E-003
         189   7.0913341357753470E-003
         190   9.4242300617101392E-003
         191   7.3767958139314077E-003
         192   9.4522099929217358E-003
         193   6.5884617562330591E-003
         194   3.9970998013241724E-003
         195   6.2474860636337962E-003
         196   8.0348501016096249E-003
         197   8.3580190885170387E-003
         198   8.2753667663155693E-003
         199   8.2012497111344142E-003
         200   6.3415162148261206E-003
         201   7.8383039343732173E-003
         202   5.8246901348040642E-003
         203   7.1114359303099846E-003
         204   7.9926043933315153E-003
         205   6.4054977630210825E-003
         206   7.0935192286217712E-003
         207   6.1043657950293258E-003
         208   9.1513084707835809E-003
         209   7.0750467289847482E-003
         210   6.4624681726538069E-003
         211   4.9843300545980018E-003
         212   6.1763358655285462E-003
         213   4.5383927106477954E-003
         214   2.5959157844738256E-003
         215   5.3140411303126871E-003
         216   6.4521810056167826E-003
         217   7.3969730723490515E-003
         218   5.9956393130037242E-003
         219   5.1233671074259876E-003
         220   4.4216739690025545E-003
         221   6.1598444644612943E-003
         222   3.8573325310860928E-003
         223   4.7747609071828335E-003
         224   5.8406867264977260E-003
         225   4.3804607772043322E-003
         226   5.2731798788191158E-003
         227   6.1454309752002534E-003
         228   2.8980815930038026E-003
         229   3.0220053030300918E-003
         230   3.8940950158440893E-003
         231   4.0087037905802460E-003
         232   3.9760216468534143E-003
         233   2.9195903207048304E-003
         234   3.0414498061745276E-003
         235   6.0241780358242696E-003
         236   4.9781194552220480E-003
         237   4.2297161556347808E-003
         238   5.3165982429372030E-003
         239   4.7130089298290084E-003
         240   2.7487962107527863E-003
         241   2.7319105600255612E-003
         242   2.9782650414769767E-003
         243   2.6881744796955062E-003
         244   4.3949320324904338E-003
         245   3.9616608260422004E-003
         246   4.0615997487249821E-003
         247   3.1170355319013799E-003
         248   2.0610863225722512E-003
         249   3.7083336467344766E-003
         250   2.4109294061137928E-003
         251   2.6402366994313325E-003
         252   4.8662326315293183E-003
         253   2.9694194879143522E-003
         254   2.8230525863551623E-003
         255   2.8065410133541629E-003
         256   3.5075694807605437E-003
         257   3.1185621292301787E-003
         258   2.5013914469180446E-003
         259   3.3117098042315545E-003
         260   2.2262789307388102E-003
         261   1.5142461792744990E-003
         262   2.1944677668096413E-003
         263   2.0632054693525072E-003
         264   2.3880587883268758E-003
         265   2.3711238225489362E-003
         266   2.2400268599308687E-003
         267   1.4464434035877779E-003
         268   2.0946541399142339E-003
         269   2.8475601811035951E-003
         270   2.5011413342939095E-003
         271   2.9123820292709058E-003
         272   1.7138301853429593E-003
         273   2.3430293075054859E-003
         274   1.6912635364447794E-003
         275   1.9931949220443361E-003
         276   2.7052834076999803E-003
         277   1.8597737330697313E-003
         278   2.3588667972719406E-003
         279   1.9343492141362152E-003
         280   1.7198276863583828E-003
         281   1.3056631481959428E-003
         282   1.2967748308042562E-003
         283   1.9802393505531316E-003
         284   1.3773174928496717E-003
         285   1.3656996994239775E-003
         286   1.4525653542827315E-003
         287   1.4440303351720470E-003
         288   1.5289104428435692E-003
         289   9.5124644962580154E-004
         290   1.2261979417816941E-003
         291   1.6870700753257384E-003
         292   1.3020241924387446E-003
         293   7.3785941276357288E-004
         294   9.1833075253113362E-004
         295   1.8243171004538314E-003
         296   9.0456211459146265E-004
         297   8.9933435655001543E-004
         298   4.4700021747468862E-004
         299   1.8621358865780423E-003
         300   1.1460155909006973E-003
         301   1.8382808019643693E-003
         302   1.2185111762464929E-003
         303   1.2079579531038660E-003
         304   1.3731690183998281E-003
         305   9.3697549868900648E-004
         306   1.3550969535582505E-003
         307   1.5994554622654502E-003
         308   1.2555261318608875E-003
         309   1.4121899921104393E-003
         310   6.5980609226999544E-004
         311   4.9187745533086020E-004
         312   6.5212208945013728E-004
         313   1.3761220460435006E-003
         314   2.4183637869205449E-004
         315   1.4383525563696781E-003
         316   7.9445478504382887E-004
         317   8.6784429721195285E-004
         318   5.4976846361561818E-004
         319   4.6817350634811747E-004
         320   1.0846150757482711E-003
         321   7.6899686356781479E-004
         322   3.8216407467414739E-004
         323   1.1401168927749712E-003
         324   9.0694397055893162E-004
         325   6.7575666523015190E-004
         326   5.9713006110278827E-004
         327   1.0384743681581925E-003
         328   8.1101999510151156E-004
         329   6.5914280058321500E-004
         330   9.4791036620802825E-004
         331   1.0142121587437818E-003
         332   1.1519434352792552E-003
         333   1.2155763222978263E-003
         334   1.0669768504878230E-003
         335   7.0743324998123031E-004
         336   5.6180178166473881E-004
         337   5.5858080602023464E-004
         338   6.2513926192995118E-004
         339   9.6619861275968829E-004
         340   4.8047353928758722E-004
         341   6.8282830286551231E-004
         342   7.4590262887671611E-004
         343   6.0690436580234904E-004
         344   1.0729360439107000E-003
         345   7.9999407256820399E-004
         346   4.6358692546782194E-004
         347   8.5573501442950961E-004
         348   8.5162940571679416E-004
         349   1.0425343982835135E-003
         350   2.5910318741285260E-004
         351   1.2240127810918698E-003
         352   1.1532478140988123E-003
         353   5.0967866718245377E-004
         354   6.9611212331658527E-004
         355   3.7771587064942889E-004
         356   5.0077390047314867E-004
         357   6.2319690039948892E-004
         358   4.9568972211666248E-004
         359   6.7694249809047721E-004
         360   5.5121246654361421E-004
         361   3.0445537261851170E-004
         362   1.2123695012374764E-004
         363   6.6268622094792424E-004
         364   1.7953770788360992E-004
         365   1.1903875703091318E-004
         366   1.7777762846027823E-004
         367   4.1251854564004011E-004
         368   1.1717443552041339E-004
         369   3.4954536521561945E-004
         370   2.8995257522643100E-004
         371   5.7676119020827444E-004
         372   8.0354591278010087E-004
         373   3.4203706499070228E-004
         374   3.4032197477141597E-004
         375   5.0793233960553337E-004
         376   1.6821320077270170E-004
         377   3.9059723352271594E-004
         378   1.1132803454059375E-004
         379   3.3106317468828682E-004
         380   2.1987842073022511E-004
         381   2.7339232486429672E-004
         382   3.8067633666202355E-004
         383   1.6224997407380957E-004
         384   2.6907317117564808E-004
         385   0.0000000000000000E+000
         386   3.7266631230951783E-004
         387   2.6500506900352226E-004
         388   5.8018081625756373E-004
         389   3.6695188387031685E-004
         390   4.6998045024771801E-004
         391   2.0773675534368192E-004
         392   6.7221447292180022E-004
         393   1.5421743161567691E-004
         394   4.0875677979924007E-004
         395   3.5620243877547772E-004
         396   3.0393587311557482E-004
         397   1.5108095010411956E-004
         398   3.5076563895236721E-004
         399   3.4922988490476708E-004
         400   1.9837429600947130E-004
         401   3.9490635553901510E-004
         402   4.9149152488507837E-005
         403   2.4420366456786387E-004
         404   2.4342466812363539E-004
         405   4.3588849544687650E-004
         406   2.8901746867271536E-004
         407   4.3112063121609123E-004
         408   1.4307921985569491E-004
         409   3.3239886893848554E-004
         410   1.4191463952521914E-004
         411   1.8779463345666575E-004
         412   4.2091322482496840E-004
         413   3.2559446987338772E-004
         414   4.1631649110221344E-004
         415   1.8419298498908098E-004
         416   2.2936160986779478E-004
         417   2.2856624781035224E-004
         418   3.6377738734957670E-004
         419   2.2588295437102861E-004
         420   2.2524029656867324E-004
         421   1.3427375416679221E-004
         422   1.3374149697423430E-004
         423   4.4349927318657828E-005
         424   1.7656247244622386E-004
         425   2.1966191156639706E-004
         426   2.1871782562130545E-004
         427   2.1788689046399909E-004
         428   1.3012657440732842E-004
         429   3.4499402566522434E-004
         430   1.2895560268898538E-004
         431   3.4188814614479406E-004
         432   3.4067647419687235E-004
         433   2.1178711330599632E-004
         434   1.2640296117994942E-004
         435   8.3972034569333129E-005
         436   4.1848711307119992E-005
         437   1.6649095233654593E-004
         438   2.4850051265846101E-004
         439   8.2513673809864513E-005
         440   2.8729360703531924E-004
         441   8.1636878992577633E-005
         442   3.6578351131660305E-004
         443   2.8322527337164809E-004
         444   1.6118656155922391E-004
         445   4.0099331968212871E-005
         446   3.5959743324119267E-004
         447   7.9539937304223032E-005
         448   1.1873273060695182E-004
         449   7.8833038660820309E-005
         450   1.1760662474321933E-004
         451   1.9528674663667284E-004
         452   2.3307039002811201E-004
         453   3.8649409523617297E-005
         454   0.0000000000000000E+000
         455   1.5325419759527339E-004
         456   7.6226734982647753E-005
         457   1.9016750902200877E-004
         458   1.8917900080994080E-004
         459   2.2623681201817085E-004
         460   7.5019585789384252E-005
         461   1.8682563917856587E-004
         462   1.4868142503042680E-004
         463   1.1107569387376535E-004
         464   1.8448769609414830E-004
         465   2.2033423097117351E-004
         466   3.6495230891231179E-005
         467   1.0913824314750316E-004
         468   2.9008673572486520E-004
         469   0.0000000000000000E+000
         470   3.5980063023418926E-005
         471   0.0000000000000000E+000
         472   7.1249560024150326E-005
         473   3.5551703110248157E-005
         474   1.0602857824737286E-004
         475   7.0352563548670559E-005
         476   7.0144412961035998E-005
         477   1.0484459968050157E-004
         478   2.0858377060941171E-004
         479   0.0000000000000000E+000
         480   6.9047190110020491E-005
         481   6.8672470545061610E-005
         482   3.4138271573771477E-005
         483   0.0000000000000000E+000
         484   3.3833161399748804E-005
         485   1.3500352073238640E-004
         486   6.7257873352607339E-005
         487   1.0049939215544951E-004
         488   6.6636689537998318E-005
         489   9.9622340868006350E-005
         490   1.3231435428481974E-004
         491   9.8839312292150371E-005
         492   9.8389415963570794E-005
         493   3.2610382272785422E-005
         494   3.2483454152804523E-005
         495   3.2359573376576836E-005
         496   6.4513038455720742E-005
         497   9.6475917086774984E-005
         498   3.1983698510787001E-005
         499   3.1957784396750270E-005
         500   6.3503574454318903E-005
         501   6.3220300236850390E-005
         502   0.0000000000000000E+000
         503   3.1446672565003205E-005
         504   3.1233704757655924E-005
         505   0.0000000000000000E+000
         506   2.1725738779442331E-004
         507   3.0947097306746177E-005
         508   6.1529588774842249E-005
         509   3.0701365333514861E-005
         510   6.1126058479693998E-005
         511   0.0000000000000000E+000
         512   3.0265295085918431E-005
         513   6.0292411340388473E-005
         514   0.0000000000000000E+000
         515   8.9866492542431059E-005
         516   0.0000000000000000E+000
         517   5.9409793763409134E-005
         518   0.0000000000000000E+000
         519   2.9496540871022320E-005
         520   8.8115854921608800E-005
         521   2.9293864422562666E-005
         522   5.8367548386836441E-005
         523   8.7173346198660926E-005
         524   2.8919600374846306E-005
         525   8.6458754965302044E-005
         526   2.8694875630702156E-005
         527   2.8567550405759824E-005
         528   5.6953627833777963E-005
         529   0.0000000000000000E+000
         530   1.1305293062531738E-004
         531   2.8172436341412953E-005
         532   2.8110661633716283E-005
         533   2.7930389234003212E-005
         534   0.0000000000000000E+000
         535   1.1088877137367752E-004
         536   2.7596897525292624E-005
         537   2.7557064597570745E-005
         538   0.0000000000000000E+000
         539   0.0000000000000000E+000
         540   2.7242218569959885E-005
         541   2.7089978379652503E-005
         542   0.0000000000000000E+000
         543   8.0884728188838499E-005
         544   5.3692364447199768E-005
         545   0.0000000000000000E+000
         546   0.0000000000000000E+000
         547   5.3154257019567487E-005
         548   5.2843108382915038E-005
         549   2.6341485468371707E-005
         550   0.0000000000000000E+000
         551   2.6174911849811079E-005
         552   2.6067016000463015E-005
         553   0.0000000000000000E+000
         554   0.0000000000000000E+000
         555   0.0000000000000000E+000
         556   0.0000000000000000E+000
         557   0.0000000000000000E+000
         558   7.6580873384269449E-005
         559   2.5421405041684318E-005
         560   0.0000000000000000E+000
         561   2.5282409457107325E-005
         562   7.5462195035988299E-005
         563   0.0000000000000000E+000
         564   0.0000000000000000E+000
         565   0.0000000000000000E+000
         566   0.0000000000000000E+000
         567   0.0000000000000000E+000
         568   2.4601420125762406E-005
         569   0.0000000000000000E+000
         570   2.4428512571661233E-005
         571   0.0000000000000000E+000
         572   0.0000000000000000E+000
         573   0.0000000000000000E+000
         574   0.0000000000000000E+000
         575   2.4001098004544695E-005
         576   2.3960237898813378E-005
         577   2.3842056664653265E-005
         578   0.0000000000000000E+000
         579   2.3720540839049161E-005
         580   0.0000000000000000E+000
         581   4.7094901164052472E-005
         582   0.0000000000000000E+000
         583   0.0000000000000000E+000
         584   0.0000000000000000E+000
         585   0.0000000000000000E+000
         586   0.0000000000000000E+000
         587   2.3035782628876960E-005
         588   2.2952775478555238E-005
         589   4.5797059102919379E-005
         590   0.0000000000000000E+000
         591   0.0000000000000000E+000
         592   0.0000000000000000E+000
         593   0.0000000000000000E+000
         594   0.0000000000000000E+000
         595   2.2452729063503133E-005
         596   0.0000000000000000E+000
         597   2.2292056324102452E-005
         598   4.4450205928738989E-005
         599   0.0000000000000000E+000
         600   2.2081176797599260E-005
         601   0.0000000000000000E+000
         602   0.0000000000000000E+000
         603   0.0000000000000000E+000
         604   0.0000000000000000E+000
         605   0.0000000000000000E+000
         606   0.0000000000000000E+000
         607   6.4686835966587048E-005
         608   0.0000000000000000E+000
         609   0.0000000000000000E+000
         610   2.1345729147093591E-005
         611   0.0000000000000000E+000
         612   0.0000000000000000E+000
         613   2.1150144367992413E-005
         614   2.1087467134165385E-005
         615   0.0000000000000000E+000
         616   0.0000000000000000E+000
         617   2.0898196957753487E-005
         618   0.0000000000000000E+000
         619   0.0000000000000000E+000
         620   0.0000000000000000E+000
         621   0.0000000000000000E+000
         622   0.0000000000000000E+000
         623   0.0000000000000000E+000
         624   2.0378507284794876E-005
         625   0.0000000000000000E+000
         626   0.0000000000000000E+000
         627   0.0000000000000000E+000
         628   0.0000000000000000E+000
         629   0.0000000000000000E+000
         630   0.0000000000000000E+000
         631   3.9851268838050815E-005
         632   0.0000000000000000E+000
         633   0.0000000000000000E+000
         634   0.0000000000000000E+000
         635   0.0000000000000000E+000
         636   0.0000000000000000E+000
         637   0.0000000000000000E+000
         638   0.0000000000000000E+000
         639   0.0000000000000000E+000
         640   0.0000000000000000E+000
         641   0.0000000000000000E+000
         642   1.9293666571274966E-005
         643   0.0000000000000000E+000
         644   0.0000000000000000E+000
         645   0.0000000000000000E+000
         646   0.0000000000000000E+000
         647   0.0000000000000000E+000
         648   0.0000000000000000E+000
         649   0.0000000000000000E+000
         650   0.0000000000000000E+000
         651   0.0000000000000000E+000
         652   0.0000000000000000E+000
         653   0.0000000000000000E+000
         654   0.0000000000000000E+000
         655   0.0000000000000000E+000
         656   1.8438638164560257E-005
         657   0.0000000000000000E+000
         658   0.0000000000000000E+000
         659   0.0000000000000000E+000
         660   0.0000000000000000E+000
         661   0.0000000000000000E+000
         662   0.0000000000000000E+000
         663   0.0000000000000000E+000
         664   0.0000000000000000E+000
         665   0.0000000000000000E+000
         666   0.0000000000000000E+000
         667   0.0000000000000000E+000
         668   0.0000000000000000E+000
         669   0.0000000000000000E+000
         670   0.0000000000000000E+000
         671   0.0000000000000000E+000
         672   0.0000000000000000E+000
         673   0.0000000000000000E+000
         674   0.0000000000000000E+000
         675   0.0000000000000000E+000
         676   0.0000000000000000E+000
         677   0.0000000000000000E+000
         678   0.0000000000000000E+000
         679   0.0000000000000000E+000
         680   0.0000000000000000E+000
         681   0.0000000000000000E+000
         682   0.0000000000000000E+000
         683   0.0000000000000000E+000
         684   0.0000000000000000E+000
         685   0.0000000000000000E+000
         686   0.0000000000000000E+000
         687   0.0000000000000000E+000
         688   0.0000000000000000E+000
         689   0.0000000000000000E+000
         690   0.0000000000000000E+000
         691   0.0000000000000000E+000
         692   0.0000000000000000E+000
         693   0.0000000000000000E+000
         694   0.0000000000000000E+000
         695   0.0000000000000000E+000
         696   0.0000000000000000E+000
         697   0.0000000000000000E+000
         698   0.0000000000000000E+000
         699   0.0000000000000000E+000
         700   0.0000000000000000E+000
         701   0.0000000000000000E+000
         702   0.0000000000000000E+000
         703   0.0000000000000000E+000
         704   0.0000000000000000E+000
         705   0.0000000000000000E+000
         706   0.0000000000000000E+000
         707   0.0000000000000000E+000
         708   0.0000000000000000E+000
         709   0.0000000000000000E+000
         710   0.0000000000000000E+000
         711   0.0000000000000000E+000
         712   0.0000000000000000E+000
         713   0.0000000000000000E+000
         714   0.0000000000000000E+000
         715   0.0000000000000000E+000
         716   0.0000000000000000E+000
         717   0.0000000000000000E+000
         718   0.0000000000000000E+000
         719   0.0000000000000000E+000
         720   0.0000000000000000E+000
         721   0.0000000000000000E+000
         722   0.0000000000000000E+000
         723   0.0000000000000000E+000
         724   0.0000000000000000E+000
         725   0.0000000000000000E+000
         726   0.0000000000000000E+000
         727   0.0000000000000000E+000
         728   0.0000000000000000E+000
         729   0.0000000000000000E+000
         730   0.0000000000000000E+000
         731   0.0000000000000000E+000
         732   0.0000000000000000E+000
         733   0.0000000000000000E+000
         734   0.0000000000000000E+000
         735   0.0000000000000000E+000
         736   0.0000000000000000E+000
         737   0.0000000000000000E+000
         738   0.0000000000000000E+000
         739   0.0000000000000000E+000
         740   0.0000000000000000E+000
         741   0.0000000000000000E+000
         742   0.0000000000000000E+000
         743   0.0000000000000000E+000
         744   0.0000000000000000E+000
         745   0.0000000000000000E+000
         746   0.0000000000000000E+000
         747   0.0000000000000000E+000
         748   0.0000000000000000E+000
         749   0.0000000000000000E+000
         750   0.0000000000000000E+000
         751   0.0000000000000000E+000
         752   0.0000000000000000E+000
         753   0.0000000000000000E+000
         754   0.0000000000000000E+000
         755   0.0000000000000000E+000
         756   0.0000000000000000E+000
         757   0.0000000000000000E+000
         758   0.0000000000000000E+000
         759   0.0000000000000000E+000
         760   0.0000000000000000E+000
         761   0.0000000000000000E+000
         762   0.0000000000000000E+000
         763   0.0000000000000000E+000
         764   0.0000000000000000E+000
         765   0.0000000000000000E+000
         766   0.0000000000000000E+000
         767   0.0000000000000000E+000
         768   0.0000000000000000E+000
         769   0.0000000000000000E+000
         770   0.0000000000000000E+000
         771   0.0000000000000000E+000
         772   0.0000000000000000E+000
         773   0.0000000000000000E+000
         774   0.0000000000000000E+000
         775   0.0000000000000000E+000
         776   0.0000000000000000E+000
         777   0.0000000000000000E+000
         778   0.0000000000000000E+000
         779   0.0000000000000000E+000
         780   0.0000000000000000E+000
         781   0.0000000000000000E+000
         782   0.0000000000000000E+000
         783   0.0000000000000000E+000
         784   0.0000000000000000E+000
         785   0.0000000000000000E+000
         786   0.0000000000000000E+000
         787   0.0000000000000000E+000
         788   0.0000000000000000E+000
         789   0.0000000000000000E+000
         790   0.0000000000000000E+000
         791   0.0000000000000000E+000
         792   0.0000000000000000E+000
         793   0.0000000000000000E+000
         794   0.0000000000000000E+000
         795   0.0000000000000000E+000
         796   0.0000000000000000E+000
         797   0.0000000000000000E+000
         798   0.0000000000000000E+000
         799   0.0000000000000000E+000
         800   0.0000000000000000E+000
         801   0.0000000000000000E+000
         802   0.0000000000000000E+000
         803   0.0000000000000000E+000
         804   0.0000000000000000E+000
         805   0.0000000000000000E+000
         806   0.0000000000000000E+000
         807   0.0000000000000000E+000
         808   0.0000000000000000E+000
         809   0.0000000000000000E+000
         810   0.0000000000000000E+000
         811   0.0000000000000000E+000
         812   0.0000000000000000E+000
         813   0.0000000000000000E+000
         814   0.0000000000000000E+000
         815   0.0000000000000000E+000
         816   0.0000000000000000E+000
         817   0.0000000000000000E+000
         818   0.0000000000000000E+000
         819   0.0000000000000000E+000
         820   0.0000000000000000E+000
         821   0.0000000000000000E+000
         822   0.0000000000000000E+000
         823   0.0000000000000000E+000
         824   0.0000000000000000E+000
         825   0.0000000000000000E+000
         826   0.0000000000000000E+000
         827   0.0000000000000000E+000
         828   0.0000000000000000E+000
         829   0.0000000000000000E+000
         830   0.0000000000000000E+000
         831   0.0000000000000000E+000
         832   0.0000000000000000E+000
         833   0.0000000000000000E+000
         834   0.0000000000000000E+000
         835   0.0000000000000000E+000
         836   0.0000000000000000E+000
         837   0.0000000000000000E+000
         838   0.0000000000000000E+000
         839   0.0000000000000000E+000
         840   0.0000000000000000E+000
         841   0.0000000000000000E+000
         842   0.0000000000000000E+000
         843   0.0000000000000000E+000
         844   0.0000000000000000E+000
         845   0.0000000000000000E+000
         846   0.0000000000000000E+000
         847   0.0000000000000000E+000
         848   0.0000000000000000E+000
         849   0.0000000000000000E+000
         850   0.0000000000000000E+000
         851   0.0000000000000000E+000
         852   0.0000000000000000E+000
         853   0.0000000000000000E+000
         854   0.0000000000000000E+000
         855   0.0000000000000000E+000
         856   0.0000000000000000E+000
         857   0.0000000000000000E+000
         858   0.0000000000000000E+000
         859   0.0000000000000000E+000
         860   0.0000000000000000E+000
         861   0.0000000000000000E+000
         862   0.0000000000000000E+000
         863   0.0000000000000000E+000
         864   0.0000000000000000E+000
         865   0.0000000000000000E+000
         866   0.0000000000000000E+000
         867   0.0000000000000000E+000
         868   0.0000000000000000E+000
         869   0.0000000000000000E+000
         870   0.0000000000000000E+000
         871   0.0000000000000000E+000
         872   0.0000000000000000E+000
         873   0.0000000000000000E+000
         874   0.0000000000000000E+000
         875   0.0000000000000000E+000
         876   0.0000000000000000E+000
         877   0.0000000000000000E+000
         878   0.0000000000000000E+000
         879   0.0000000000000000E+000
         880   0.0000000000000000E+000
         881   0.0000000000000000E+000
         882   0.0000000000000000E+000
         883   0.0000000000000000E+000
         884   0.0000000000000000E+000
         885   0.0000000000000000E+000
         886   0.0000000000000000E+000
         887   0.0000000000000000E+000
         888   0.0000000000000000E+000
         889   0.0000000000000000E+000
         890   0.0000000000000000E+000
         891   0.0000000000000000E+000
         892   0.0000000000000000E+000
         893   0.0000000000000000E+000
         894   0.0000000000000000E+000
         895   0.0000000000000000E+000
         896   0.0000000000000000E+000
         897   0.0000000000000000E+000
         898   0.0000000000000000E+000
         899   0.0000000000000000E+000
         900   0.0000000000000000E+000
         901   0.0000000000000000E+000
         902   0.0000000000000000E+000
         903   0.0000000000000000E+000
         904   0.0000000000000000E+000
         905   0.0000000000000000E+000
         906   0.0000000000000000E+000
         907   0.0000000000000000E+000
         908   0.0000000000000000E+000
         909   0.0000000000000000E+000
         910   0.0000000000000000E+000
         911   0.0000000000000000E+000
         912   0.0000000000000000E+000
         913   0.0000000000000000E+000
         914   0.0000000000000000E+000
         915   0.0000000000000000E+000
         916   0.0000000000000000E+000
         917   0.0000000000000000E+000
         918   0.0000000000000000E+000
         919   0.0000000000000000E+000
         920   0.0000000000000000E+000
         921   0.0000000000000000E+000
         922   0.0000000000000000E+000
         923   0.0000000000000000E+000
         924   0.0000000000000000E+000
         925   0.0000000000000000E+000
         926   0.0000000000000000E+000
         927   0.0000000000000000E+000
         928   0.0000000000000000E+000
         929   0.0000000000000000E+000
         930   0.0000000000000000E+000
         931   0.0000000000000000E+000
         932   0.0000000000000000E+000
         933   0.0000000000000000E+000
         934   0.0000000000000000E+000
         935   0.0000000000000000E+000
         936   0.0000000000000000E+000
         937   0.0000000000000000E+000
         938   0.0000000000000000E+000
         939   0.0000000000000000E+000
         940   0.0000000000000000E+000
         941   0.0000000000000000E+000
         942   0.0000000000000000E+000
         943   0.0000000000000000E+000
         944   0.0000000000000000E+000
         945   0.0000000000000000E+000
         946   0.0000000000000000E+000
         947   0.0000000000000000E+000
         948   0.0000000000000000E+000
         949   0.0000000000000000E+000
         950   0.0000000000000000E+000
         951   0.0000000000000000E+000
         952   0.0000000000000000E+000
         953   0.0000000000000000E+000
         954   0.0000000000000000E+000
         955   0.0000000000000000E+000
         956   0.0000000000000000E+000
         957   0.0000000000000000E+000
         958   0.0000000000000000E+000
         959   0.0000000000000000E+000
         960   0.0000000000000000E+000
         961   0.0000000000000000E+000
         962   0.0000000000000000E+000
         963   0.0000000000000000E+000
         964   0.0000000000000000E+000
         965   0.0000000000000000E+000
         966   0.0000000000000000E+000
         967   0.0000000000000000E+000
         968   0.0000000000000000E+000
         969   0.0000000000000000E+000
         970   0.0000000000000000E+000
         971   0.0000000000000000E+000
         972   0.0000000000000000E+000
         973   0.0000000000000000E+000
         974   0.0000000000000000E+000
         975   0.0000000000000000E+000
         976   0.0000000000000000E+000
         977   0.0000000000000000E+000
         978   0.0000000000000000E+000
         979   0.0000000000000000E+000
         980   0.0000000000000000E+000
         981   0.0000000000000000E+000
         982   0.0000000000000000E+000
         983   0.0000000000000000E+000
         984   0.0000000000000000E+000
         985   0.0000000000000000E+000
         986   0.0000000000000000E+000
         987   0.0000000000000000E+000
         988   0.0000000000000000E+000
         989   0.0000000000000000E+000
         990   0.0000000000000000E+000
         991   0.0000000000000000E+000
         992   0.0000000000000000E+000
         993   0.0000000000000000E+000
         994   0.0000000000000000E+000
         995   0.0000000000000000E+000
         996   0.0000000000000000E+000
         997   0.0000000000000000E+000
         998   0.0000000000000000E+000
         999   0.0000000000000000E+000
        1000   0.0000000000000000E+000
