           1   0.0000000000000000E+000
           2   0.0000000000000000E+000
           3  0.62286563534203054     
           4   0.0000000000000000E+000
           5  0.22278304254375630     
           6   0.0000000000000000E+000
           7   0.0000000000000000E+000
           8  0.22994207952435380     
           9   8.5462405981569803E-002
          10   7.2818792017015119E-002
          11  0.17748881262281033     
          12  0.15772213342650726     
          13  0.22508313740875102     
          14  0.26243855014557393     
          15   9.7791500728234379E-002
          16  0.29439288534222563     
          17  0.20439653698564100     
          18  0.32851332074772316     
          19   4.3023270647894622E-002
          20  0.13229860268053417     
          21   5.1782475206225538E-002
          22  0.20241833987040680     
          23  0.17503395256183635     
          24  0.19821486964064863     
          25  0.20657489116655137     
          26  0.29381823017430775     
          27   6.3253046568630580E-002
          28  0.11638594451710287     
          29  0.22756044718746071     
          30  0.18728379170608739     
          31  0.14537074744250797     
          32  0.20276450967027215     
          33  0.15438963626843841     
          34   8.6581742424735195E-002
          35   8.1471995346233672E-002
          36  0.16053439622359320     
          37  0.14652877820768348     
          38  0.12338230503647753     
          39  0.12248370735449428     
          40  0.10227152037018715     
          41   9.2504142654093180E-002
          42  0.14914262521598184     
          43   8.7950043103058304E-002
          44  0.11636832200944798     
          45  0.13866380406665579     
          46  0.12893741396165684     
          47   4.9178622852457506E-002
          48   7.1142813359063126E-002
          49  0.10760043141106614     
          50  0.10600545070388219     
          51  0.12222151998554823     
          52   9.5620601428225149E-002
          53   6.9412287026369895E-002
          54   8.0227839039588411E-002
          55   7.4842449161851343E-002
          56   8.7471383827346316E-002
          57   4.8340328607544884E-002
          58   5.8310108774334415E-002
          59   6.7442761508718224E-002
          60   8.4718193790500163E-002
          61   9.2616258437070248E-002
          62   6.3133309702258195E-002
          63   8.0885373603557145E-002
          64   5.5420693856466731E-002
          65   8.7021187161059138E-002
          66   6.1170378334383921E-002
          67   8.8973513888189693E-002
          68   6.1017432747091913E-002
          69   8.0741952959104066E-002
          70   5.4358112545865617E-002
          71   7.3329131539502199E-002
          72   6.9578195753683791E-002
          73   6.3472005462705663E-002
          74   4.3013423749086732E-002
          75   5.0230405132461707E-002
          76   6.9364407262868480E-002
          77   4.7709619204549296E-002
          78   4.6490456744565777E-002
          79   6.6690684592418517E-002
          80   7.5043648536813667E-002
          81   5.0393760242247780E-002
          82   6.3181658442547986E-002
          83   4.3401871198828816E-002
          84   5.5759143818162639E-002
          85   5.5454530262751288E-002
          86   4.3636055857135800E-002
          87   4.7723679865482226E-002
          88   3.6502081821388033E-002
          89   5.2663669047144583E-002
          90   4.5654754548124045E-002
          91   3.3231261730211799E-002
          92   3.8183165224368015E-002
          93   5.0977565948833244E-002
          94   4.0940495652015033E-002
          95   4.0079983674077516E-002
          96   4.1065611103118439E-002
          97   3.4350341531888810E-002
          98   3.9374510091643264E-002
          99   2.1715961412895637E-002
         100   4.0182523090098114E-002
         101   2.6258610484019305E-002
         102   3.7034499531178128E-002
         103   3.8635668876436408E-002
         104   2.2611677740450378E-002
         105   3.6505801061488548E-002
         106   3.3752540320904384E-002
         107   3.5121574997933683E-002
         108   3.0433482641591656E-002
         109   2.5202005489905185E-002
         110   3.5175847696104753E-002
         111   2.8218188293782656E-002
         112   3.6468598974741480E-002
         113   2.7763748642630093E-002
         114   2.7320055233654234E-002
         115   2.1485970476009766E-002
         116   2.8182442440074233E-002
         117   2.7654403988322748E-002
         118   2.4336212076826673E-002
         119   2.2876346120563149E-002
         120   2.5746609918564919E-002
         121   2.3165421534410292E-002
         122   2.8613319159245715E-002
         123   2.4505928072235623E-002
         124   2.2582829363422464E-002
         125   1.7672089003563887E-002
         126   1.5925183141657261E-002
         127   1.7654644315485482E-002
         128   1.6870285082073565E-002
         129   1.8492281693284776E-002
         130   2.6146535136683524E-002
         131   1.9805620585668652E-002
         132   1.6313656676373318E-002
         133   2.0985112798609307E-002
         134   2.0668022379488272E-002
         135   1.3436826186901013E-002
         136   1.7518653621004666E-002
         137   1.8517173435042718E-002
         138   1.6170476011023754E-002
         139   1.6753237685968488E-002
         140   2.2578528676630877E-002
         141   1.2724593944801790E-002
         142   1.6445506535830996E-002
         143   1.0426745492077456E-002
         144   2.2469147780239337E-002
         145   1.6152782761698233E-002
         146   1.8565716715056094E-002
         147   1.5013607069609344E-002
         148   1.1188486803159012E-002
         149   1.5340525235743915E-002
         150   1.4411917215813043E-002
         151   1.2132326238201801E-002
         152   1.2302854667447408E-002
         153   1.4843297270988202E-002
         154   1.5328786883616078E-002
         155   1.2500787751438732E-002
         156   1.7563720409593399E-002
         157   1.5394121144536616E-002
         158   1.3306212189171487E-002
         159   1.2505963901010315E-002
         160   1.5751116330837270E-002
         161   1.1288904016027067E-002
         162   1.2054401264387143E-002
         163   1.1599281755973833E-002
         164   1.6456218685755558E-002
         165   1.1044797215285408E-002
         166   1.2612294607210224E-002
         167   1.2758679608300188E-002
         168   1.0657996157999956E-002
         169   1.3560647395044626E-002
         170   1.2876078588257551E-002
         171   8.6694806314623861E-003
         172   9.3509726144347070E-003
         173   7.9282635496427580E-003
         174   1.4120333448970075E-002
         175   1.2143326680547521E-002
         176   8.9324252874246248E-003
         177   1.0094152192888508E-002
         178   1.0982148489755881E-002
         179   1.1608420883455284E-002
         180   1.2941294015939053E-002
         181   8.4485613004374842E-003
         182   7.6464197907224899E-003
         183   1.0887378302199827E-002
         184   1.0050811693422418E-002
         185   8.0956428951450242E-003
         186   1.0979426387815414E-002
         187   8.3647686627560131E-003
         188   1.0303588472789945E-002
         189   6.8749707114058537E-003
         190   6.5827697345186816E-003
         191   8.0294812532635592E-003
         192   7.5152869245472612E-003
         193   1.0625085680715098E-002
         194   9.2599478603556246E-003
         195   8.9497422961846915E-003
         196   7.4176913302939195E-003
         197   9.3808124476368639E-003
         198   1.0498248184528901E-002
         199   6.0008445243394052E-003
         200   6.9224557477615576E-003
         201   8.4353593108530411E-003
         202   7.5680318955447289E-003
         203   7.8728323570506908E-003
         204   8.1815413318921636E-003
         205   7.1591907028971773E-003
         206   6.1619800579452363E-003
         207   7.2038014068705677E-003
         208   3.8452672203258109E-003
         209   6.3491835268114638E-003
         210   4.8517314331536429E-003
         211   5.3379882867425682E-003
         212   7.0532258620837791E-003
         213   4.7153177766656260E-003
         214   4.6678304323910713E-003
         215   7.1977291693520401E-003
         216   4.9235524249191852E-003
         217   6.2243141881003321E-003
         218   7.4948491769003698E-003
         219   4.7922526379442576E-003
         220   5.0736741071917947E-003
         221   5.1890888647980905E-003
         222   4.5003238575134219E-003
         223   3.9858247349071193E-003
         224   4.1060740816431032E-003
         225   4.0706406911862839E-003
         226   2.4834162739437891E-003
         227   3.6899778043612123E-003
         228   4.4206851531388295E-003
         229   4.6849734465092665E-003
         230   4.7903825524529247E-003
         231   4.6014092443760896E-003
         232   3.6806857280433634E-003
         233   3.5043996223027983E-003
         234   4.9157185301466890E-003
         235   3.7301217020072313E-003
         236   3.1298808174238728E-003
         237   3.5234433463305166E-003
         238   3.9185437431982859E-003
         239   4.1608892990133419E-003
         240   2.4761366306180373E-003
         241   2.7291442915340623E-003
         242   4.3303634878665018E-003
         243   3.8920626669634558E-003
         244   3.8590379417170963E-003
         245   3.9642228675260457E-003
         246   2.6199186786598563E-003
         247   2.8576838517732376E-003
         248   2.8359235267643476E-003
         249   2.3007398239403994E-003
         250   3.5525679202279272E-003
         251   3.2693688867430340E-003
         252   2.7474594622620098E-003
         253   1.3637859870944148E-003
         254   4.1794336660300260E-003
         255   2.6850281738094077E-003
         256   1.2089371172495532E-003
         257   1.6808106330312106E-003
         258   3.0949377739203539E-003
         259   2.2463290868776115E-003
         260   2.2299728967605883E-003
         261   2.0955092322692335E-003
         262   2.0780196462676839E-003
         263   1.3757773635612988E-003
         264   3.1860122348120372E-003
         265   1.3552322827750057E-003
         266   2.0163171462048313E-003
         267   2.3346059011479432E-003
         268   1.1036347682561679E-003
         269   2.1927682778130632E-003
         270   1.1963136904005862E-003
         271   1.6184204437586242E-003
         272   1.6074763364253397E-003
         273   1.4895704543002809E-003
         274   1.3712155191996098E-003
         275   1.6775123236309902E-003
         276   1.3516266857602588E-003
         277   1.9635151927812357E-003
         278   1.0257891091314789E-003
         279   1.0189196406456243E-003
         280   1.0113524730196767E-003
         281   1.6074084834069460E-003
         282   1.5961177453462216E-003
         283   2.2775330978571109E-003
         284   1.2771665240599258E-003
         285   1.4666680425599735E-003
         286   5.8234100886967366E-004
         287   1.4426098464276186E-003
         288   1.1486243645338671E-003
         289   8.5402971992388035E-004
         290   1.6033468091749693E-003
         291   1.5915638353087051E-003
         292   1.0237640259693106E-003
         293   8.3064026776743139E-004
         294   1.1937550131379353E-003
         295   1.7318589116688717E-003
         296   1.6292327569531907E-003
         297   8.1012240886893863E-004
         298   8.9355303887948020E-004
         299   7.0972219438744709E-004
         300   9.7038965123368687E-004
         301   1.2250361436643047E-003
         302   8.7015297438196098E-004
         303   5.1818102921695757E-004
         304   1.1165542928529937E-003
         305   6.8246966551257170E-004
         306   6.7775592103673878E-004
         307   1.0947045313081031E-003
         308   1.2542936361883614E-003
         309   5.8159403294159178E-004
         310   5.7768991254324208E-004
         311   9.0169357680096546E-004
         312   1.3033393845896168E-003
         313   1.0527929343209412E-003
         314   4.0206291670621014E-004
         315   5.5964626646894979E-004
         316   1.0324141865243434E-003
         317   6.3111983204494257E-004
         318   1.1774789791035676E-003
         319   8.5715987346337457E-004
         320   8.5141625735393690E-004
         321   6.1576889470095258E-004
         322   3.8228567116803820E-004
         323   3.8039124808877858E-004
         324   8.3204725538031893E-004
         325   4.5129023971093147E-004
         326   6.7166406170799167E-004
         327   5.1996851565017782E-004
         328   2.2127586795200421E-004
         329   5.1301929524238878E-004
         330   5.1046205676868095E-004
         331   7.2413484560883412E-004
         332   2.8785030772629489E-004
         333   6.4413281892386140E-004
         334   3.5566662299609875E-004
         335   3.5333147424047048E-004
         336   3.5168835463309281E-004
         337   2.0964584025589511E-004
         338   2.0834325103872965E-004
         339   8.2932140846266641E-004
         340   3.4320057998757895E-004
         341   5.4606306146115459E-004
         342   6.1035774028256567E-004
         343   6.7492736858029310E-004
         344   6.0286483214541480E-004
         345   6.0011002792302104E-004
         346   3.3141207425710909E-004
         347   3.2947329844204982E-004
         348   3.9345169090364160E-004
         349   3.2609878293058818E-004
         350   2.5876871476183109E-004
         351   5.1558449640493737E-004
         352   2.5617705787056252E-004
         353   4.4535341144387344E-004
         354   6.3493240674687790E-005
         355   1.8867432606304950E-004
         356   2.5059241407760202E-004
         357   2.4920360531022342E-004
         358   6.8092281160465071E-004
         359   2.4665056659240158E-004
         360   6.1067237452625166E-005
         361   4.8762299272538811E-004
         362   7.2686281312078196E-004
         363   1.8032825174104294E-004
         364   1.1953738293311087E-004
         365   4.1676670567605221E-004
         366   1.1847622675046581E-004
         367   5.9055889766229096E-005
         368   4.6884966508981956E-004
         369   5.8415747665210649E-005
         370   1.7366788474638267E-004
         371   0.0000000000000000E+000
         372   3.4387077466059964E-004
         373   2.2815155176279087E-004
         374   5.6672634313147366E-005
         375   0.0000000000000000E+000
         376   2.2439789926745468E-004
         377   3.3488581491126406E-004
         378   2.7746448350966704E-004
         379   5.5338427422290613E-005
         380   2.7513175585527807E-004
         381   2.1861212675914880E-004
         382   1.6319209267396054E-004
         383   0.0000000000000000E+000
         384   0.0000000000000000E+000
         385   1.0706533970235004E-004
         386   2.1279224922699674E-004
         387   1.0600190866711863E-004
         388   1.5841864539359101E-004
         389   2.0970273736824234E-004
         390   1.0424381287797076E-004
         391   1.5580428582640990E-004
         392   1.5493304639992806E-004
         393   2.0567735240533116E-004
         394   1.5344388775009228E-004
         395   2.0347737234188901E-004
         396   2.0274982095119042E-004
         397   1.0093619244302499E-004
         398   5.0122538128435481E-005
         399   4.9938835059379360E-005
         400   9.9207299195581248E-005
         401   1.4838268249411216E-004
         402   9.8095875106807347E-005
         403   9.7618062438086520E-005
         404   4.8738216117150129E-005
         405   1.4509450000668188E-004
         406   9.6255378616632274E-005
         407   4.7927268934860381E-005
         408   4.7744356042266202E-005
         409   1.4208621612340369E-004
         410   4.7242268164906418E-005
         411   1.4098122484009664E-004
         412   1.4019362764392323E-004
         413   1.3942955160182565E-004
         414   4.6276632107570600E-005
         415   4.6038665539071657E-005
         416   2.2957778683810291E-004
         417   2.7373561102310407E-004
         418   1.3642527732799471E-004
         419   1.8089447128805247E-004
         420   9.0019290317566055E-005
         421   8.9546947902755433E-005
         422   0.0000000000000000E+000
         423   8.8652242908719009E-005
         424   1.7679316862287539E-004
         425   8.7980781028118544E-005
         426   8.7390552400165651E-005
         427   1.3080170577399225E-004
         428   0.0000000000000000E+000
         429   0.0000000000000000E+000
         430   8.6062520763168852E-005
         431   0.0000000000000000E+000
         432   8.5083346582471705E-005
         433   4.2304007594110874E-005
         434   0.0000000000000000E+000
         435   1.6771212443644705E-004
         436   0.0000000000000000E+000
         437   1.6626470666019990E-004
         438   4.1394093034440060E-005
         439   0.0000000000000000E+000
         440   1.6416243819931435E-004
         441   1.6301252755711226E-004
         442   1.6258832089713617E-004
         443   0.0000000000000000E+000
         444   1.2107649866754950E-004
         445   4.0115508029894308E-005
         446   0.0000000000000000E+000
         447   7.9428681196534739E-005
         448   3.9511284377991019E-005
         449   1.1819872472821629E-004
         450   1.1744255155777676E-004
         451   7.8080824859472905E-005
         452   0.0000000000000000E+000
         453   0.0000000000000000E+000
         454   1.1560744379735308E-004
         455   0.0000000000000000E+000
         456   3.8154190435071691E-005
         457   3.8102655594835420E-005
         458   0.0000000000000000E+000
         459   7.5318865675212611E-005
         460   7.4993756193792065E-005
         461   0.0000000000000000E+000
         462   0.0000000000000000E+000
         463   3.7118353774102284E-005
         464   1.1077350396694892E-004
         465   3.6744964218350568E-005
         466   3.6567202817199529E-005
         467   0.0000000000000000E+000
         468   1.0879607661844636E-004
         469   1.0833413001163017E-004
         470   0.0000000000000000E+000
         471   0.0000000000000000E+000
         472   3.5645767986558377E-004
         473   0.0000000000000000E+000
         474   1.0591032887418133E-004
         475   3.5165499406907734E-005
         476   3.4985897606987928E-005
         477   0.0000000000000000E+000
         478   6.9574459264637220E-005
         479   0.0000000000000000E+000
         480   0.0000000000000000E+000
         481   3.4260961558614362E-005
         482   0.0000000000000000E+000
         483   0.0000000000000000E+000
         484   3.3960996803411738E-005
         485   0.0000000000000000E+000
         486   1.6824472192227113E-004
         487   0.0000000000000000E+000
         488   0.0000000000000000E+000
         489   0.0000000000000000E+000
         490   3.3054199936564123E-005
         491   6.5794959949620608E-005
         492   0.0000000000000000E+000
         493   0.0000000000000000E+000
         494   0.0000000000000000E+000
         495   3.2425039101382595E-005
         496   9.6790155508040039E-005
         497   3.2201877490398755E-005
         498   6.4167620874762380E-005
         499   0.0000000000000000E+000
         500   0.0000000000000000E+000
         501   0.0000000000000000E+000
         502   1.5742937070877398E-004
         503   3.1374574728312449E-005
         504   3.1269449371982383E-005
         505   3.1141457096519563E-005
         506   0.0000000000000000E+000
         507   3.0904927101602852E-005
         508   0.0000000000000000E+000
         509   0.0000000000000000E+000
         510   0.0000000000000000E+000
         511   0.0000000000000000E+000
         512   3.0354488607412405E-005
         513   0.0000000000000000E+000
         514   0.0000000000000000E+000
         515   0.0000000000000000E+000
         516   0.0000000000000000E+000
         517   0.0000000000000000E+000
         518   0.0000000000000000E+000
         519   0.0000000000000000E+000
         520   2.9372184382322066E-005
         521   0.0000000000000000E+000
         522   0.0000000000000000E+000
         523   0.0000000000000000E+000
         524   2.8916640337331813E-005
         525   2.8785816784775953E-005
         526   0.0000000000000000E+000
         527   2.8555366741451800E-005
         528   0.0000000000000000E+000
         529   0.0000000000000000E+000
         530   0.0000000000000000E+000
         531   0.0000000000000000E+000
         532   0.0000000000000000E+000
         533   0.0000000000000000E+000
         534   0.0000000000000000E+000
         535   0.0000000000000000E+000
         536   0.0000000000000000E+000
         537   0.0000000000000000E+000
         538   0.0000000000000000E+000
         539   0.0000000000000000E+000
         540   0.0000000000000000E+000
         541   0.0000000000000000E+000
         542   0.0000000000000000E+000
         543   0.0000000000000000E+000
         544   0.0000000000000000E+000
         545   0.0000000000000000E+000
         546   0.0000000000000000E+000
         547   0.0000000000000000E+000
         548   0.0000000000000000E+000
         549   0.0000000000000000E+000
         550   0.0000000000000000E+000
         551   0.0000000000000000E+000
         552   0.0000000000000000E+000
         553   0.0000000000000000E+000
         554   0.0000000000000000E+000
         555   0.0000000000000000E+000
         556   0.0000000000000000E+000
         557   0.0000000000000000E+000
         558   0.0000000000000000E+000
         559   0.0000000000000000E+000
         560   0.0000000000000000E+000
         561   0.0000000000000000E+000
         562   0.0000000000000000E+000
         563   0.0000000000000000E+000
         564   0.0000000000000000E+000
         565   0.0000000000000000E+000
         566   0.0000000000000000E+000
         567   0.0000000000000000E+000
         568   0.0000000000000000E+000
         569   0.0000000000000000E+000
         570   0.0000000000000000E+000
         571   0.0000000000000000E+000
         572   0.0000000000000000E+000
         573   0.0000000000000000E+000
         574   0.0000000000000000E+000
         575   0.0000000000000000E+000
         576   0.0000000000000000E+000
         577   0.0000000000000000E+000
         578   0.0000000000000000E+000
         579   0.0000000000000000E+000
         580   0.0000000000000000E+000
         581   0.0000000000000000E+000
         582   0.0000000000000000E+000
         583   0.0000000000000000E+000
         584   0.0000000000000000E+000
         585   0.0000000000000000E+000
         586   0.0000000000000000E+000
         587   0.0000000000000000E+000
         588   0.0000000000000000E+000
         589   0.0000000000000000E+000
         590   0.0000000000000000E+000
         591   0.0000000000000000E+000
         592   0.0000000000000000E+000
         593   0.0000000000000000E+000
         594   0.0000000000000000E+000
         595   0.0000000000000000E+000
         596   0.0000000000000000E+000
         597   0.0000000000000000E+000
         598   0.0000000000000000E+000
         599   0.0000000000000000E+000
         600   0.0000000000000000E+000
         601   0.0000000000000000E+000
         602   0.0000000000000000E+000
         603   0.0000000000000000E+000
         604   0.0000000000000000E+000
         605   0.0000000000000000E+000
         606   0.0000000000000000E+000
         607   0.0000000000000000E+000
         608   0.0000000000000000E+000
         609   0.0000000000000000E+000
         610   0.0000000000000000E+000
         611   0.0000000000000000E+000
         612   0.0000000000000000E+000
         613   0.0000000000000000E+000
         614   0.0000000000000000E+000
         615   0.0000000000000000E+000
         616   0.0000000000000000E+000
         617   0.0000000000000000E+000
         618   0.0000000000000000E+000
         619   0.0000000000000000E+000
         620   0.0000000000000000E+000
         621   0.0000000000000000E+000
         622   0.0000000000000000E+000
         623   0.0000000000000000E+000
         624   0.0000000000000000E+000
         625   0.0000000000000000E+000
         626   0.0000000000000000E+000
         627   0.0000000000000000E+000
         628   0.0000000000000000E+000
         629   0.0000000000000000E+000
         630   0.0000000000000000E+000
         631   0.0000000000000000E+000
         632   0.0000000000000000E+000
         633   0.0000000000000000E+000
         634   0.0000000000000000E+000
         635   0.0000000000000000E+000
         636   0.0000000000000000E+000
         637   0.0000000000000000E+000
         638   0.0000000000000000E+000
         639   0.0000000000000000E+000
         640   0.0000000000000000E+000
         641   0.0000000000000000E+000
         642   0.0000000000000000E+000
         643   0.0000000000000000E+000
         644   0.0000000000000000E+000
         645   0.0000000000000000E+000
         646   0.0000000000000000E+000
         647   0.0000000000000000E+000
         648   0.0000000000000000E+000
         649   0.0000000000000000E+000
         650   0.0000000000000000E+000
         651   0.0000000000000000E+000
         652   0.0000000000000000E+000
         653   0.0000000000000000E+000
         654   0.0000000000000000E+000
         655   0.0000000000000000E+000
         656   0.0000000000000000E+000
         657   0.0000000000000000E+000
         658   0.0000000000000000E+000
         659   0.0000000000000000E+000
         660   0.0000000000000000E+000
         661   0.0000000000000000E+000
         662   0.0000000000000000E+000
         663   0.0000000000000000E+000
         664   0.0000000000000000E+000
         665   0.0000000000000000E+000
         666   0.0000000000000000E+000
         667   0.0000000000000000E+000
         668   0.0000000000000000E+000
         669   0.0000000000000000E+000
         670   0.0000000000000000E+000
         671   0.0000000000000000E+000
         672   0.0000000000000000E+000
         673   0.0000000000000000E+000
         674   0.0000000000000000E+000
         675   0.0000000000000000E+000
         676   0.0000000000000000E+000
         677   0.0000000000000000E+000
         678   0.0000000000000000E+000
         679   0.0000000000000000E+000
         680   0.0000000000000000E+000
         681   0.0000000000000000E+000
         682   0.0000000000000000E+000
         683   0.0000000000000000E+000
         684   0.0000000000000000E+000
         685   0.0000000000000000E+000
         686   0.0000000000000000E+000
         687   0.0000000000000000E+000
         688   0.0000000000000000E+000
         689   0.0000000000000000E+000
         690   0.0000000000000000E+000
         691   0.0000000000000000E+000
         692   0.0000000000000000E+000
         693   0.0000000000000000E+000
         694   0.0000000000000000E+000
         695   0.0000000000000000E+000
         696   0.0000000000000000E+000
         697   0.0000000000000000E+000
         698   0.0000000000000000E+000
         699   0.0000000000000000E+000
         700   0.0000000000000000E+000
         701   0.0000000000000000E+000
         702   0.0000000000000000E+000
         703   0.0000000000000000E+000
         704   0.0000000000000000E+000
         705   0.0000000000000000E+000
         706   0.0000000000000000E+000
         707   0.0000000000000000E+000
         708   0.0000000000000000E+000
         709   0.0000000000000000E+000
         710   0.0000000000000000E+000
         711   0.0000000000000000E+000
         712   0.0000000000000000E+000
         713   0.0000000000000000E+000
         714   0.0000000000000000E+000
         715   0.0000000000000000E+000
         716   0.0000000000000000E+000
         717   0.0000000000000000E+000
         718   0.0000000000000000E+000
         719   0.0000000000000000E+000
         720   0.0000000000000000E+000
         721   0.0000000000000000E+000
         722   0.0000000000000000E+000
         723   0.0000000000000000E+000
         724   0.0000000000000000E+000
         725   0.0000000000000000E+000
         726   0.0000000000000000E+000
         727   0.0000000000000000E+000
         728   0.0000000000000000E+000
         729   0.0000000000000000E+000
         730   0.0000000000000000E+000
         731   0.0000000000000000E+000
         732   0.0000000000000000E+000
         733   0.0000000000000000E+000
         734   0.0000000000000000E+000
         735   0.0000000000000000E+000
         736   0.0000000000000000E+000
         737   0.0000000000000000E+000
         738   0.0000000000000000E+000
         739   0.0000000000000000E+000
         740   0.0000000000000000E+000
         741   0.0000000000000000E+000
         742   0.0000000000000000E+000
         743   0.0000000000000000E+000
         744   0.0000000000000000E+000
         745   0.0000000000000000E+000
         746   0.0000000000000000E+000
         747   0.0000000000000000E+000
         748   0.0000000000000000E+000
         749   0.0000000000000000E+000
         750   0.0000000000000000E+000
         751   0.0000000000000000E+000
         752   0.0000000000000000E+000
         753   0.0000000000000000E+000
         754   0.0000000000000000E+000
         755   0.0000000000000000E+000
         756   0.0000000000000000E+000
         757   0.0000000000000000E+000
         758   0.0000000000000000E+000
         759   0.0000000000000000E+000
         760   0.0000000000000000E+000
         761   0.0000000000000000E+000
         762   0.0000000000000000E+000
         763   0.0000000000000000E+000
         764   0.0000000000000000E+000
         765   0.0000000000000000E+000
         766   0.0000000000000000E+000
         767   0.0000000000000000E+000
         768   0.0000000000000000E+000
         769   0.0000000000000000E+000
         770   0.0000000000000000E+000
         771   0.0000000000000000E+000
         772   0.0000000000000000E+000
         773   0.0000000000000000E+000
         774   0.0000000000000000E+000
         775   0.0000000000000000E+000
         776   0.0000000000000000E+000
         777   0.0000000000000000E+000
         778   0.0000000000000000E+000
         779   0.0000000000000000E+000
         780   0.0000000000000000E+000
         781   0.0000000000000000E+000
         782   0.0000000000000000E+000
         783   0.0000000000000000E+000
         784   0.0000000000000000E+000
         785   0.0000000000000000E+000
         786   0.0000000000000000E+000
         787   0.0000000000000000E+000
         788   0.0000000000000000E+000
         789   0.0000000000000000E+000
         790   0.0000000000000000E+000
         791   0.0000000000000000E+000
         792   0.0000000000000000E+000
         793   0.0000000000000000E+000
         794   0.0000000000000000E+000
         795   0.0000000000000000E+000
         796   0.0000000000000000E+000
         797   0.0000000000000000E+000
         798   0.0000000000000000E+000
         799   0.0000000000000000E+000
         800   0.0000000000000000E+000
         801   0.0000000000000000E+000
         802   0.0000000000000000E+000
         803   0.0000000000000000E+000
         804   0.0000000000000000E+000
         805   0.0000000000000000E+000
         806   0.0000000000000000E+000
         807   0.0000000000000000E+000
         808   0.0000000000000000E+000
         809   0.0000000000000000E+000
         810   0.0000000000000000E+000
         811   0.0000000000000000E+000
         812   0.0000000000000000E+000
         813   0.0000000000000000E+000
         814   0.0000000000000000E+000
         815   0.0000000000000000E+000
         816   0.0000000000000000E+000
         817   0.0000000000000000E+000
         818   0.0000000000000000E+000
         819   0.0000000000000000E+000
         820   0.0000000000000000E+000
         821   0.0000000000000000E+000
         822   0.0000000000000000E+000
         823   0.0000000000000000E+000
         824   0.0000000000000000E+000
         825   0.0000000000000000E+000
         826   0.0000000000000000E+000
         827   0.0000000000000000E+000
         828   0.0000000000000000E+000
         829   0.0000000000000000E+000
         830   0.0000000000000000E+000
         831   0.0000000000000000E+000
         832   0.0000000000000000E+000
         833   0.0000000000000000E+000
         834   0.0000000000000000E+000
         835   0.0000000000000000E+000
         836   0.0000000000000000E+000
         837   0.0000000000000000E+000
         838   0.0000000000000000E+000
         839   0.0000000000000000E+000
         840   0.0000000000000000E+000
         841   0.0000000000000000E+000
         842   0.0000000000000000E+000
         843   0.0000000000000000E+000
         844   0.0000000000000000E+000
         845   0.0000000000000000E+000
         846   0.0000000000000000E+000
         847   0.0000000000000000E+000
         848   0.0000000000000000E+000
         849   0.0000000000000000E+000
         850   0.0000000000000000E+000
         851   0.0000000000000000E+000
         852   0.0000000000000000E+000
         853   0.0000000000000000E+000
         854   0.0000000000000000E+000
         855   0.0000000000000000E+000
         856   0.0000000000000000E+000
         857   0.0000000000000000E+000
         858   0.0000000000000000E+000
         859   0.0000000000000000E+000
         860   0.0000000000000000E+000
         861   0.0000000000000000E+000
         862   0.0000000000000000E+000
         863   0.0000000000000000E+000
         864   0.0000000000000000E+000
         865   0.0000000000000000E+000
         866   0.0000000000000000E+000
         867   0.0000000000000000E+000
         868   0.0000000000000000E+000
         869   0.0000000000000000E+000
         870   0.0000000000000000E+000
         871   0.0000000000000000E+000
         872   0.0000000000000000E+000
         873   0.0000000000000000E+000
         874   0.0000000000000000E+000
         875   0.0000000000000000E+000
         876   0.0000000000000000E+000
         877   0.0000000000000000E+000
         878   0.0000000000000000E+000
         879   0.0000000000000000E+000
         880   0.0000000000000000E+000
         881   0.0000000000000000E+000
         882   0.0000000000000000E+000
         883   0.0000000000000000E+000
         884   0.0000000000000000E+000
         885   0.0000000000000000E+000
         886   0.0000000000000000E+000
         887   0.0000000000000000E+000
         888   0.0000000000000000E+000
         889   0.0000000000000000E+000
         890   0.0000000000000000E+000
         891   0.0000000000000000E+000
         892   0.0000000000000000E+000
         893   0.0000000000000000E+000
         894   0.0000000000000000E+000
         895   0.0000000000000000E+000
         896   0.0000000000000000E+000
         897   0.0000000000000000E+000
         898   0.0000000000000000E+000
         899   0.0000000000000000E+000
         900   0.0000000000000000E+000
         901   0.0000000000000000E+000
         902   0.0000000000000000E+000
         903   0.0000000000000000E+000
         904   0.0000000000000000E+000
         905   0.0000000000000000E+000
         906   0.0000000000000000E+000
         907   0.0000000000000000E+000
         908   0.0000000000000000E+000
         909   0.0000000000000000E+000
         910   0.0000000000000000E+000
         911   0.0000000000000000E+000
         912   0.0000000000000000E+000
         913   0.0000000000000000E+000
         914   0.0000000000000000E+000
         915   0.0000000000000000E+000
         916   0.0000000000000000E+000
         917   0.0000000000000000E+000
         918   0.0000000000000000E+000
         919   0.0000000000000000E+000
         920   0.0000000000000000E+000
         921   0.0000000000000000E+000
         922   0.0000000000000000E+000
         923   0.0000000000000000E+000
         924   0.0000000000000000E+000
         925   0.0000000000000000E+000
         926   0.0000000000000000E+000
         927   0.0000000000000000E+000
         928   0.0000000000000000E+000
         929   0.0000000000000000E+000
         930   0.0000000000000000E+000
         931   0.0000000000000000E+000
         932   0.0000000000000000E+000
         933   0.0000000000000000E+000
         934   0.0000000000000000E+000
         935   0.0000000000000000E+000
         936   0.0000000000000000E+000
         937   0.0000000000000000E+000
         938   0.0000000000000000E+000
         939   0.0000000000000000E+000
         940   0.0000000000000000E+000
         941   0.0000000000000000E+000
         942   0.0000000000000000E+000
         943   0.0000000000000000E+000
         944   0.0000000000000000E+000
         945   0.0000000000000000E+000
         946   0.0000000000000000E+000
         947   0.0000000000000000E+000
         948   0.0000000000000000E+000
         949   0.0000000000000000E+000
         950   0.0000000000000000E+000
         951   0.0000000000000000E+000
         952   0.0000000000000000E+000
         953   0.0000000000000000E+000
         954   0.0000000000000000E+000
         955   0.0000000000000000E+000
         956   0.0000000000000000E+000
         957   0.0000000000000000E+000
         958   0.0000000000000000E+000
         959   0.0000000000000000E+000
         960   0.0000000000000000E+000
         961   0.0000000000000000E+000
         962   0.0000000000000000E+000
         963   0.0000000000000000E+000
         964   0.0000000000000000E+000
         965   0.0000000000000000E+000
         966   0.0000000000000000E+000
         967   0.0000000000000000E+000
         968   0.0000000000000000E+000
         969   0.0000000000000000E+000
         970   0.0000000000000000E+000
         971   0.0000000000000000E+000
         972   0.0000000000000000E+000
         973   0.0000000000000000E+000
         974   0.0000000000000000E+000
         975   0.0000000000000000E+000
         976   0.0000000000000000E+000
         977   0.0000000000000000E+000
         978   0.0000000000000000E+000
         979   0.0000000000000000E+000
         980   0.0000000000000000E+000
         981   0.0000000000000000E+000
         982   0.0000000000000000E+000
         983   0.0000000000000000E+000
         984   0.0000000000000000E+000
         985   0.0000000000000000E+000
         986   0.0000000000000000E+000
         987   0.0000000000000000E+000
         988   0.0000000000000000E+000
         989   0.0000000000000000E+000
         990   0.0000000000000000E+000
         991   0.0000000000000000E+000
         992   0.0000000000000000E+000
         993   0.0000000000000000E+000
         994   0.0000000000000000E+000
         995   0.0000000000000000E+000
         996   0.0000000000000000E+000
         997   0.0000000000000000E+000
         998   0.0000000000000000E+000
         999   0.0000000000000000E+000
        1000   0.0000000000000000E+000
